# Wed 13:20:10 01-Aug-2007
begin	ecidentify refCalib_UVES_860_l_1074x2048
	id	refCalib_UVES_860_l_1074x2048
	task	ecidentify
	image	refCalib_UVES_860_l_1074x2048
	units	angstroms
	features	7
		  5    5    77.17  191.347046     9757.22   4.0  1  1
		  5    5   269.77  576.534363    9746.469   4.0  1  1
		  5    5   315.18  667.365417    9743.562   4.0  1  1
		  5    5   678.24  1393.48816    9718.492   4.0  1  1
		  5    5   710.42  1457.83313    9716.142   4.0  1  1
		  5    5   986.99  2010.98621    9695.931   4.0  1  1
		  5    5  1881.26  3799.52002    9616.218   4.0  1  1
	slope	0

# Wed 13:24:43 01-Aug-2007
begin	ecidentify refCalib_UVES_860_l_1074x2048
	id	refCalib_UVES_860_l_1074x2048
	task	ecidentify
	image	refCalib_UVES_860_l_1074x2048
	units	angstroms
	features	6
		  5    5    77.17  191.347046  9757.21959   4.0  1  1
		  5    5   269.77  576.534424  9746.46279   4.0  1  1
		  5    5   315.18  667.365601  9743.56136   4.0  1  1
		  5    5   678.24  1393.48816  9718.49209   4.0  1  1
		  5    5  1819.83  3676.65063  9625.19833   4.0  1  1
		  5    5  1881.26  3799.52026    9616.218   4.0  1  1
	slope	0

# Wed 13:27:45 01-Aug-2007
begin	ecidentify refCalib_UVES_860_l_1074x2048
	id	refCalib_UVES_860_l_1074x2048
	task	ecidentify
	image	refCalib_UVES_860_l_1074x2048
	units	angstroms
	features	12
		  3    3   646.04  1329.08191   10039.364   4.0  1  1
		  3    3  1296.84  2630.68726  9987.63508   4.0  1  1
		  3    3  1327.07  2691.14868  9985.04993   4.0  1  1
		  3    3  1795.62  3628.24243  9943.06465   4.0  1  1
		  4    4    74.04  185.079712  9916.12018   4.0  1  1
		  4    4  1646.86  3330.72314  9796.20016   4.0  1  1
		  5    5    77.17  191.347046  9757.21959   4.0  1  1
		  5    5   269.77  576.534424  9746.46279   4.0  1  1
		  5    5   315.18  667.365601  9743.56136   4.0  1  1
		  5    5   678.24  1393.48816  9718.49209   4.0  1  1
		  5    5  1819.83  3676.65063  9625.19833   4.0  1  1
		  5    5  1881.26  3799.52026    9616.218   4.0  1  1
	slope	0

# Wed 13:29:20 01-Aug-2007
begin	ecidentify refCalib_UVES_860_l_1074x2048
	id	refCalib_UVES_860_l_1074x2048
	task	ecidentify
	image	refCalib_UVES_860_l_1074x2048
	units	angstroms
	features	15
		  2    2  1005.62  2048.23047  10178.5191   4.0  1  1
		  2    2  1048.90  2134.80933  10175.0079   4.0  1  1
		  2    2  1528.33  3093.66431  10133.5661   4.0  1  1
		  3    3   646.04  1329.08191   10039.364   4.0  1  1
		  3    3  1296.84  2630.68726  9987.63508   4.0  1  1
		  3    3  1327.07  2691.14868  9985.04993   4.0  1  1
		  3    3  1795.62  3628.24243  9943.06465   4.0  1  1
		  4    4    74.04  185.079712  9916.12018   4.0  1  1
		  4    4  1646.86  3330.72314  9796.20016   4.0  1  1
		  5    5    77.17  191.347046  9757.21959   4.0  1  1
		  5    5   269.77  576.534424  9746.46279   4.0  1  1
		  5    5   315.18  667.365601  9743.56136   4.0  1  1
		  5    5   678.24  1393.48816  9718.49209   4.0  1  1
		  5    5  1819.83  3676.65063  9625.19833   4.0  1  1
		  5    5  1881.26  3799.52026    9616.218   4.0  1  1
	slope	0

# Wed 13:33:09 01-Aug-2007
begin	ecidentify refCalib_UVES_860_l_1074x2048
	id	refCalib_UVES_860_l_1074x2048
	task	ecidentify
	image	refCalib_UVES_860_l_1074x2048
	units	angstroms
	features	23
		  1    1  1757.60  3552.19678  10283.1161   4.0  1  1
		  2    2  1005.62  2048.23047  10178.5191   4.0  1  1
		  2    2  1048.90  2134.80933  10175.0079   4.0  1  1
		  2    2  1528.33  3093.66431  10133.5661   4.0  1  1
		  3    3   646.04  1329.08191   10039.364   4.0  1  1
		  3    3  1296.84  2630.68726  9987.63508   4.0  1  1
		  3    3  1327.07  2691.14868  9985.04993   4.0  1  1
		  3    3  1795.62  3628.24243  9943.06465   4.0  1  1
		  4    4    74.04  185.079712  9916.12018   4.0  1  1
		  4    4  1646.86  3330.72314  9796.20016   4.0  1  1
		  5    5    77.17  191.347046  9757.21959   4.0  1  1
		  5    5   269.77  576.534424  9746.46279   4.0  1  1
		  5    5   315.18  667.365601  9743.56136   4.0  1  1
		  5    5   678.24  1393.48816  9718.49209   4.0  1  1
		  5    5  1819.83  3676.65063  9625.19833   4.0  1  1
		  5    5  1881.26  3799.52026    9616.218   4.0  1  1
		  7    7   132.25  301.492096  9455.20224   4.0  1  1
		  7    7   501.94  1040.88257  9431.59954   4.0  1  1
		  7    7   821.48  1679.95984  9409.34875   4.0  1  1
		  7    7  1073.87  2184.73486  9390.58512   4.0  1  1
		  7    7  1095.34    2227.677  9388.93073   4.0  1  1
		  7    7  1168.47  2373.94971    9983.272   4.0  1  1
		  7    7  1686.87  3410.74268   9340.7052   4.0  1  1
	slope	0

# Wed 13:35:27 01-Aug-2007
begin	ecidentify refCalib_UVES_860_l_1074x2048
	id	refCalib_UVES_860_l_1074x2048
	task	ecidentify
	image	refCalib_UVES_860_l_1074x2048
	units	angstroms
	features	30
		  1    1  1757.60  3552.19678  10283.1161   4.0  1  1
		  2    2  1005.62  2048.23047  10178.5191   4.0  1  1
		  2    2  1048.90  2134.80933  10175.0079   4.0  1  1
		  2    2  1528.33  3093.66431  10133.5661   4.0  1  1
		  3    3   646.04  1329.08191   10039.364   4.0  1  1
		  3    3  1296.84  2630.68726  9987.63508   4.0  1  1
		  3    3  1327.07  2691.14868  9985.04993   4.0  1  1
		  3    3  1795.62  3628.24243  9943.06465   4.0  1  1
		  4    4    74.04  185.079712  9916.12018   4.0  1  1
		  4    4  1646.86  3330.72314  9796.20016   4.0  1  1
		  5    5    77.17  191.347046  9757.21959   4.0  1  1
		  5    5   269.77  576.534424  9746.46279   4.0  1  1
		  5    5   315.18  667.365601  9743.56136   4.0  1  1
		  5    5   678.24  1393.48816  9718.49209   4.0  1  1
		  5    5  1819.83  3676.65063  9625.19833   4.0  1  1
		  5    5  1881.26  3799.52026    9616.218   4.0  1  1
		  7    7   132.25  301.492096  9455.20224   4.0  1  1
		  7    7   501.94  1040.88257  9431.59954   4.0  1  1
		  7    7   821.48  1679.95984  9409.34875   4.0  1  1
		  7    7  1073.87  2184.73486  9390.58512   4.0  1  1
		  7    7  1095.34    2227.677  9388.93073   4.0  1  1
		  7    7  1168.47  2373.94971    9983.272   4.0  1  1
		  7    7  1686.87  3410.74268   9340.7052   4.0  1  1
		  8    8    34.81  106.614342  9317.72954   4.0  1  1
		  8    8   200.11  437.225311  9307.89553   4.0  1  1
		  8    8   406.08  849.167419  9294.97397   4.0  1  1
		  8    8   489.42  1015.84955  9289.56235   4.0  1  1
		  8    8   759.84  1556.68982   9271.1801   4.0  1  1
		  8    8   774.62  1586.24731  9270.15002   4.0  1  1
		  8    8  1486.06  3009.12622  9215.91962   4.0  1  1
	slope	0

# Wed 13:37:28 01-Aug-2007
begin	ecidentify refCalib_UVES_860_l_1074x2048
	id	refCalib_UVES_860_l_1074x2048
	task	ecidentify
	image	refCalib_UVES_860_l_1074x2048
	units	angstroms
	features	37
		  1    1  1757.60  3552.19678  10283.1161   4.0  1  1
		  2    2  1005.62  2048.23047  10178.5191   4.0  1  1
		  2    2  1048.90  2134.80933  10175.0079   4.0  1  1
		  2    2  1528.33  3093.66431  10133.5661   4.0  1  1
		  3    3   646.04  1329.08191   10039.364   4.0  1  1
		  3    3  1296.84  2630.68726  9987.63508   4.0  1  1
		  3    3  1327.07  2691.14868  9985.04993   4.0  1  1
		  3    3  1795.62  3628.24243  9943.06465   4.0  1  1
		  4    4    74.04  185.079712  9916.12018   4.0  1  1
		  4    4  1646.86  3330.72314  9796.20016   4.0  1  1
		  5    5    77.17  191.347046  9757.21959   4.0  1  1
		  5    5   269.77  576.534424  9746.46279   4.0  1  1
		  5    5   315.18  667.365601  9743.56136   4.0  1  1
		  5    5   678.24  1393.48816  9718.49209   4.0  1  1
		  5    5  1819.83  3676.65063  9625.19833   4.0  1  1
		  5    5  1881.26  3799.52026    9616.218   4.0  1  1
		  7    7   132.25  301.492096  9455.20224   4.0  1  1
		  7    7   501.94  1040.88257  9431.59954   4.0  1  1
		  7    7   821.48  1679.95984  9409.34875   4.0  1  1
		  7    7  1073.87  2184.73486  9390.58512   4.0  1  1
		  7    7  1095.34    2227.677  9388.93073   4.0  1  1
		  7    7  1168.47  2373.94971    9983.272   4.0  1  1
		  7    7  1686.87  3410.74268   9340.7052   4.0  1  1
		  8    8    34.81  106.614342  9317.72954   4.0  1  1
		  8    8   200.11  437.225311  9307.89553   4.0  1  1
		  8    8   406.08  849.167419  9294.97397   4.0  1  1
		  8    8   489.42  1015.84955  9289.56235   4.0  1  1
		  8    8   759.84  1556.68982   9271.1801   4.0  1  1
		  8    8   774.62  1586.24731  9270.15002   4.0  1  1
		  8    8  1486.06  3009.12622  9215.91962   4.0  1  1
		  9    9    32.85   102.70121  9178.77947   4.0  1  1
		  9    9   169.76   376.51297  9170.82195   4.0  1  1
		  9    9   219.61  476.210175  9167.79495   4.0  1  1
		  9    9   251.85  540.708282  9165.89499   4.0  1  1
		  9    9   647.05  1331.10461  9140.55588   4.0  1  1
		  9    9  1197.23  2431.45728  9101.08256   4.0  1  1
		  9    9  1880.69  3798.38281  9045.35316   4.0  1  1
	slope	0

# Wed 13:39:06 01-Aug-2007
begin	ecidentify refCalib_UVES_860_l_1074x2048
	id	refCalib_UVES_860_l_1074x2048
	task	ecidentify
	image	refCalib_UVES_860_l_1074x2048
	units	angstroms
	features	42
		  1    1  1757.60  3552.19678  10283.1161   4.0  1  1
		  2    2  1005.62  2048.23047  10178.5191   4.0  1  1
		  2    2  1048.90  2134.80933  10175.0079   4.0  1  1
		  2    2  1528.33  3093.66431  10133.5661   4.0  1  1
		  3    3   646.04  1329.08191   10039.364   4.0  1  1
		  3    3  1296.84  2630.68726  9987.63508   4.0  1  1
		  3    3  1327.07  2691.14868  9985.04993   4.0  1  1
		  3    3  1795.62  3628.24243  9943.06465   4.0  1  1
		  4    4    74.04  185.079712  9916.12018   4.0  1  1
		  4    4  1646.86  3330.72314  9796.20016   4.0  1  1
		  5    5    77.17  191.347046  9757.21959   4.0  1  1
		  5    5   269.77  576.534424  9746.46279   4.0  1  1
		  5    5   315.18  667.365601  9743.56136   4.0  1  1
		  5    5   678.24  1393.48816  9718.49209   4.0  1  1
		  5    5  1819.83  3676.65063  9625.19833   4.0  1  1
		  5    5  1881.26  3799.52026    9616.218   4.0  1  1
		  7    7   132.25  301.492096  9455.20224   4.0  1  1
		  7    7   501.94  1040.88257  9431.59954   4.0  1  1
		  7    7   821.48  1679.95984  9409.34875   4.0  1  1
		  7    7  1073.87  2184.73486  9390.58512   4.0  1  1
		  7    7  1095.34    2227.677  9388.93073   4.0  1  1
		  7    7  1168.47  2373.94971    9983.272   4.0  1  1
		  7    7  1686.87  3410.74268   9340.7052   4.0  1  1
		  8    8    34.81  106.614342  9317.72954   4.0  1  1
		  8    8   200.11  437.225311  9307.89553   4.0  1  1
		  8    8   406.08  849.167419  9294.97397   4.0  1  1
		  8    8   489.42  1015.84955  9289.56235   4.0  1  1
		  8    8   759.84  1556.68982   9271.1801   4.0  1  1
		  8    8   774.62  1586.24731  9270.15002   4.0  1  1
		  8    8  1486.06  3009.12622  9215.91962   4.0  1  1
		  9    9    32.85   102.70121  9178.77947   4.0  1  1
		  9    9   169.76   376.51297  9170.82195   4.0  1  1
		  9    9   219.61  476.210175  9167.79495   4.0  1  1
		  9    9   251.85  540.708282  9165.89499   4.0  1  1
		  9    9   647.05  1331.10461  9140.55588   4.0  1  1
		  9    9  1197.23  2431.45728  9101.08256   4.0  1  1
		  9    9  1880.69  3798.38281  9045.35316   4.0  1  1
		 10   10     6.84   50.672534  9045.35316   4.0  1  1
		 10   10   240.29  517.586243  9031.81931   4.0  1  1
		 10   10   770.83  1578.66565  8997.87626   4.0  1  1
		 10   10  1319.15  2675.30249  8957.98593   4.0  1  1
		 10   10  1898.02  3833.03027  8910.85654   4.0  1  1
	slope	0

# Wed 13:40:58 01-Aug-2007
begin	ecidentify refCalib_UVES_860_l_1074x2048
	id	refCalib_UVES_860_l_1074x2048
	task	ecidentify
	image	refCalib_UVES_860_l_1074x2048
	units	angstroms
	features	48
		  1    1  1757.60  3552.19678  10283.1161   4.0  1  1
		  2    2  1005.62  2048.23047  10178.5191   4.0  1  1
		  2    2  1048.90  2134.80933  10175.0079   4.0  1  1
		  2    2  1528.33  3093.66431  10133.5661   4.0  1  1
		  3    3   646.04  1329.08191   10039.364   4.0  1  1
		  3    3  1296.84  2630.68726  9987.63508   4.0  1  1
		  3    3  1327.07  2691.14868  9985.04993   4.0  1  1
		  3    3  1795.62  3628.24243  9943.06465   4.0  1  1
		  4    4    74.04  185.079712  9916.12018   4.0  1  1
		  4    4  1646.86  3330.72314  9796.20016   4.0  1  1
		  5    5    77.17  191.347046  9757.21959   4.0  1  1
		  5    5   269.77  576.534424  9746.46279   4.0  1  1
		  5    5   315.18  667.365601  9743.56136   4.0  1  1
		  5    5   678.24  1393.48816  9718.49209   4.0  1  1
		  5    5  1819.83  3676.65063  9625.19833   4.0  1  1
		  5    5  1881.26  3799.52026    9616.218   4.0  1  1
		  7    7   132.25  301.492096  9455.20224   4.0  1  1
		  7    7   501.94  1040.88257  9431.59954   4.0  1  1
		  7    7   821.48  1679.95984  9409.34875   4.0  1  1
		  7    7  1073.87  2184.73486  9390.58512   4.0  1  1
		  7    7  1095.34    2227.677  9388.93073   4.0  1  1
		  7    7  1168.47  2373.94971    9983.272   4.0  1  1
		  7    7  1686.87  3410.74268   9340.7052   4.0  1  1
		  8    8    34.81  106.614342  9317.72954   4.0  1  1
		  8    8   200.11  437.225311  9307.89553   4.0  1  1
		  8    8   406.08  849.167419  9294.97397   4.0  1  1
		  8    8   489.42  1015.84955  9289.56235   4.0  1  1
		  8    8   759.84  1556.68982   9271.1801   4.0  1  1
		  8    8   774.62  1586.24731  9270.15002   4.0  1  1
		  8    8  1486.06  3009.12622  9215.91962   4.0  1  1
		  9    9    32.85   102.70121  9178.77947   4.0  1  1
		  9    9   169.76   376.51297  9170.82195   4.0  1  1
		  9    9   219.61  476.210175  9167.79495   4.0  1  1
		  9    9   251.85  540.708282  9165.89499   4.0  1  1
		  9    9   647.05  1331.10461  9140.55588   4.0  1  1
		  9    9  1197.23  2431.45728  9101.08256   4.0  1  1
		  9    9  1880.69  3798.38281  9045.35316   4.0  1  1
		 10   10     6.84   50.672534  9045.35316   4.0  1  1
		 10   10   240.29  517.586243  9031.81931   4.0  1  1
		 10   10   770.83  1578.66565  8997.87626   4.0  1  1
		 10   10  1319.15  2675.30249  8957.98593   4.0  1  1
		 10   10  1898.02  3833.03027  8910.85654   4.0  1  1
		 11   11   373.50  784.007141  8892.98645   4.0  1  1
		 11   11   435.18  907.363586  8889.19385   4.0  1  1
		 11   11   750.46  1537.91577  8868.83331   4.0  1  1
		 11   11  1299.24   2635.4751  8829.69379   4.0  1  1
		 11   11  1864.54  3766.07959  8784.14177   4.0  1  1
		 11   11  1885.99  3808.97217  8782.71551   4.0  1  1
	slope	0

# Wed 13:42:30 01-Aug-2007
begin	ecidentify refCalib_UVES_860_l_1074x2048
	id	refCalib_UVES_860_l_1074x2048
	task	ecidentify
	image	refCalib_UVES_860_l_1074x2048
	units	angstroms
	features	53
		  1    1  1757.60  3552.19678  10283.1161   4.0  1  1
		  2    2  1005.62  2048.23047  10178.5191   4.0  1  1
		  2    2  1048.90  2134.80933  10175.0079   4.0  1  1
		  2    2  1528.33  3093.66431  10133.5661   4.0  1  1
		  3    3   646.04  1329.08191   10039.364   4.0  1  1
		  3    3  1296.84  2630.68726  9987.63508   4.0  1  1
		  3    3  1327.07  2691.14868  9985.04993   4.0  1  1
		  3    3  1795.62  3628.24243  9943.06465   4.0  1  1
		  4    4    74.04  185.079712  9916.12018   4.0  1  1
		  4    4  1646.86  3330.72314  9796.20016   4.0  1  1
		  5    5    77.17  191.347046  9757.21959   4.0  1  1
		  5    5   269.77  576.534424  9746.46279   4.0  1  1
		  5    5   315.18  667.365601  9743.56136   4.0  1  1
		  5    5   678.24  1393.48816  9718.49209   4.0  1  1
		  5    5  1819.83  3676.65063  9625.19833   4.0  1  1
		  5    5  1881.26  3799.52026    9616.218   4.0  1  1
		  7    7   132.25  301.492096  9455.20224   4.0  1  1
		  7    7   501.94  1040.88257  9431.59954   4.0  1  1
		  7    7   821.48  1679.95984  9409.34875   4.0  1  1
		  7    7  1073.87  2184.73486  9390.58512   4.0  1  1
		  7    7  1095.34    2227.677  9388.93073   4.0  1  1
		  7    7  1168.47  2373.94971    9983.272   4.0  1  1
		  7    7  1686.87  3410.74268   9340.7052   4.0  1  1
		  8    8    34.81  106.614342  9317.72954   4.0  1  1
		  8    8   200.11  437.225311  9307.89553   4.0  1  1
		  8    8   406.08  849.167419  9294.97397   4.0  1  1
		  8    8   489.42  1015.84955  9289.56235   4.0  1  1
		  8    8   759.84  1556.68982   9271.1801   4.0  1  1
		  8    8   774.62  1586.24731  9270.15002   4.0  1  1
		  8    8  1486.06  3009.12622  9215.91962   4.0  1  1
		  9    9    32.85   102.70121  9178.77947   4.0  1  1
		  9    9   169.76   376.51297  9170.82195   4.0  1  1
		  9    9   219.61  476.210175  9167.79495   4.0  1  1
		  9    9   251.85  540.708282  9165.89499   4.0  1  1
		  9    9   647.05  1331.10461  9140.55588   4.0  1  1
		  9    9  1197.23  2431.45728  9101.08256   4.0  1  1
		  9    9  1880.69  3798.38281  9045.35316   4.0  1  1
		 10   10     6.84   50.672534  9045.35316   4.0  1  1
		 10   10   240.29  517.586243  9031.81931   4.0  1  1
		 10   10   770.83  1578.66565  8997.87626   4.0  1  1
		 10   10  1319.15  2675.30249  8957.98593   4.0  1  1
		 10   10  1898.02  3833.03027  8910.85654   4.0  1  1
		 11   11   373.50  784.007141  8892.98645   4.0  1  1
		 11   11   435.18  907.363586  8889.19385   4.0  1  1
		 11   11   750.46  1537.91577  8868.83331   4.0  1  1
		 11   11  1299.24   2635.4751  8829.69379   4.0  1  1
		 11   11  1864.54  3766.07959  8784.14177   4.0  1  1
		 11   11  1885.99  3808.97217  8782.71551   4.0  1  1
		 12   12    51.35  139.709854  8784.14177   4.0  1  1
		 12   12   210.99  458.977966  8775.57321   4.0  1  1
		 12   12  1222.71  2482.42334  8709.23403   4.0  1  1
		 12   12  1282.00  2601.00122  8704.86009   4.0  1  1
		 12   12  1902.97  3842.93262  8655.87599   4.0  1  1
	slope	0

# Wed 13:47:18 01-Aug-2007
begin	ecidentify refCalib_UVES_860_l_1074x2048
	id	refCalib_UVES_860_l_1074x2048
	task	ecidentify
	image	refCalib_UVES_860_l_1074x2048
	units	angstroms
	features	246
		  1   59  1221.17  10332.7362  10332.7335   4.0  1  1
		  1   59  1479.09   10309.818  10309.8129   4.0  1  1
		  1   59  1486.63  10309.1297  10309.1388   4.0  1  1
		  1   59  1492.93  10308.5545  10308.5441   4.0  1  1
		  2   60   449.95  10221.0014  10221.0006   4.0  1  1
		  2   60  1005.62  10178.5183  10178.5191   4.0  1  1
		  2   60  1187.90  10163.3826  10163.3769   4.0  1  1
		  2   60  1441.17  10141.3912  10141.3969   4.0  1  1
		  2   60  1451.98  10140.4276  10140.4308   4.0  1  1
		  2   60  1474.63  10138.4027  10138.4117   4.0  1  1
		  2   60  1528.33  10133.5661  10133.5661   4.0  1  1
		  3   61   223.11  10068.9739   10068.975   4.0  1  1
		  3   61   470.55  10052.0596  10052.0602   4.0  1  1
		  3   61   871.71  10022.2777  10022.2845   4.0  1  1
		  3   61  1223.07  9993.86501  9993.86287   4.0  1  1
		  3   61  1296.84  9987.62838  9987.63508   4.0  1  1
		  3   61  1327.07  9985.04601  9985.04993   4.0  1  1
		  3   61  1473.27  9972.33798  9972.33257   4.0  1  1
		  3   61  1494.53  9970.45999  9970.46239   4.0  1  1
		  3   61  1532.99  9967.04261  9967.04291   4.0  1  1
		  3   61  1690.17  9952.81771  9952.80534   4.0  1  1
		  3   61  1695.15  9952.35975  9952.37028   4.0  1  1
		  3   61  1709.03  9951.08233  9951.08858   4.0  1  1
		  3   61  1729.93  9949.15278  9949.15032   4.0  1  1
		  4   62   104.58  9914.22899  9914.23642   4.0  1  1
		  4   62   153.58  9911.12544  9911.11282   4.0  1  1
		  4   62   227.05  9906.38912  9906.39173   4.0  1  1
		  4   62   382.52  9896.04318  9896.04823   4.0  1  1
		  4   62   696.58  9873.82138  9873.81498   4.0  1  1
		  4   62   935.74  9855.73688  9855.74201   4.0  1  1
		  4   62   957.25  9854.06179    9854.061   4.0  1  1
		  4   62  1015.84  9849.45853  9849.45815   4.0  1  1
		  4   62  1168.80  9837.16424  9837.16908   4.0  1  1
		  4   62  1214.42  9833.42063  9833.42312   4.0  1  1
		  4   62  1298.33  9826.44321   9826.4496   4.0  1  1
		  4   62  1305.46  9825.84431  9825.83381   4.0  1  1
		  4   62  1319.68  9824.64886  9824.64194   4.0  1  1
		  4   62  1439.68  9814.42093  9814.42095   4.0  1  1
		  4   62  1459.59  9812.70075  9812.69756   4.0  1  1
		  4   62  1562.67  9803.68916  9803.68981   4.0  1  1
		  4   62  1581.49  9802.02451  9802.01613   4.0  1  1
		  4   62  1593.84  9800.92943  9800.92698   4.0  1  1
		  4   62  1646.86  9796.19788  9796.20016   4.0  1  1
		  4   62  1679.87  9793.22849  9793.23068   4.0  1  1
		  4   62  1893.62  9773.56851  9773.56741   4.0  1  1
		  5   63    77.17  9758.62824  9758.63644   4.0  1  1
		  5   63   100.00  9757.22049  9757.21959   4.0  1  1
		  5   63   117.21  9756.15302  9756.14152   4.0  1  1
		  5   63   212.66  9750.13536  9750.13498   4.0  1  1
		  5   63   269.77  9746.45718  9746.46279   4.0  1  1
		  5   63   371.27  9739.77653  9739.76868   4.0  1  1
		  5   63   448.85  9734.54789  9734.55369   4.0  1  1
		  5   63   564.05  9726.58836  9726.58222   4.0  1  1
		  5   63   710.42  9716.14235  9716.14192   4.0  1  1
		  5   63   751.78  9713.12292  9713.11186   4.0  1  1
		  5   63   770.40   9711.7546  9711.76321   4.0  1  1
		  5   63   919.73  9700.56269  9700.56301   4.0  1  1
		  5   63  1154.29  9682.21984   9682.2188   4.0  1  1
		  5   63  1196.64  9678.80998  9678.80832   4.0  1  1
		  5   63  1220.86  9676.84579  9676.83632   4.0  1  1
		  5   63  1227.77  9676.28394  9676.28924   4.0  1  1
		  5   63  1245.98  9674.79883  9674.79134   4.0  1  1
		  5   63  1368.19  9664.68902  9664.69825   4.0  1  1
		  5   63  1380.57  9663.65167  9663.64323   4.0  1  1
		  5   63  1626.96  9642.47165  9642.47753   4.0  1  1
		  5   63  1641.44  9641.19618  9641.19174   4.0  1  1
		  5   63  1737.60  9632.63941  9632.64383   4.0  1  1
		  5   63  1771.63  9629.57479  9629.56925   4.0  1  1
		  5   63  1819.83  9625.20358  9625.19833   4.0  1  1
		  5   63  1841.45  9623.23024  9623.23616   4.0  1  1
		  5   63  1854.18   9622.0651  9622.06626   4.0  1  1
		  5   63  1881.26  9619.57706  9619.57663   4.0  1  1
		  6   64    39.71  9608.47764  9608.48653   4.0  1  1
		  6   64   147.19  9601.93761  9601.92512   4.0  1  1
		  6   64   380.87  9587.01956  9587.02739   4.0  1  1
		  6   64   749.06  9561.59973  9561.59522   4.0  1  1
		  6   64   754.00  9561.24262  9561.24517   4.0  1  1
		  6   64   858.06  9553.63116  9553.63021   4.0  1  1
		  6   64  1029.90  9540.66412   9540.6661   4.0  1  1
		  6   64  1084.92  9536.40829  9536.40697   4.0  1  1
		  6   64  1094.61  9535.65341  9535.65372   4.0  1  1
		  6   64  1431.65  9508.44112  9508.45063   4.0  1  1
		  6   64  1468.06  9505.39031   9505.3929   4.0  1  1
		  6   64  1528.20  9500.30463  9500.29978   4.0  1  1
		  6   64  1564.70  9497.18906    9497.189   4.0  1  1
		  6   64  1584.45  9495.49454  9495.49783   4.0  1  1
		  6   64  1683.19  9486.92889  9486.92557   4.0  1  1
		  6   64  1735.86  9482.29619  9482.29173   4.0  1  1
		  6   64  1780.50  9478.33508  9478.32879   4.0  1  1
		  6   64  1819.19  9474.87628   9474.8792   4.0  1  1
		  6   64  1865.69  9470.68771  9470.68182   4.0  1  1
		  6   64  1904.22  9467.19191  9467.19529   4.0  1  1
		  7   65    34.43  9461.03323   9461.0278   4.0  1  1
		  7   65   423.42  9436.80474  9436.81263   4.0  1  1
		  7   65   501.94  9431.60035  9431.59954   4.0  1  1
		  7   65   755.57   9414.0801   9414.0885   4.0  1  1
		  7   65   821.48   9409.3508  9409.34875   4.0  1  1
		  7   65   961.14  9399.09234  9399.08906   4.0  1  1
		  7   65  1073.87  9390.57748  9390.58512   4.0  1  1
		  7   65  1095.34   9388.9321  9388.93073   4.0  1  1
		  7   65  1157.74   9384.1074  9384.09964   4.0  1  1
		  7   65  1168.47  9383.27108  9383.27215   4.0  1  1
		  7   65  1428.13  9362.47327    9362.478   4.0  1  1
		  7   65  1638.77   9344.8083  9344.80281   4.0  1  1
		  7   65  1738.91  9336.16323  9336.16232   4.0  1  1
		  7   65  1840.47  9327.23546  9327.24617   4.0  1  1
		  8   66    34.81  9317.72299  9317.72954   4.0  1  1
		  8   66   157.90  9310.44451  9310.44389   4.0  1  1
		  8   66   200.11  9307.88949  9307.89553   4.0  1  1
		  8   66   416.51  9294.31874  9294.32188   4.0  1  1
		  8   66   459.32  9291.54146  9291.53067   4.0  1  1
		  8   66   489.42  9289.56959  9289.56235   4.0  1  1
		  8   66   636.83  9279.69817  9279.70886   4.0  1  1
		  8   66   673.83  9277.16371  9277.16473   4.0  1  1
		  8   66   686.85  9276.26671   9276.2731   4.0  1  1
		  8   66   759.84  9271.18524   9271.1801   4.0  1  1
		  8   66   774.62  9270.14577  9270.15002   4.0  1  1
		  8   66   809.36  9267.68843   9267.6894   4.0  1  1
		  8   66   830.09  9266.21268  9266.20693   4.0  1  1
		  8   66   865.47  9263.67783   9263.6829   4.0  1  1
		  8   66   932.98  9258.78388  9258.77144   4.0  1  1
		  8   66  1016.33  9252.63905  9252.63273   4.0  1  1
		  8   66  1043.98  9250.57585  9250.57812   4.0  1  1
		  8   66  1180.37  9240.21889  9240.21573   4.0  1  1
		  8   66  1192.01  9239.32095  9239.32606   4.0  1  1
		  8   66  1262.27   9233.8562  9233.85733   4.0  1  1
		  8   66  1279.70  9232.48844  9232.49591   4.0  1  1
		  8   66  1342.75  9227.49995  9227.51184   4.0  1  1
		  8   66  1421.90  9221.14804  9221.14215   4.0  1  1
		  8   66  1486.06  9215.92659  9215.91962   4.0  1  1
		  8   66  1574.92  9208.58825  9208.58104   4.0  1  1
		  8   66  1581.82  9208.01347  9208.02515   4.0  1  1
		  8   66  1630.23  9203.95816   9203.9616   4.0  1  1
		  8   66  1680.94  9199.67139  9199.68406   4.0  1  1
		  8   66  1740.00  9194.62871   9194.6379   4.0  1  1
		  8   66  1751.96  9193.60012  9193.59274   4.0  1  1
		  8   66  1763.51  9192.60585  9192.59292   4.0  1  1
		  8   66  1780.13    9191.171  9191.17841   4.0  1  1
		  8   66  1906.45  9180.12504  9180.12164   4.0  1  1
		  8   66  1921.63  9178.78101  9178.77947   4.0  1  1
		  9   67     9.94  9180.12572  9180.12164   4.0  1  1
		  9   67   169.76  9170.83031  9170.82195   4.0  1  1
		  9   67   251.85  9165.88975  9165.89499   4.0  1  1
		  9   67   362.79  9159.03636  9159.03279   4.0  1  1
		  9   67   410.19  9156.04565  9156.04896   4.0  1  1
		  9   67   628.22  9141.81614  9141.81559   4.0  1  1
		  9   67   647.05  9140.55041  9140.55588   4.0  1  1
		  9   67   733.18  9134.68913  9134.69182   4.0  1  1
		  9   67   946.69  9119.64209  9119.63641   4.0  1  1
		  9   67  1019.38  9114.35284  9114.35269   4.0  1  1
		  9   67  1115.55   9107.2245  9107.22684   4.0  1  1
		  9   67  1124.39  9106.56196  9106.56276   4.0  1  1
		  9   67  1138.93  9105.46949  9105.46883   4.0  1  1
		  9   67  1229.72  9098.57248  9098.57439   4.0  1  1
		  9   67  1274.74  9095.10452  9095.10163   4.0  1  1
		  9   67  1278.18  9094.83775  9094.82883   4.0  1  1
		  9   67  1329.73  9090.82481  9090.81859   4.0  1  1
		  9   67  1437.35  9082.31234  9082.32227   4.0  1  1
		  9   67  1469.84  9079.70717  9079.70799   4.0  1  1
		  9   67  1523.17  9075.39525  9075.39392   4.0  1  1
		  9   67  1548.58  9073.32506  9073.31394   4.0  1  1
		  9   67  1561.34   9072.2818  9072.27845   4.0  1  1
		  9   67  1613.05   9068.0277  9068.02477   4.0  1  1
		  9   67  1662.04  9063.96026  9063.95998   4.0  1  1
		  9   67  1689.41  9061.67119  9061.68347   4.0  1  1
		  9   67  1700.48  9060.74282  9060.74663   4.0  1  1
		  9   67  1786.34  9053.47392  9053.48574   4.0  1  1
		  9   67  1812.56   9051.2324  9051.23047   4.0  1  1
		  9   67  1847.30  9048.24503  9048.25004   4.0  1  1
		  9   67  1880.69  9045.35723  9045.35316   4.0  1  1
		 10   68     6.84  9045.34777  9045.35316   4.0  1  1
		 10   68   171.28    9035.923  9035.91911   4.0  1  1
		 10   68   471.10  9017.60088  9017.59143   4.0  1  1
		 10   68   487.02  9016.58731  9016.59025   4.0  1  1
		 10   68   527.65  9013.98209  9013.97473   4.0  1  1
		 10   68   550.23    9012.522  9012.52625   4.0  1  1
		 10   68   590.77  9009.88119  9009.88313   4.0  1  1
		 10   68   612.36  9008.46387  9008.45674   4.0  1  1
		 10   68   799.53  8995.86411  8995.86272   4.0  1  1
		 10   68   871.24  8990.88914  8990.89347   4.0  1  1
		 10   68   931.86  8986.61952  8986.61622   4.0  1  1
		 10   68  1014.18  8980.72859  8980.73948   4.0  1  1
		 10   68  1028.48  8979.69443   8979.7025   4.0  1  1
		 10   68  1142.04  8971.36782  8971.36398   4.0  1  1
		 10   68  1162.13  8969.87348  8969.86662   4.0  1  1
		 10   68  1174.56  8968.94616  8968.94811   4.0  1  1
		 10   68  1191.97  8967.64284  8967.64027   4.0  1  1
		 10   68  1264.66  8962.15024  8962.14626   4.0  1  1
		 10   68  1319.15  8957.97921  8957.98593   4.0  1  1
		 10   68  1346.75  8955.84924  8955.84666   4.0  1  1
		 10   68  1432.96  8949.11983  8949.12263   4.0  1  1
		 10   68  1526.80  8941.66489  8941.66076   4.0  1  1
		 10   68  1654.12  8931.33561  8931.33019   4.0  1  1
		 10   68  1693.51  8928.09011  8928.09242   4.0  1  1
		 10   68  1697.80  8927.73525  8927.72925   4.0  1  1
		 10   68  1717.85  8926.07356  8926.07487   4.0  1  1
		 10   68  1787.98  8920.21161  8920.20303   4.0  1  1
		 10   68  1898.02  8910.86536  8910.85654   4.0  1  1
		 11   69   160.06  8905.65765  8905.65633   4.0  1  1
		 11   69   373.50  8892.98721  8892.98645   4.0  1  1
		 11   69   419.76  8890.14535   8890.1497   4.0  1  1
		 11   69   435.18  8889.18998  8889.19385   4.0  1  1
		 11   69   654.13  8875.22118  8875.23233   4.0  1  1
		 11   69   660.53   8874.8015  8874.79758   4.0  1  1
		 11   69   750.46  8868.83535  8868.83331   4.0  1  1
		 11   69   781.87  8866.72111  8866.71446   4.0  1  1
		 11   69   953.41  8854.90351  8854.90786   4.0  1  1
		 11   69   983.54  8852.77985  8852.79158   4.0  1  1
		 11   69  1032.13  8849.32605  8849.31509   4.0  1  1
		 11   69  1132.53  8842.07413  8842.07435   4.0  1  1
		 11   69  1144.67  8841.18633  8841.18323   4.0  1  1
		 11   69  1299.24  8829.68848  8829.69379   4.0  1  1
		 11   69  1521.54  8812.51278  8812.51104   4.0  1  1
		 11   69  1620.97  8804.58919  8804.58932   4.0  1  1
		 11   69  1688.95  8799.08622   8799.0869   4.0  1  1
		 11   69  1700.22  8798.16743  8798.17194   4.0  1  1
		 11   69  1724.94  8796.14532  8796.14136   4.0  1  1
		 11   69  1864.54  8784.55622  8784.55575   4.0  1  1
		 11   69  1910.35  8780.69037  8780.69869   4.0  1  1
		 12   70   246.05  8773.52703  8773.53195   4.0  1  1
		 12   70   258.23  8772.81674  8772.80516   4.0  1  1
		 12   70   274.72  8771.85204  8771.86029   4.0  1  1
		 12   70   444.14  8761.68964  8761.68563   4.0  1  1
		 12   70   464.25  8760.45314  8760.44956   4.0  1  1
		 12   70   500.01  8758.23936  8758.24338   4.0  1  1
		 12   70   567.48   8754.0077  8754.00967   4.0  1  1
		 12   70   643.11  8749.17921  8749.16963   4.0  1  1
		 12   70   660.97  8748.02609  8748.03088   4.0  1  1
		 12   70   786.62  8739.77259   8739.7816   4.0  1  1
		 12   70   871.91  8734.03006   8734.0233   4.0  1  1
		 12   70  1011.67  8724.37794  8724.37604   4.0  1  1
		 12   70  1153.66  8714.26378  8714.26777   4.0  1  1
		 12   70  1206.70  8710.40692  8710.41415   4.0  1  1
		 12   70  1222.71  8709.23449  8709.23403   4.0  1  1
		 12   70  1248.15  8707.36346  8707.35911   4.0  1  1
		 12   70  1282.00  8704.85837  8704.86009   4.0  1  1
		 12   70  1297.51  8703.70484  8703.70246   4.0  1  1
		 12   70  1365.51  8698.60439  8698.59576   4.0  1  1
		 12   70  1438.06  8693.08676  8693.08853   4.0  1  1
		 12   70  1505.92  8687.85414  8687.84793   4.0  1  1
		 12   70  1528.54  8686.09449  8686.09246   4.0  1  1
		 12   70  1533.23  8685.72928  8685.73143   4.0  1  1
		 12   70  1626.31  8678.40313  8678.40776   4.0  1  1
		 12   70  1664.10  8675.39218  8675.39829   4.0  1  1
		 12   70  1786.71  8665.48128  8665.48546   4.0  1  1
		 12   70  1902.97   8655.8819  8655.87599   4.0  1  1
	offset	58
	niterate 3
	lowreject 3.
	highreject 3.
	coefficients	28
		1.
		5.
		4.
		1.
		1.
		1931.
		59.
		69.99999999999999
		610666.5021222718
		-4674.908272131305
		-249.3325482684171
		2.54389192594939
		-0.1558350552619177
		13.62136049321059
		-10.9418268709674
		-0.237461681304049
		-0.5562859025814674
		0.4452813390042659
		-0.6725836576025087
		1.72786024646106
		-0.3898393799143721
		0.08740724704095332
		-0.1515185849660665
		-0.01360655415812818
		-0.1241737550196892
		0.08953416100113054
		0.03720346098627088
		0.1016355936102797

