# Mon 03:01:44 06-Aug-2007
begin	ecidentify refCalib_UVES_437_1024x1360
	id	refCalib_UVES_437_1024x1360
	task	ecidentify
	image	refCalib_UVES_437_1024x1360
	units	angstroms
	features	5
		  4    4   430.45  859.892151   3869.6633   4.0  1  1
		  4    4   884.55  1768.09192   3852.1353   4.0  1  1
		  4    4  1209.28  2417.55981   3837.8752   4.0  1  1
		  4    4  1237.21  2473.41138   3836.5851   4.0  1  1
		  4    4  1277.58  2554.16968   3834.6787   4.0  1  1
	slope	0

# Mon 03:07:50 06-Aug-2007
begin	ecidentify refCalib_UVES_437_1024x1360
	id	refCalib_UVES_437_1024x1360
	task	ecidentify
	image	refCalib_UVES_437_1024x1360
	units	angstroms
	features	14
		  1    1   584.63  1168.26758     3770.52   4.0  1  1
		  1    1   895.40  1789.80481   3758.4671   4.0  1  1
		  2    2   351.49    701.9823   3809.4561   4.0  1  1
		  2    2   852.30  1703.59705    3790.795   4.0  1  1
		  2    2  1297.29  2593.57446   3771.3708   4.0  1  1
		  4    4   430.45  859.892151   3869.6633   4.0  1  1
		  4    4   884.55  1768.09192   3852.1353   4.0  1  1
		  4    4  1209.28  2417.55981   3837.8752   4.0  1  1
		  4    4  1237.21  2473.41138   3836.5851   4.0  1  1
		  4    4  1277.58  2554.16968   3834.6787   4.0  1  1
		 31   31   249.40  497.809875   4989.3086   4.0  1  1
		 31   31   405.84  810.676575   4982.4875   4.0  1  1
		 31   31  1172.09  2343.17993   4943.0642   4.0  1  1
		 31   31  1337.20  2673.40283   4933.2091   4.0  1  1
	slope	0

# Mon 03:08:37 06-Aug-2007
begin	ecidentify refCalib_UVES_437_1024x1360
	id	refCalib_UVES_437_1024x1360
	task	ecidentify
	image	refCalib_UVES_437_1024x1360
	units	angstroms
	features	17
		  1    1   584.63  1168.26758     3770.52   4.0  1  1
		  1    1   895.40  1789.80481   3758.4671   4.0  1  1
		  2    2   351.49    701.9823   3809.4561   4.0  1  1
		  2    2   852.30  1703.59705    3790.795   4.0  1  1
		  2    2  1297.29  2593.57446   3771.3708   4.0  1  1
		  4    4   430.45  859.892151   3869.6633   4.0  1  1
		  4    4   884.55  1768.09192   3852.1353   4.0  1  1
		  4    4  1209.28  2417.55981   3837.8752   4.0  1  1
		  4    4  1237.21  2473.41138   3836.5851   4.0  1  1
		  4    4  1277.58  2554.16968   3834.6787   4.0  1  1
		 31   31   249.40  497.809875   4989.3086   4.0  1  1
		 31   31   405.84  810.676575   4982.4875   4.0  1  1
		 31   31   669.22  1337.44836   4970.0785   4.0  1  1
		 31   31   755.76  1510.51636   4965.7315   4.0  1  1
		 31   31  1109.49  2217.98438   4946.6637   4.0  1  1
		 31   31  1172.09  2343.17993   4943.0642   4.0  1  1
		 31   31  1337.20  2673.40283   4933.2091   4.0  1  1
	slope	0

# Mon 03:10:27 06-Aug-2007
begin	ecidentify refCalib_UVES_437_1024x1360
	id	refCalib_UVES_437_1024x1360
	task	ecidentify
	image	refCalib_UVES_437_1024x1360
	units	angstroms
	features	22
		  1    1   584.63  1168.26758     3770.52   4.0  1  1
		  1    1   895.40  1789.80481   3758.4671   4.0  1  1
		  2    2   351.49    701.9823   3809.4561   4.0  1  1
		  2    2   852.30  1703.59705    3790.795   4.0  1  1
		  2    2  1297.29  2593.57446   3771.3708   4.0  1  1
		  4    4   430.45  859.892151   3869.6633   4.0  1  1
		  4    4   884.55  1768.09192   3852.1353   4.0  1  1
		  4    4  1209.28  2417.55981   3837.8752   4.0  1  1
		  4    4  1237.21  2473.41138   3836.5851   4.0  1  1
		  4    4  1277.58  2554.16968   3834.6787   4.0  1  1
		 30   30    33.30  65.6037216   4945.4587   4.0  1  1
		 30   30    94.59   188.17041   4943.0642   4.0  1  1
		 30   30   626.40  1251.80945   4919.8157   4.0  1  1
		 30   30  1141.41  2281.82788   4892.7592   4.0  1  1
		 30   30  1320.83  2640.65405   4882.2432   4.0  1  1
		 31   31   249.40  497.809875   4989.3086   4.0  1  1
		 31   31   405.84  810.676575   4982.4875   4.0  1  1
		 31   31   669.22  1337.44836   4970.0785   4.0  1  1
		 31   31   755.76  1510.51636   4965.7315   4.0  1  1
		 31   31  1109.49  2217.98438   4946.6637   4.0  1  1
		 31   31  1172.09  2343.17993   4943.0642   4.0  1  1
		 31   31  1337.20  2673.40283   4933.2091   4.0  1  1
	slope	0

# Mon 03:12:41 06-Aug-2007
begin	ecidentify refCalib_UVES_437_1024x1360
	id	refCalib_UVES_437_1024x1360
	task	ecidentify
	image	refCalib_UVES_437_1024x1360
	units	angstroms
	features	26
		  1    1   584.63  1168.26758     3770.52   4.0  1  1
		  1    1   895.40  1789.80481   3758.4671   4.0  1  1
		  2    2   351.49    701.9823   3809.4561   4.0  1  1
		  2    2   852.30  1703.59705    3790.795   4.0  1  1
		  2    2  1297.29  2593.57446   3771.3708   4.0  1  1
		  4    4   430.45  859.892151   3869.6633   4.0  1  1
		  4    4   884.55  1768.09192   3852.1353   4.0  1  1
		  4    4  1209.28  2417.55981   3837.8752   4.0  1  1
		  4    4  1237.21  2473.41138   3836.5851   4.0  1  1
		  4    4  1277.58  2554.16968   3834.6787   4.0  1  1
		 15   15   382.61  764.218811   4258.5204   4.0  1  1
		 15   15   567.89  1134.78076   4251.1846   4.0  1  1
		 15   15  1272.40  2543.80103   4218.6649   4.0  1  1
		 15   15  1296.28  2591.55737   4217.4308   4.0  1  1
		 30   30    33.30  65.6037216   4945.4587   4.0  1  1
		 30   30    94.59   188.17041   4943.0642   4.0  1  1
		 30   30   626.40  1251.80945   4919.8157   4.0  1  1
		 30   30  1141.41  2281.82788   4892.7592   4.0  1  1
		 30   30  1320.83  2640.65405   4882.2432   4.0  1  1
		 31   31   249.40  497.809875   4989.3086   4.0  1  1
		 31   31   405.84  810.676575   4982.4875   4.0  1  1
		 31   31   669.22  1337.44836   4970.0785   4.0  1  1
		 31   31   755.76  1510.51636   4965.7315   4.0  1  1
		 31   31  1109.49  2217.98438   4946.6637   4.0  1  1
		 31   31  1172.09  2343.17993   4943.0642   4.0  1  1
		 31   31  1337.20  2673.40283   4933.2091   4.0  1  1
	slope	0

# Mon 03:14:23 06-Aug-2007
begin	ecidentify refCalib_UVES_437_1024x1360
	id	refCalib_UVES_437_1024x1360
	task	ecidentify
	image	refCalib_UVES_437_1024x1360
	units	angstroms
	features	1322
		  1  124   113.55  3786.38018   3786.3824   4.0  1  1
		  1  124   138.68  3785.60819   3785.6002   4.0  1  1
		  1  124   212.28  3783.29844   3783.2964   4.0  1  1
		  1  124   390.53  3777.40896   3777.4167   4.0  1  1
		  1  124   423.55  3776.27243   3776.2711   4.0  1  1
		  1  124   495.22  3773.75584   3773.7574   4.0  1  1
		  1  124   526.22  3772.64659   3772.6498   4.0  1  1
		  1  124   561.44  3771.37137   3771.3708   4.0  1  1
		  1  124   584.63  3770.52237     3770.52   4.0  1  1
		  1  124   597.29  3770.05615    3770.056   4.0  1  1
		  1  124   655.07  3767.90136   3767.9007   4.0  1  1
		  1  124   693.48  3766.44461   3766.4473   4.0  1  1
		  1  124   701.96  3766.12027   3766.1186   4.0  1  1
		  1  124   724.08  3765.27011     3765.27   4.0  1  1
		  1  124   769.44  3763.50626   3763.5053   4.0  1  1
		  1  124   889.57  3758.70317   3758.7063   4.0  1  1
		  1  124   895.40  3758.46521   3758.4671   4.0  1  1
		  1  124   914.23  3757.69332   3757.6941   4.0  1  1
		  1  124   947.89  3756.30188   3756.2941   4.0  1  1
		  1  124   973.93  3755.21476   3755.2121   4.0  1  1
		  1  124   988.64  3754.59656    3754.593   4.0  1  1
		  1  124  1014.13  3753.51844   3753.5177   4.0  1  1
		  1  124  1020.50  3753.24777   3753.2421   4.0  1  1
		  1  124  1036.42   3752.5686     3752.57   4.0  1  1
		  1  124  1072.34   3751.0231   3751.0219   4.0  1  1
		  1  124  1084.57  3750.49317   3750.4939   4.0  1  1
		  2  123    63.64  3818.68484    3818.686   4.0  1  1
		  2  123   242.81   3813.0705    3813.068   4.0  1  1
		  2  123   340.74   3809.8219    3809.835   4.0  1  1
		  2  123   351.49  3809.45738   3809.4561   4.0  1  1
		  2  123   397.62  3807.87675    3807.874   4.0  1  1
		  2  123   456.26  3805.82707     3805.82   4.0  1  1
		  2  123   507.86  3803.98593    3803.984   4.0  1  1
		  2  123   577.52  3801.44491    3801.443   4.0  1  1
		  2  123   610.86  3800.20598    3800.198   4.0  1  1
		  2  123   632.74  3799.38534    3799.382   4.0  1  1
		  2  123   666.54   3798.1044    3798.103   4.0  1  1
		  2  123   737.48  3795.36726     3795.38   4.0  1  1
		  2  123   768.40  3794.15344    3794.151   4.0  1  1
		  2  123   804.27  3792.72925     3792.73   4.0  1  1
		  2  123   852.30  3790.79496    3790.795   4.0  1  1
		  2  123   892.19  3789.16512    3789.168   4.0  1  1
		  2  123   947.48  3786.87011    3786.883   4.0  1  1
		  2  123   959.09  3786.38304   3786.3824   4.0  1  1
		  2  123   977.58  3785.60317   3785.6002   4.0  1  1
		  2  123   985.01   3785.2886   3785.2804   4.0  1  1
		  2  123   996.83  3784.78685   3784.7942   4.0  1  1
		  2  123  1001.66  3784.58094   3784.5749   4.0  1  1
		  2  123  1031.56  3783.30047   3783.2964   4.0  1  1
		  2  123  1038.16  3783.01593   3783.0127   4.0  1  1
		  2  123  1165.54  3777.40995   3777.4167   4.0  1  1
		  2  123  1190.68   3776.2767   3776.2711   4.0  1  1
		  2  123  1270.01  3772.64177   3772.6498   4.0  1  1
		  2  123  1297.29  3771.37091   3771.3708   4.0  1  1
		  2  123  1315.41  3770.52082     3770.52   4.0  1  1
		  2  123  1325.33  3770.05314    3770.056   4.0  1  1
		  3  122    44.15  3850.57526   3850.5813   4.0  1  1
		  3  122   163.51  3846.88357   3846.8876   4.0  1  1
		  3  122   209.64  3845.40587   3845.4055   4.0  1  1
		  3  122   230.42   3844.7308   3844.7311   4.0  1  1
		  3  122   285.96  3842.89835   3842.8968   4.0  1  1
		  3  122   313.93  3841.96018   3841.9601   4.0  1  1
		  3  122   326.95  3841.51995   3841.5187   4.0  1  1
		  3  122   348.04  3840.80199   3840.8004   4.0  1  1
		  3  122   380.22  3839.69508   3839.6953   4.0  1  1
		  3  122   432.34   3837.8735   3837.8752   4.0  1  1
		  3  122   468.74  3836.57977   3836.5851   4.0  1  1
		  3  122   492.86  3835.71304   3835.7111   4.0  1  1
		  3  122   521.38  3834.67808   3834.6787   4.0  1  1
		  3  122   564.62  3833.08844    3833.086   4.0  1  1
		  3  122   626.41  3830.77373   3830.7736   4.0  1  1
		  3  122   645.20  3830.05946   3830.0606   4.0  1  1
		  3  122   688.72  3828.38788   3828.3846   4.0  1  1
		  3  122   729.30  3826.80608   3826.8072   4.0  1  1
		  3  122   740.45  3826.36782   3826.3688   4.0  1  1
		  3  122   758.01  3825.67394   3825.6729   4.0  1  1
		  3  122   771.62  3825.13339   3825.1331   4.0  1  1
		  3  122   813.25  3823.46431   3823.4577   4.0  1  1
		  3  122   823.06  3823.06753   3823.0676   4.0  1  1
		  3  122   828.19   3822.8596   3822.8619   4.0  1  1
		  3  122   863.23  3821.42935   3821.4308   4.0  1  1
		  3  122   878.64  3820.79483   3820.7926   4.0  1  1
		  3  122   929.38  3818.68393    3818.686   4.0  1  1
		  3  122   988.74  3816.16938   3816.1666   4.0  1  1
		  3  122  1060.43  3813.06737    3813.068   4.0  1  1
		  3  122  1141.77  3809.46095   3809.4561   4.0  1  1
		  3  122  1176.83  3807.87785    3807.874   4.0  1  1
		  3  122  1221.87  3805.81833     3805.82   4.0  1  1
		  3  122  1261.53  3803.98035    3803.984   4.0  1  1
		  3  122  1315.49  3801.44378    3801.443   4.0  1  1
		  4  121   111.07  3880.33499   3880.3332   4.0  1  1
		  4  121   133.02  3879.64511   3879.6441   4.0  1  1
		  4  121   145.00  3879.26594   3879.2688   4.0  1  1
		  4  121   256.51  3875.64343   3875.6462   4.0  1  1
		  4  121   279.82   3874.8651   3874.8619   4.0  1  1
		  4  121   298.30  3874.24299   3874.2438   4.0  1  1
		  4  121   310.68  3873.82359   3873.8224   4.0  1  1
		  4  121   320.95  3873.47425    3873.474   4.0  1  1
		  4  121   330.51  3873.14785   3873.1479   4.0  1  1
		  4  121   343.30  3872.70911   3872.7222   4.0  1  1
		  4  121   359.79   3872.1399   3872.1371   4.0  1  1
		  4  121   430.45  3869.66146   3869.6633   4.0  1  1
		  4  121   462.13  3868.52843   3868.5284   4.0  1  1
		  4  121   469.58  3868.26019   3868.2547   4.0  1  1
		  4  121   506.76  3866.90964   3866.9092   4.0  1  1
		  4  121   600.96   3863.4056   3863.4059   4.0  1  1
		  4  121   626.93  3862.41907   3862.4218   4.0  1  1
		  4  121   654.69  3861.35395   3861.3524   4.0  1  1
		  4  121   693.59  3859.84432   3859.8396   4.0  1  1
		  4  121   781.55  3856.35572   3856.3544   4.0  1  1
		  4  121   827.10   3854.5079   3854.5108   4.0  1  1
		  4  121   884.55  3852.13692   3852.1353   4.0  1  1
		  4  121   921.59  3850.58391   3850.5813   4.0  1  1
		  4  121  1008.08  3846.88476   3846.8876   4.0  1  1
		  4  121  1041.97   3845.4069   3845.4055   4.0  1  1
		  4  121  1057.39  3844.72927   3844.7311   4.0  1  1
		  4  121  1098.61  3842.90111   3842.8968   4.0  1  1
		  4  121  1119.57  3841.96219   3841.9601   4.0  1  1
		  4  121  1129.42  3841.51869   3841.5187   4.0  1  1
		  4  121  1145.36  3840.79828   3840.8004   4.0  1  1
		  4  121  1169.53  3839.69915   3839.6953   4.0  1  1
		  4  121  1209.28  3837.87312   3837.8752   4.0  1  1
		  4  121  1237.21  3836.57665   3836.5851   4.0  1  1
		  4  121  1255.80  3835.70716   3835.7111   4.0  1  1
		  4  121  1277.58  3834.68199   3834.6787   4.0  1  1
		  5  120   134.84  3911.91769   3911.9091   4.0  1  1
		  5  120   145.47  3911.57833    3911.576   4.0  1  1
		  5  120   337.56  3905.18217   3905.1865   4.0  1  1
		  5  120   369.21  3904.08052   3904.0828   4.0  1  1
		  5  120   386.49   3903.4738   3903.4812   4.0  1  1
		  5  120   396.94  3903.10456   3903.1024   4.0  1  1
		  5  120   437.46  3901.65984   3901.6621   4.0  1  1
		  5  120   459.09  3900.87954   3900.8785   4.0  1  1
		  5  120   510.01  3899.01819    3899.031   4.0  1  1
		  5  120   525.50  3898.44483   3898.4374   4.0  1  1
		  5  120   605.81  3895.42147   3895.4192   4.0  1  1
		  5  120   625.64  3894.66159     3894.66   4.0  1  1
		  5  120   651.68  3893.65542   3893.6519   4.0  1  1
		  5  120   694.54  3891.97975   3891.9792   4.0  1  1
		  5  120   701.02  3891.72437    3891.726   4.0  1  1
		  5  120   709.22  3891.40021   3891.4017   4.0  1  1
		  5  120   746.76  3889.90445   3889.9059   4.0  1  1
		  5  120   820.36  3886.91598   3886.9159   4.0  1  1
		  5  120   861.46  3885.21478   3885.2254   4.0  1  1
		  5  120   870.91  3884.82048   3884.8225   4.0  1  1
		  5  120   878.12  3884.51872   3884.5245   4.0  1  1
		  5  120   934.61   3882.1299    3882.143   4.0  1  1
		  5  120   949.52  3881.49182    3881.498   4.0  1  1
		  5  120   976.44  3880.33198   3880.3332   4.0  1  1
		  5  120   992.37  3879.64114   3879.6441   4.0  1  1
		  5  120   996.77  3879.44939   3879.4454   4.0  1  1
		  5  120  1000.93  3879.26822   3879.2688   4.0  1  1
		  5  120  1014.65  3878.66848    3878.662   4.0  1  1
		  5  120  1042.04  3877.46368    3877.463   4.0  1  1
		  5  120  1082.82  3875.64967   3875.6462   4.0  1  1
		  5  120  1100.39  3874.86108   3874.8619   4.0  1  1
		  5  120  1114.11  3874.24199   3874.2438   4.0  1  1
		  5  120  1123.41  3873.82109   3873.8224   4.0  1  1
		  5  120  1131.07  3873.47296    3873.474   4.0  1  1
		  5  120  1138.28  3873.14504   3873.1479   4.0  1  1
		  5  120  1160.35  3872.13615   3872.1371   4.0  1  1
		  5  120  1213.81  3869.66299   3869.6633   4.0  1  1
		  5  120  1238.04  3868.52818   3868.5284   4.0  1  1
		  5  120  1272.39  3866.90487   3866.9092   4.0  1  1
		  5  120  1345.00  3863.41668   3863.4059   4.0  1  1
		  6  119   102.64  3945.81845   3945.8201   4.0  1  1
		  6  119   217.91  3942.07564   3942.0732   4.0  1  1
		  6  119   364.72  3937.04852   3937.0406   4.0  1  1
		  6  119   384.60  3936.34562   3936.3532   4.0  1  1
		  6  119   442.39  3934.27148   3934.2742   4.0  1  1
		  6  119   459.15  3933.66143   3933.6611   4.0  1  1
		  6  119   479.58  3932.91274   3932.9113   4.0  1  1
		  6  119   498.41  3932.21796   3932.2264   4.0  1  1
		  6  119   548.69  3930.33849   3930.3303   4.0  1  1
		  6  119   566.40  3929.66837   3929.6693   4.0  1  1
		  6  119   576.30  3929.29209   3929.2904   4.0  1  1
		  6  119   593.72  3928.62626   3928.6233   4.0  1  1
		  6  119   615.08  3927.80468   3927.8062   4.0  1  1
		  6  119   660.34  3926.04303   3926.0456   4.0  1  1
		  6  119   668.55  3925.72024   3925.7188   4.0  1  1
		  6  119   684.43   3925.0937   3925.0934   4.0  1  1
		  6  119   701.74  3924.40697   3924.4034   4.0  1  1
		  6  119   716.92   3923.8011   3923.7995   4.0  1  1
		  6  119   756.31  3922.21464   3922.2191   4.0  1  1
		  6  119   767.11  3921.77596   3921.7799   4.0  1  1
		  6  119   834.03  3919.02171   3919.0234   4.0  1  1
		  6  119   846.50  3918.50155   3918.5115   4.0  1  1
		  6  119   856.80  3918.07052   3918.0701   4.0  1  1
		  6  119   875.73  3917.27414   3917.2693   4.0  1  1
		  6  119   895.92  3916.41923   3916.4176   4.0  1  1
		  6  119   909.41  3915.84477   3915.8489   4.0  1  1
		  6  119   922.28  3915.29468   3915.2953   4.0  1  1
		  6  119   948.58  3914.16283   3914.1623   4.0  1  1
		  6  119   960.48  3913.64733    3913.645   4.0  1  1
		  6  119  1000.18  3911.91401   3911.9091   4.0  1  1
		  6  119  1007.84  3911.57708    3911.576   4.0  1  1
		  6  119  1026.02  3910.77385   3910.7734   4.0  1  1
		  6  119  1062.64  3909.14181    3909.139   4.0  1  1
		  6  119  1071.50  3908.74397   3908.7491   4.0  1  1
		  6  119  1098.24  3907.53645   3907.5432   4.0  1  1
		  6  119  1106.53  3907.16019   3907.1603   4.0  1  1
		  6  119  1149.57  3905.19017   3905.1865   4.0  1  1
		  6  119  1173.63  3904.07731   3904.0828   4.0  1  1
		  6  119  1186.38  3903.48399   3903.4812   4.0  1  1
		  6  119  1194.54  3903.10346   3903.1024   4.0  1  1
		  6  119  1225.35  3901.65662   3901.6621   4.0  1  1
		  6  119  1241.71  3900.88277   3900.8785   4.0  1  1
		  6  119  1292.69  3898.44548   3898.4374   4.0  1  1
		  6  119  1354.67  3895.43055   3895.4192   4.0  1  1
		  7  118   239.43  3974.75915    3974.759   4.0  1  1
		  7  118   247.72  3974.47841   3974.4766   4.0  1  1
		  7  118   285.21  3973.19683   3973.1961   4.0  1  1
		  7  118   301.32  3972.64032   3972.6395   4.0  1  1
		  7  118   315.26   3972.1559   3972.1545   4.0  1  1
		  7  118   385.62  3969.67042   3969.6641   4.0  1  1
		  7  118   404.30  3968.99959   3969.0026   4.0  1  1
		  7  118   448.51  3967.39227   3967.3921   4.0  1  1
		  7  118   459.93  3966.97258   3966.9647   4.0  1  1
		  7  118   520.37  3964.72286   3964.7257   4.0  1  1
		  7  118   538.65  3964.03263   3964.0302   4.0  1  1
		  7  118   553.53  3963.46773   3963.4688   4.0  1  1
		  7  118   580.88   3962.4208   3962.4196   4.0  1  1
		  7  118   636.16  3960.27383   3960.2692   4.0  1  1
		  7  118   660.89  3959.29989      3959.3   4.0  1  1
		  7  118   726.25  3956.68497   3956.6908   4.0  1  1
		  7  118   745.73  3955.89432   3955.8903   4.0  1  1
		  7  118   763.50  3955.16846   3955.1699   4.0  1  1
		  7  118   851.41  3951.51286   3951.5149   4.0  1  1
		  7  118   868.33  3950.79688    3950.805   4.0  1  1
		  7  118   877.72   3950.3981   3950.3951   4.0  1  1
		  7  118   910.83  3948.98089   3948.9789   4.0  1  1
		  7  118   932.76  3948.03414   3948.0305   4.0  1  1
		  7  118   944.93  3947.50572   3947.5046   4.0  1  1
		  7  118   948.85  3947.33476   3947.3308   4.0  1  1
		  7  118   990.54  3945.50632   3945.5072   4.0  1  1
		  7  118  1067.47  3942.06692   3942.0732   4.0  1  1
		  7  118  1157.83  3937.91862   3937.9237   4.0  1  1
		  7  118  1176.50   3937.0463   3937.0406   4.0  1  1
		  7  118  1191.40  3936.34721   3936.3532   4.0  1  1
		  7  118  1235.31  3934.26625   3934.2742   4.0  1  1
		  7  118  1248.03  3933.65838   3933.6611   4.0  1  1
		  7  118  1263.55  3932.91328   3932.9113   4.0  1  1
		  7  118  1330.30  3929.66741   3929.6693   4.0  1  1
		  7  118  1337.98  3929.28978   3929.2904   4.0  1  1
		  7  118  1351.43  3928.62627   3928.6233   4.0  1  1
		  8  117   254.64  4008.21267   4008.2102   4.0  1  1
		  8  117   289.13  4007.02128   4007.0188   4.0  1  1
		  8  117   307.67  4006.37418   4006.3806   4.0  1  1
		  8  117   319.53    4005.958   4005.9615   4.0  1  1
		  8  117   336.37  4005.36339   4005.3628   4.0  1  1
		  8  117   343.90  4005.09614   4005.0928   4.0  1  1
		  8  117   386.26  4003.57913    4003.574   4.0  1  1
		  8  117   393.72  4003.30953   4003.3086   4.0  1  1
		  8  117   399.43  4003.10255   4003.1057   4.0  1  1
		  8  117   432.52  4001.89436   4001.8935   4.0  1  1
		  8  117   455.13  4001.06058   4001.0581   4.0  1  1
		  8  117   476.13  4000.27967   4000.2811   4.0  1  1
		  8  117   511.41  3998.95375   3998.9526   4.0  1  1
		  8  117   517.36  3998.72877   3998.7334   4.0  1  1
		  8  117   525.82   3998.4076   3998.4038   4.0  1  1
		  8  117   539.96  3997.86854   3997.8654   4.0  1  1
		  8  117   571.29  3996.66483   3996.6687   4.0  1  1
		  8  117   586.83  3996.06282   3996.0617   4.0  1  1
		  8  117   619.38  3994.79073   3994.7918   4.0  1  1
		  8  117   625.49  3994.55039   3994.5494   4.0  1  1
		  8  117   657.23  3993.29329   3993.2989   4.0  1  1
		  8  117   682.71  3992.27408   3992.2726   4.0  1  1
		  8  117   688.25  3992.05117   3992.0535   4.0  1  1
		  8  117   696.24  3991.72912   3991.7309   4.0  1  1
		  8  117   726.67  3990.49434   3990.4922   4.0  1  1
		  8  117   766.81  3988.84588   3988.8456   4.0  1  1
		  8  117   772.50  3988.61054   3988.5997   4.0  1  1
		  8  117   806.02  3987.21392   3987.2061   4.0  1  1
		  8  117   833.29  3986.06596   3986.0739   4.0  1  1
		  8  117   861.31  3984.87605   3984.8795   4.0  1  1
		  8  117   907.46  3982.89146   3982.8956   4.0  1  1
		  8  117   925.57  3982.10433    3982.102   4.0  1  1
		  8  117   931.89  3981.82863   3981.8281   4.0  1  1
		  8  117   948.44  3981.10409   3981.1065   4.0  1  1
		  8  117   956.41  3980.75369    3980.755   4.0  1  1
		  8  117   971.51  3980.08694   3980.0896   4.0  1  1
		  8  117   988.00  3979.35555   3979.3559   4.0  1  1
		  8  117   994.93  3979.04727   3979.0433   4.0  1  1
		  8  117  1053.46  3976.41353   3976.4149   4.0  1  1
		  8  117  1074.50  3975.45457   3975.4674   4.0  1  1
		  8  117  1089.63  3974.76129    3974.759   4.0  1  1
		  8  117  1095.75   3974.4798   3974.4766   4.0  1  1
		  8  117  1123.49  3973.19713   3973.1961   4.0  1  1
		  8  117  1135.49  3972.63879   3972.6395   4.0  1  1
		  8  117  1145.74  3972.16028   3972.1545   4.0  1  1
		  8  117  1198.65  3969.66569   3969.6641   4.0  1  1
		  8  117  1212.50  3969.00566   3969.0026   4.0  1  1
		  8  117  1246.18  3967.38887   3967.3921   4.0  1  1
		  9  116   191.47  4044.92514   4044.9269   4.0  1  1
		  9  116   206.45  4044.41825   4044.4179   4.0  1  1
		  9  116   236.44  4043.39464   4043.3948   4.0  1  1
		  9  116   250.94  4042.89553   4042.8937   4.0  1  1
		  9  116   299.47  4041.20312   4041.2036   4.0  1  1
		  9  116   307.38  4040.92426   4040.9155   4.0  1  1
		  9  116   337.27  4039.86282   4039.8648   4.0  1  1
		  9  116   366.69  4038.80565   4038.8043   4.0  1  1
		  9  116   382.49  4038.23332   4038.2287   4.0  1  1
		  9  116   400.79  4037.56583   4037.5614   4.0  1  1
		  9  116   427.94  4036.56686   4036.5652   4.0  1  1
		  9  116   441.90  4036.04948   4036.0479   4.0  1  1
		  9  116   457.67  4035.46161     4035.46   4.0  1  1
		  9  116   472.40  4034.90962   4034.9218   4.0  1  1
		  9  116   490.02   4034.2452   4034.2461   4.0  1  1
		  9  116   578.57  4030.84113   4030.8424   4.0  1  1
		  9  116   592.55  4030.29372   4030.2925   4.0  1  1
		  9  116   604.43  4029.82632   4029.8256   4.0  1  1
		  9  116   675.05  4027.00815   4027.0091   4.0  1  1
		  9  116   708.56  4025.64666   4025.6556   4.0  1  1
		  9  116   729.18  4024.80091   4024.8025   4.0  1  1
		  9  116   764.49  4023.33869   4023.3378   4.0  1  1
		  9  116   794.59  4022.07855   4022.0674   4.0  1  1
		  9  116   802.47  4021.74686   4021.7506   4.0  1  1
		  9  116   816.65  4021.14689   4021.1498   4.0  1  1
		  9  116   835.31  4020.35369   4020.3541   4.0  1  1
		  9  116   863.84  4019.13082   4019.1289   4.0  1  1
		  9  116   887.52  4018.10745    4018.099   4.0  1  1
		  9  116   964.65  4014.71763   4014.7164   4.0  1  1
		  9  116   969.34  4014.50893   4014.5143   4.0  1  1
		  9  116   983.93  4013.85728   4013.8566   4.0  1  1
		  9  116  1014.26   4012.4923   4012.4952   4.0  1  1
		  9  116  1030.77  4011.74366   4011.7398   4.0  1  1
		  9  116  1034.09  4011.59289   4011.5916   4.0  1  1
		  9  116  1107.53  4008.21149   4008.2102   4.0  1  1
		  9  116  1132.95  4007.02278   4007.0188   4.0  1  1
		  9  116  1146.51  4006.38471   4006.3806   4.0  1  1
		  9  116  1155.46  4005.96212   4005.9615   4.0  1  1
		  9  116  1168.21  4005.35807   4005.3628   4.0  1  1
		  9  116  1173.70  4005.09694   4005.0928   4.0  1  1
		  9  116  1205.43  4003.58052    4003.574   4.0  1  1
		  9  116  1211.16  4003.30507   4003.3086   4.0  1  1
		  9  116  1215.21   4003.1102   4003.1057   4.0  1  1
		  9  116  1240.48  4001.88804   4001.8935   4.0  1  1
		  9  116  1257.51  4001.05888   4001.0581   4.0  1  1
		  9  116  1273.44   4000.2795   4000.2811   4.0  1  1
		  9  116  1300.42  3998.95046   3998.9526   4.0  1  1
		  9  116  1304.76  3998.73595   3998.7334   4.0  1  1
		 10  115   183.72  4080.36244    4080.358   4.0  1  1
		 10  115   206.82  4079.57567   4079.5738   4.0  1  1
		 10  115   227.45  4078.86686   4078.8751   4.0  1  1
		 10  115   282.56   4076.9446   4076.9432   4.0  1  1
		 10  115   291.49   4076.6294   4076.6284   4.0  1  1
		 10  115   311.52  4075.91758    4075.907   4.0  1  1
		 10  115   323.16  4075.50142    4075.503   4.0  1  1
		 10  115   368.62  4073.85845   4073.8563   4.0  1  1
		 10  115   402.41  4072.61875   4072.6284   4.0  1  1
		 10  115   408.71  4072.38595   4072.3849   4.0  1  1
		 10  115   418.97  4072.00552   4071.9967   4.0  1  1
		 10  115   425.75  4071.75317   4071.7513   4.0  1  1
		 10  115   466.04  4070.24111   4070.2383   4.0  1  1
		 10  115   486.56  4069.46223   4069.4612   4.0  1  1
		 10  115   493.45  4069.19941   4069.2014   4.0  1  1
		 10  115   538.79  4067.45361   4067.4507   4.0  1  1
		 10  115   585.63  4065.61979   4065.6187   4.0  1  1
		 10  115   618.07  4064.33191   4064.3315   4.0  1  1
		 10  115   641.17  4063.40572   4063.4071   4.0  1  1
		 10  115   742.53  4059.25287   4059.2529   4.0  1  1
		 10  115   773.79  4057.94302   4057.9412   4.0  1  1
		 10  115   853.77  4054.52828   4054.5258   4.0  1  1
		 10  115   858.87   4054.3072   4054.3017   4.0  1  1
		 10  115   876.73  4053.53102   4053.5277   4.0  1  1
		 10  115   890.64  4052.92305   4052.9208   4.0  1  1
		 10  115   923.04  4051.49673   4051.4991   4.0  1  1
		 10  115   936.75  4050.88847   4050.8872   4.0  1  1
		 10  115   957.85  4049.94719   4049.9447   4.0  1  1
		 10  115   967.16  4049.52945   4049.5361   4.0  1  1
		 10  115   994.63  4048.29046   4048.2876   4.0  1  1
		 10  115  1012.43  4047.48207   4047.4815   4.0  1  1
		 10  115  1045.51  4045.96665   4045.9654   4.0  1  1
		 10  115  1061.61  4045.22367   4045.2268   4.0  1  1
		 10  115  1068.25  4044.91575   4044.9269   4.0  1  1
		 10  115  1078.94  4044.41921   4044.4179   4.0  1  1
		 10  115  1100.83   4043.3969   4043.3948   4.0  1  1
		 10  115  1111.53  4042.89463   4042.8937   4.0  1  1
		 10  115  1147.35  4041.20124   4041.2036   4.0  1  1
		 10  115  1153.10  4040.92766   4040.9155   4.0  1  1
		 10  115  1175.38  4039.86231   4039.8648   4.0  1  1
		 10  115  1197.40  4038.80257   4038.8043   4.0  1  1
		 10  115  1209.39    4038.222   4038.2287   4.0  1  1
		 10  115  1222.95  4037.56326   4037.5614   4.0  1  1
		 10  115  1243.41   4036.5642   4036.5652   4.0  1  1
		 10  115  1253.92  4036.04861   4036.0479   4.0  1  1
		 10  115  1265.81   4035.4631     4035.46   4.0  1  1
		 10  115  1276.83  4034.91853   4034.9218   4.0  1  1
		 10  115  1290.51  4034.23956   4034.2461   4.0  1  1
		 11  114   195.30  4115.75933   4115.7589   4.0  1  1
		 11  114   281.18   4112.7587   4112.7545   4.0  1  1
		 11  114   334.90  4110.82919    4110.826   4.0  1  1
		 11  114   376.07  4109.32343   4109.3234   4.0  1  1
		 11  114   400.47  4108.41963   4108.4198   4.0  1  1
		 11  114   415.59  4107.85557   4107.8614   4.0  1  1
		 11  114   437.00  4107.05095   4107.0506   4.0  1  1
		 11  114   467.25  4105.90357    4105.915   4.0  1  1
		 11  114   495.04  4104.83824   4104.8385   4.0  1  1
		 11  114   506.84  4104.38252   4104.3821   4.0  1  1
		 11  114   519.17  4103.90441   4103.9121   4.0  1  1
		 11  114   552.09  4102.61737   4102.6177   4.0  1  1
		 11  114   609.39  4100.34003   4100.3414   4.0  1  1
		 11  114   644.33  4098.92895   4098.9327   4.0  1  1
		 11  114   649.29  4098.72747   4098.7316   4.0  1  1
		 11  114   673.32  4097.74485   4097.7478   4.0  1  1
		 11  114   713.65  4096.07824   4096.0759   4.0  1  1
		 11  114   745.47  4094.74643    4094.747   4.0  1  1
		 11  114   770.94  4093.67045   4093.6713   4.0  1  1
		 11  114   777.69  4093.38351   4093.3921   4.0  1  1
		 11  114   825.17  4091.34777   4091.3476   4.0  1  1
		 11  114   875.84  4089.13951   4089.1379   4.0  1  1
		 11  114   885.37  4088.72038   4088.7264   4.0  1  1
		 11  114   917.73    4087.286   4087.2848   4.0  1  1
		 11  114   934.81  4086.52286   4086.5205   4.0  1  1
		 11  114   959.11  4085.43018   4085.4341   4.0  1  1
		 11  114   962.82   4085.2625   4085.2564   4.0  1  1
		 11  114   967.63  4085.04449   4085.0421   4.0  1  1
		 11  114   977.10  4084.61503   4084.6192   4.0  1  1
		 11  114  1002.31  4083.46566   4083.4688   4.0  1  1
		 11  114  1025.70  4082.39029   4082.3872   4.0  1  1
		 11  114  1032.34  4082.08373   4082.0817   4.0  1  1
		 11  114  1042.69  4081.60469   4081.5914   4.0  1  0
		 11  114  1047.73  4081.37059   4081.3678   4.0  1  1
		 11  114  1069.38  4080.36152    4080.358   4.0  1  1
		 11  114  1086.21  4079.57184   4079.5738   4.0  1  1
		 11  114  1100.97  4078.87624   4078.8751   4.0  1  1
		 11  114  1112.84  4078.31406   4078.3015   4.0  1  1
		 11  114  1141.58  4076.94507   4076.9432   4.0  1  1
		 11  114  1148.23  4076.62621   4076.6284   4.0  1  1
		 11  114  1163.34  4075.90011    4075.907   4.0  1  1
		 11  114  1171.55  4075.50398    4075.503   4.0  1  1
		 11  114  1189.22  4074.64813    4074.642   4.0  1  1
		 11  114  1205.46  4073.85699   4073.8563   4.0  1  1
		 11  114  1235.49  4072.38442   4072.3849   4.0  1  1
		 11  114  1243.25  4072.00157   4071.9967   4.0  1  1
		 11  114  1278.63  4070.24428   4070.2383   4.0  1  1
		 11  114  1294.35  4069.45732   4069.4612   4.0  1  1
		 11  114  1299.49  4069.19924   4069.2014   4.0  1  1
		 11  114  1334.13  4067.44875   4067.4507   4.0  1  1
		 12  113   293.43  4148.71728   4148.7269   4.0  1  1
		 12  113   308.30  4148.18029   4148.1816   4.0  1  1
		 12  113   430.48  4143.64915   4143.6491   4.0  1  1
		 12  113   455.35  4142.70121    4142.701   4.0  1  1
		 12  113   461.28  4142.47364   4142.4741   4.0  1  1
		 12  113   482.83  4141.64327   4141.6321   4.0  1  1
		 12  113   515.32  4140.37884   4140.3855   4.0  1  1
		 12  113   518.94  4140.23702    4140.235   4.0  1  1
		 12  113   574.47  4138.03889   4138.0406   4.0  1  1
		 12  113   637.68  4135.48293     4135.48   4.0  1  1
		 12  113   665.91  4134.32307   4134.3235   4.0  1  1
		 12  113   672.04  4134.06973   4134.0681   4.0  1  1
		 12  113   703.63   4132.7556   4132.7533   4.0  1  1
		 12  113   728.26  4131.72112   4131.7235   4.0  1  1
		 12  113   745.32  4130.99957   4131.0021   4.0  1  1
		 12  113   780.18  4129.51187   4129.5116   4.0  1  1
		 12  113   800.42  4128.63991     4128.64   4.0  1  1
		 12  113   813.89   4128.0566   4128.0499   4.0  1  1
		 12  113   828.71  4127.41159    4127.412   4.0  1  1
		 12  113   905.05  4124.03872   4124.0403   4.0  1  1
		 12  113  1026.61  4118.49138   4118.4893   4.0  1  1
		 12  113  1064.57  4116.71409   4116.7137   4.0  1  1
		 12  113  1084.76  4115.76041   4115.7589   4.0  1  1
		 12  113  1147.46  4112.75879   4112.7545   4.0  1  1
		 12  113  1187.19  4110.82594    4110.826   4.0  1  1
		 12  113  1217.68  4109.32639   4109.3234   4.0  1  1
		 12  113  1235.96  4108.42023   4108.4198   4.0  1  1
		 12  113  1247.39  4107.85129   4107.8614   4.0  1  1
		 12  113  1263.49  4107.04671   4107.0506   4.0  1  1
		 12  113  1286.17  4105.90591    4105.915   4.0  1  1
		 12  113  1307.30  4104.83592   4104.8385   4.0  1  1
		 12  113  1316.26   4104.3804   4104.3821   4.0  1  1
		 12  113  1325.61  4103.90347   4103.9121   4.0  1  1
		 12  113  1350.61  4102.62126   4102.6177   4.0  1  1
		 13  112   310.35   4185.1457   4185.1447   4.0  1  1
		 13  112   337.73  4184.13949   4184.1376   4.0  1  1
		 13  112   398.09  4181.88326   4181.8836   4.0  1  1
		 13  112   448.56   4179.9566   4179.9601   4.0  1  1
		 13  112   477.20  4178.84759   4178.8481   4.0  1  1
		 13  112   489.57  4178.36497   4178.3658   4.0  1  1
		 13  112   497.41  4178.05759   4178.0597   4.0  1  1
		 13  112   588.44  4174.42805   4174.4396   4.0  1  1
		 13  112   612.31   4173.4566   4173.4475   4.0  1  1
		 13  112   632.43  4172.63171   4172.6257   4.0  1  1
		 13  112   663.55  4171.34371    4171.341   4.0  1  1
		 13  112   682.99  4170.53248   4170.5333   4.0  1  1
		 13  112   728.03  4168.63143   4168.6341   4.0  1  1
		 13  112   741.64  4168.05125   4168.0464   4.0  1  1
		 13  112   794.60  4165.76777   4165.7661   4.0  1  1
		 13  112   830.84  4164.18172   4164.1795   4.0  1  1
		 13  112   842.74  4163.65664   4163.6469   4.0  1  1
		 13  112   868.61  4162.50795    4162.509   4.0  1  1
		 13  112   885.70  4161.74402   4161.7389   4.0  1  1
		 13  112   931.64  4159.66867   4159.6599   4.0  1  1
		 13  112   955.38  4158.58423   4158.5905   4.0  1  1
		 13  112  1000.27  4156.51037   4156.5166   4.0  1  1
		 13  112  1038.53  4154.71913   4154.7205   4.0  1  1
		 13  112  1113.38   4151.1512   4151.1453   4.0  1  1
		 13  112  1162.99  4148.73937   4148.7269   4.0  1  1
		 13  112  1174.41  4148.17916   4148.1816   4.0  1  1
		 13  112  1187.31  4147.54359   4147.5396   4.0  1  1
		 13  112  1265.34  4143.64475   4143.6491   4.0  1  1
		 13  112  1283.92  4142.70238    4142.701   4.0  1  1
		 13  112  1288.39  4142.47526   4142.4741   4.0  1  1
		 13  112  1332.26  4140.22597    4140.235   4.0  1  1
		 14  111   184.30  4227.38849   4227.3872   4.0  1  1
		 14  111   195.66  4226.98912   4226.9876   4.0  1  1
		 14  111   203.08  4226.72706   4226.7267   4.0  1  1
		 14  111   215.26   4226.2956   4226.2994   4.0  1  1
		 14  111   272.55  4224.23715   4224.2413   4.0  1  1
		 14  111   294.41  4223.43928   4223.4403   4.0  1  1
		 14  111   316.23  4222.63638   4222.6373   4.0  1  1
		 14  111   355.98  4221.15583    4221.153   4.0  1  1
		 14  111   367.21  4220.73332   4220.7323   4.0  1  1
		 14  111   384.77  4220.06937   4220.0651   4.0  1  1
		 14  111   421.51  4218.66527   4218.6649   4.0  1  1
		 14  111   453.44  4217.42987   4217.4308   4.0  1  1
		 14  111   480.48  4216.37193   4216.3722   4.0  1  1
		 14  111   488.29  4216.06444   4216.0698   4.0  1  1
		 14  111   499.39  4215.62568   4215.6272   4.0  1  1
		 14  111   519.39  4214.83117   4214.8285   4.0  1  1
		 14  111   555.81  4213.36944   4213.3779   4.0  1  1
		 14  111   563.31  4213.06576   4213.0673   4.0  1  1
		 14  111   615.65  4210.92573   4210.9232   4.0  1  1
		 14  111   657.33  4209.19342   4209.1964   4.0  1  1
		 14  111   664.63  4208.88714   4208.8907   4.0  1  1
		 14  111   675.96  4208.41065   4208.4108   4.0  1  1
		 14  111   854.07   4200.6732   4200.6745   4.0  1  1
		 14  111   906.33  4198.31433    4198.317   4.0  1  1
		 14  111   979.65  4194.93652   4194.9318   4.0  1  1
		 14  111  1020.55  4193.01713   4193.0164   4.0  1  1
		 14  111  1034.45  4192.35896    4192.362   4.0  1  1
		 14  111  1062.40   4191.0273   4191.0294   4.0  1  1
		 14  111  1068.94  4190.71378   4190.7129   4.0  1  1
		 14  111  1142.65  4187.13649    4187.141   4.0  1  1
		 14  111  1183.00  4185.14321   4185.1447   4.0  1  1
		 14  111  1203.31   4184.1303   4184.1376   4.0  1  1
		 14  111  1247.87  4181.88529   4181.8836   4.0  1  1
		 14  111  1285.47  4179.96736   4179.9601   4.0  1  1
		 14  111  1307.23  4178.84658   4178.8481   4.0  1  1
		 14  111  1316.54  4178.36528   4178.3658   4.0  1  1
		 14  111  1322.44  4178.05924   4178.0597   4.0  1  1
		 15  110   225.46  4264.35301   4264.3399   4.0  1  1
		 15  110   253.17  4263.35058   4263.3561   4.0  1  1
		 15  110   273.57  4262.60523   4262.6124   4.0  1  1
		 15  110   303.52  4261.50051    4261.492   4.0  1  1
		 15  110   309.83  4261.26607   4261.2754   4.0  1  1
		 15  110   317.46  4260.98205   4260.9845   4.0  1  1
		 15  110   334.78  4260.33371    4260.333   4.0  1  1
		 15  110   360.54  4259.36168   4259.3619   4.0  1  1
		 15  110   382.61  4258.52107   4258.5204   4.0  1  1
		 15  110   398.75    4257.902   4257.8982   4.0  1  1
		 15  110   409.32  4257.49441   4257.4963   4.0  1  1
		 15  110   441.30  4256.25146   4256.2537   4.0  1  1
		 15  110   467.22  4255.23342   4255.2373   4.0  1  1
		 15  110   501.79  4253.86046   4253.8674   4.0  1  1
		 15  110   509.77  4253.54101   4253.5385   4.0  1  1
		 15  110   567.89  4251.18681   4251.1846   4.0  1  1
		 15  110   577.80   4250.7804   4250.7749   4.0  1  1
		 15  110   589.10  4250.31534   4250.3146   4.0  1  1
		 15  110   604.58  4249.67517   4249.6791   4.0  1  1
		 15  110   609.55  4249.46927   4249.4761   4.0  1  1
		 15  110   635.45  4248.38852   4248.3908   4.0  1  1
		 15  110   645.03  4247.98639   4247.9886   4.0  1  1
		 15  110   654.30  4247.59585   4247.5988   4.0  1  1
		 15  110   755.35  4243.25755   4243.2611   4.0  1  1
		 15  110   760.72    4243.023   4243.0195   4.0  1  1
		 15  110   767.41  4242.73011   4242.7197   4.0  1  1
		 15  110   804.49  4241.09391   4241.0948   4.0  1  1
		 15  110   815.61  4240.59897   4240.5947   4.0  1  1
		 15  110   890.50  4237.21981   4237.2198   4.0  1  1
		 15  110   916.17  4236.04231   4236.0471   4.0  1  1
		 15  110   928.66  4235.46559   4235.4636   4.0  1  1
		 15  110   975.40  4233.28755   4233.2873   4.0  1  1
		 15  110  1027.45  4230.82288   4230.8242   4.0  1  1
		 15  110  1035.66  4230.43009   4230.4267   4.0  1  1
		 15  110  1047.40   4229.8672   4229.8644   4.0  1  1
		 15  110  1055.86   4229.4599   4229.4545   4.0  1  1
		 15  110  1062.39  4229.14507   4229.1477   4.0  1  1
		 15  110  1082.71  4228.16111    4228.158   4.0  1  1
		 15  110  1098.61  4227.38653   4227.3872   4.0  1  1
		 15  110  1106.70   4226.9908   4226.9876   4.0  1  1
		 15  110  1112.16  4226.72303   4226.7267   4.0  1  1
		 15  110  1120.63  4226.30709   4226.2994   4.0  1  1
		 15  110  1162.45  4224.23707   4224.2413   4.0  1  1
		 15  110  1178.45  4223.43786   4223.4403   4.0  1  1
		 15  110  1194.42  4222.63626   4222.6373   4.0  1  1
		 15  110  1223.80  4221.15086    4221.153   4.0  1  1
		 15  110  1232.12  4220.72824   4220.7323   4.0  1  1
		 15  110  1245.13  4220.06412   4220.0651   4.0  1  1
		 15  110  1272.40   4218.6645   4218.6649   4.0  1  1
		 15  110  1296.28  4217.42913   4217.4308   4.0  1  1
		 15  110  1316.68   4216.3664   4216.3722   4.0  1  1
		 15  110  1322.35   4216.0697   4216.0698   4.0  1  1
		 15  110  1345.78  4214.83942   4214.8285   4.0  1  1
		 16  109   144.87  4306.35601   4306.3668   4.0  1  1
		 16  109   184.46  4304.95419   4304.9565   4.0  1  1
		 16  109   211.34  4303.98938   4303.9892   4.0  1  1
		 16  109   251.58  4302.52543   4302.5261   4.0  1  1
		 16  109   302.25  4300.64861   4300.6495   4.0  1  1
		 16  109   316.82  4300.10212   4300.1008   4.0  1  1
		 16  109   323.73  4299.84163   4299.8393   4.0  1  1
		 16  109   390.04  4297.30825   4297.3066   4.0  1  1
		 16  109   434.37  4295.57884   4295.5849   4.0  1  1
		 16  109   455.97  4294.72582   4294.7193   4.0  1  1
		 16  109   516.37  4292.30438   4292.3057   4.0  1  1
		 16  109   528.52  4291.81086   4291.8098   4.0  1  1
		 16  109   563.21   4290.3895   4290.3937   4.0  1  1
		 16  109   580.71  4289.66612   4289.6551   4.0  1  1
		 16  109   604.62  4288.67027   4288.6688   4.0  1  1
		 16  109   642.37  4287.08079   4287.0808   4.0  1  1
		 16  109   662.46  4286.22616   4286.2285   4.0  1  1
		 16  109   686.60  4285.19169   4285.1823   4.0  1  1
		 16  109   691.57  4284.97743   4284.9749   4.0  1  1
		 16  109   725.31  4283.51467   4283.5184   4.0  1  1
		 16  109   739.45  4282.89674   4282.8976   4.0  1  1
		 16  109   758.72  4282.04953   4282.0413   4.0  1  1
		 16  109   773.08  4281.41444   4281.4145   4.0  1  1
		 16  109   780.81  4281.07136   4281.0678   4.0  1  1
		 16  109   792.20  4280.56443    4280.568   4.0  1  1
		 16  109   825.81  4279.05691   4279.0627   4.0  1  1
		 16  109   842.04  4278.32259   4278.3232   4.0  1  1
		 16  109   859.52  4277.52786   4277.5282   4.0  1  1
		 16  109   863.96  4277.32488   4277.3139   4.0  1  1
		 16  109   875.29  4276.80639   4276.8073   4.0  1  1
		 16  109   910.99  4275.16001   4275.1596   4.0  1  1
		 16  109   935.52  4274.01727   4274.0246   4.0  1  1
		 16  109   949.57  4273.35888   4273.3574   4.0  1  1
		 16  109   959.84   4272.8755   4272.8745   4.0  1  1
		 16  109   974.76    4272.171   4272.1689   4.0  1  1
		 16  109  1021.51   4269.9402   4269.9426   4.0  1  1
		 16  109  1039.63  4269.06652   4269.0639   4.0  1  1
		 16  109  1091.65  4266.53019   4266.5271   4.0  1  1
		 16  109  1096.58  4266.28813   4266.2864   4.0  1  1
		 16  109  1140.43  4264.11442   4264.1064   4.0  1  1
		 16  109  1155.58  4263.35636   4263.3561   4.0  1  1
		 16  109  1170.40   4262.6112   4262.6124   4.0  1  1
		 16  109  1192.72  4261.48268    4261.492   4.0  1  1
		 16  109  1196.68  4261.28187   4261.2754   4.0  1  1
		 16  109  1202.52  4260.98509   4260.9845   4.0  1  1
		 16  109  1215.36   4260.3302    4260.333   4.0  1  1
		 16  109  1234.32  4259.35885   4259.3619   4.0  1  1
		 16  109  1250.59  4258.52078   4258.5204   4.0  1  1
		 16  109  1262.61  4257.89849   4257.8982   4.0  1  1
		 16  109  1270.36  4257.49626   4257.4963   4.0  1  1
		 16  109  1294.20  4256.25308   4256.2537   4.0  1  1
		 16  109  1313.46  4255.24173   4255.2373   4.0  1  1
		 16  109  1345.54  4253.54472   4253.5385   4.0  1  1
		 17  108   139.12  4346.43568   4346.4367   4.0  1  1
		 17  108   174.70  4345.16878    4345.168   4.0  1  1
		 17  108   198.05  4344.32708   4344.3265   4.0  1  1
		 17  108   208.32  4343.95442   4343.9515   4.0  1  1
		 17  108   224.13   4343.3776   4343.3817   4.0  1  1
		 17  108   249.53  4342.44327   4342.4442   4.0  1  1
		 17  108   291.09  4340.89416   4340.8954   4.0  1  1
		 17  108   364.10  4338.11137   4338.1078   4.0  1  1
		 17  108   385.57  4337.27837   4337.2774   4.0  1  1
		 17  108   390.87  4337.07167   4337.0708   4.0  1  1
		 17  108   434.89  4335.33862   4335.3379   4.0  1  1
		 17  108   479.35  4333.55923   4333.5612   4.0  1  1
		 17  108   509.39  4332.34059   4332.3395   4.0  1  1
		 17  108   516.96  4332.03124   4332.0297   4.0  1  1
		 17  108   537.25  4331.19858   4331.1995   4.0  1  1
		 17  108   545.75  4330.84778   4330.8438   4.0  1  1
		 17  108   556.31  4330.41027    4330.412   4.0  1  1
		 17  108   592.14  4328.91475   4328.9154   4.0  1  1
		 17  108   620.51  4327.71659   4327.7145   4.0  1  1
		 17  108   663.85   4325.8637   4325.8599   4.0  1  1
		 17  108   677.50  4325.27434   4325.2741   4.0  1  1
		 17  108   794.13  4320.12442   4320.1264   4.0  1  1
		 17  108   816.61  4319.10842   4319.0973   4.0  1  1
		 17  108   831.85  4318.41557   4318.4157   4.0  1  1
		 17  108   844.36  4317.84364     4317.84   4.0  1  1
		 17  108   876.47  4316.36554   4316.3726   4.0  1  1
		 17  108   882.02  4316.10878   4316.1094   4.0  1  1
		 17  108   885.44  4315.95015   4315.9484   4.0  1  1
		 17  108   900.44  4315.25221   4315.2543   4.0  1  1
		 17  108   920.41  4314.31792   4314.3195   4.0  1  1
		 17  108   935.73  4313.59682   4313.6025   4.0  1  1
		 17  108   941.68  4313.31594   4313.3084   4.0  1  1
		 17  108   948.52  4312.99234   4312.9975   4.0  1  1
		 17  108   973.60  4311.79941   4311.7994   4.0  1  1
		 17  108  1026.72  4309.24073   4309.2392   4.0  1  1
		 17  108  1040.12  4308.58799   4308.6001   4.0  1  1
		 17  108  1049.69  4308.12058    4308.122   4.0  1  1
		 17  108  1068.92  4307.17671   4307.1762   4.0  1  1
		 17  108  1085.46  4306.36033   4306.3668   4.0  1  1
		 17  108  1113.67  4304.95792   4304.9565   4.0  1  1
		 17  108  1133.10  4303.98492   4303.9892   4.0  1  1
		 17  108  1161.80  4302.53667   4302.5261   4.0  1  1
		 17  108  1198.77  4300.65199   4300.6495   4.0  1  1
		 17  108  1209.50  4300.10084   4300.1008   4.0  1  1
		 17  108  1263.35   4297.3071   4297.3066   4.0  1  1
		 17  108  1296.20  4295.58007   4295.5849   4.0  1  1
		 17  108  1312.36  4294.72441   4294.7193   4.0  1  1
		 18  107   194.63  4385.05693   4385.0566   4.0  1  1
		 18  107   280.67   4381.8625   4381.8601   4.0  1  1
		 18  107   292.91  4381.39925   4381.4018   4.0  1  1
		 18  107   322.11  4380.28468   4380.2863   4.0  1  1
		 18  107   338.19  4379.66574   4379.6668   4.0  1  1
		 18  107   376.47  4378.17686   4378.1768   4.0  1  1
		 18  107   418.15  4376.53099   4376.5309   4.0  1  1
		 18  107   432.58  4375.95506   4375.9542   4.0  1  1
		 18  107   477.94  4374.12463   4374.1239   4.0  1  1
		 18  107   517.81  4372.49077     4372.49   4.0  1  1
		 18  107   545.75  4371.33128    4371.329   4.0  1  1
		 18  107   559.55  4370.75442   4370.7532   4.0  1  1
		 18  107   580.45  4369.87534   4369.8756   4.0  1  1
		 18  107   628.46  4367.83138   4367.8316   4.0  1  1
		 18  107   638.12  4367.41612    4367.418   4.0  1  1
		 18  107   648.59  4366.96442   4366.9657   4.0  1  1
		 18  107   672.41  4365.92993   4365.9301   4.0  1  1
		 18  107   715.59  4364.03362   4364.0401   4.0  1  1
		 18  107   720.94  4363.79682   4363.7945   4.0  1  1
		 18  107   750.66  4362.47262   4362.4721   4.0  1  1
		 18  107   759.66   4362.0691   4362.0662   4.0  1  1
		 18  107   776.55  4361.30849   4361.3071   4.0  1  1
		 18  107   789.70  4360.71317   4360.7178   4.0  1  1
		 18  107   801.66  4360.16977   4360.1672   4.0  1  1
		 18  107   819.15  4359.37078   4359.3719   4.0  1  1
		 18  107   841.99  4358.32039     4358.32   4.0  1  1
		 18  107   857.28  4357.61281   4357.6132   4.0  1  1
		 18  107   890.81   4356.0488   4356.0445   4.0  1  1
		 18  107   901.79  4355.53248   4355.5259   4.0  1  1
		 18  107   906.45  4355.31335   4355.3205   4.0  1  1
		 18  107   923.93  4354.48688   4354.4824   4.0  1  1
		 18  107   945.71  4353.45046   4353.4487   4.0  1  1
		 18  107   959.10  4352.80965   4352.8201   4.0  1  1
		 18  107   963.19  4352.61295   4352.6122   4.0  1  1
		 18  107   971.64    4352.207   4352.2049   4.0  1  1
		 18  107   990.91  4351.27586   4351.2719   4.0  1  1
		 18  107  1011.53   4350.2738   4350.2717   4.0  1  1
		 18  107  1036.10  4349.07037   4349.0722   4.0  1  1
		 18  107  1045.65  4348.60029   4348.5982   4.0  1  1
		 18  107  1056.51  4348.06402    4348.064   4.0  1  1
		 18  107  1089.35  4346.43082   4346.4367   4.0  1  1
		 18  107  1114.51  4345.16791    4345.168   4.0  1  1
		 18  107  1131.21   4344.3243   4344.3265   4.0  1  1
		 18  107  1138.56  4343.95144   4343.9515   4.0  1  1
		 18  107  1145.19  4343.61461   4343.6035   4.0  1  1
		 18  107  1149.65  4343.38737   4343.3817   4.0  1  1
		 18  107  1168.19  4342.44005   4342.4442   4.0  1  1
		 18  107  1198.24   4340.8929   4340.8954   4.0  1  1
		 18  107  1217.76  4339.88054   4339.8716   4.0  1  1
		 18  107  1267.41  4337.27691   4337.2774   4.0  1  1
		 18  107  1271.31  4337.07103   4337.0708   4.0  1  1
		 18  107  1303.83  4335.34198   4335.3379   4.0  1  1
		 18  107  1336.89  4333.56662   4333.5612   4.0  1  1
		 19  106   206.26  4425.99998   4426.0011   4.0  1  1
		 19  106   237.54  4424.83539   4424.8373   4.0  1  1
		 19  106   267.17  4423.71874   4423.7202   4.0  1  1
		 19  106   310.81  4422.05056   4422.0479   4.0  1  1
		 19  106   323.89  4421.54511   4421.5439   4.0  1  1
		 19  106   356.66  4420.26717   4420.2571   4.0  1  1
		 19  106   369.56  4419.75938   4419.7692   4.0  1  1
		 19  106   442.52  4416.84273   4416.8447   4.0  1  1
		 19  106   457.48   4416.2348    4416.237   4.0  1  1
		 19  106   493.07  4414.77493    4414.767   4.0  1  1
		 19  106   500.02  4414.48765   4414.4863   4.0  1  1
		 19  106   520.68  4413.62914   4413.6324   4.0  1  1
		 19  106   608.65  4409.90284   4409.8991   4.0  1  1
		 19  106   632.30  4408.88108   4408.8828   4.0  1  1
		 19  106   766.43   4402.9259   4402.9271   4.0  1  1
		 19  106   773.37  4402.61033   4402.6001   4.0  1  1
		 19  106   781.40  4402.24429   4402.2452   4.0  1  1
		 19  106   808.78  4400.98891   4400.9863   4.0  1  1
		 19  106   828.12  4400.09488   4400.0968   4.0  1  1
		 19  106   842.96  4399.40528    4399.406   4.0  1  1
		 19  106   874.88  4397.91025   4397.9149   4.0  1  1
		 19  106   905.25  4396.47326   4396.4783   4.0  1  1
		 19  106   912.25  4396.13973   4396.1394   4.0  1  1
		 19  106   961.74  4393.76181    4393.759   4.0  1  1
		 19  106   977.93  4392.97573    4392.974   4.0  1  1
		 19  106  1016.02  4391.10981   4391.1105   4.0  1  1
		 19  106  1059.03  4388.97567    4388.968   4.0  1  1
		 19  106  1076.36  4388.10722   4388.1014   4.0  1  1
		 19  106  1122.86  4385.75445   4385.7535   4.0  1  1
		 19  106  1136.51  4385.05712   4385.0566   4.0  1  1
		 19  106  1198.40  4381.85781   4381.8601   4.0  1  1
		 19  106  1207.32  4381.39158   4381.4018   4.0  1  1
		 19  106  1228.51   4380.2788   4380.2863   4.0  1  1
		 19  106  1240.13  4379.66565   4379.6668   4.0  1  1
		 19  106  1268.20  4378.17513   4378.1768   4.0  1  1
		 19  106  1298.75  4376.53858   4376.5309   4.0  1  1
		 19  106  1309.54  4375.95704   4375.9542   4.0  1  1
		 19  106  1343.29  4374.12494   4374.1239   4.0  1  1
		 20  105   129.34  4470.98391   4470.9906   4.0  1  1
		 20  105   169.30   4469.5265   4469.5253   4.0  1  1
		 20  105   201.52  4468.33365   4468.3208   4.0  1  1
		 20  105   280.59  4465.34029   4465.3406   4.0  1  1
		 20  105   312.00    4464.125   4464.1386   4.0  1  0
		 20  105   319.56  4463.83007   4463.8346   4.0  1  1
		 20  105   323.74  4463.66671    4463.666   4.0  1  1
		 20  105   377.76  4461.53221   4461.5278   4.0  1  1
		 20  105   402.12  4460.55563   4460.5574   4.0  1  1
		 20  105   446.66  4458.74598   4458.7384   4.0  1  1
		 20  105   464.73  4458.00334   4458.0015   4.0  1  1
		 20  105   483.43  4457.22972   4457.2362   4.0  1  1
		 20  105   541.88  4454.77721   4454.7738   4.0  1  1
		 20  105   556.75  4454.14517   4454.1392   4.0  1  1
		 20  105   593.54  4452.56649   4452.5655   4.0  1  1
		 20  105   634.17  4450.79897    4450.804   4.0  1  1
		 20  105   663.29  4449.51724   4449.5206   4.0  1  1
		 20  105   677.63  4448.88109   4448.8792   4.0  1  1
		 20  105   701.15  4447.83052   4447.8346   4.0  1  1
		 20  105   714.60  4447.22632   4447.2296   4.0  1  1
		 20  105   743.96  4445.89757   4445.9012   4.0  1  1
		 20  105   763.01  4445.02834   4445.0338   4.0  1  1
		 20  105   792.55    4443.669   4443.6657   4.0  1  1
		 20  105   805.21  4443.08257   4443.0863   4.0  1  1
		 20  105   836.69    4441.613   4441.6084   4.0  1  1
		 20  105   852.51  4440.86871   4440.8659   4.0  1  1
		 20  105   858.72  4440.57552   4440.5737   4.0  1  1
		 20  105   873.46  4439.87715   4439.8793   4.0  1  1
		 20  105   882.26  4439.45861   4439.4614   4.0  1  1
		 20  105   889.39  4439.11866   4439.1237   4.0  1  1
		 20  105   897.17  4438.74677   4438.7464   4.0  1  1
		 20  105   933.60  4436.99284   4436.9961   4.0  1  1
		 20  105   948.37  4436.27556   4436.2844   4.0  1  1
		 20  105   952.80  4436.05975   4436.0484   4.0  1  1
		 20  105   960.73  4435.67324   4435.6787   4.0  1  1
		 20  105   975.45  4434.95208   4434.9564   4.0  1  1
		 20  105   998.09  4433.83638    4433.838   4.0  1  1
		 20  105  1005.09  4433.49019   4433.4907   4.0  1  1
		 20  105  1015.65  4432.96586   4432.9628   4.0  1  1
		 20  105  1029.98  4432.25175   4432.2523   4.0  1  1
		 20  105  1055.02  4430.99559   4430.9963   4.0  1  1
		 20  105  1071.00  4430.18886    4430.189   4.0  1  1
		 20  105  1102.97   4428.5627   4428.5536   4.0  1  1
		 20  105  1152.64  4426.00402   4426.0011   4.0  1  1
		 20  105  1175.03   4424.8372   4424.8373   4.0  1  1
		 20  105  1196.38  4423.71729   4423.7202   4.0  1  1
		 20  105  1227.90  4422.05026   4422.0479   4.0  1  1
		 20  105  1237.43  4421.54322   4421.5439   4.0  1  1
		 20  105  1261.55   4420.2528   4420.2571   4.0  1  1
		 20  105  1270.63  4419.76428   4419.7692   4.0  1  1
		 20  105  1324.38  4416.84585   4416.8447   4.0  1  1
		 21  104    97.86  4515.11963   4515.1182   4.0  1  1
		 21  104   137.49  4513.68014   4513.6799   4.0  1  1
		 21  104   149.87  4513.22553   4513.2231   4.0  1  1
		 21  104   216.65  4510.73272   4510.7332   4.0  1  1
		 21  104   292.17  4507.83163   4507.8339   4.0  1  1
		 21  104   326.52  4506.48349    4506.473   4.0  1  1
		 21  104   358.45  4505.21403   4505.2167   4.0  1  1
		 21  104   415.02  4502.92719   4502.9268   4.0  1  1
		 21  104   486.17  4499.98145   4499.9832   4.0  1  1
		 21  104   510.77  4498.94527   4498.9401   4.0  1  1
		 21  104   520.37  4498.53805   4498.5384   4.0  1  1
		 21  104   535.22  4497.90602   4497.9144   4.0  1  1
		 21  104   572.29  4496.31259   4496.3155   4.0  1  1
		 21  104   609.51  4494.69197   4494.6907   4.0  1  1
		 21  104   640.38  4493.33168   4493.3337   4.0  1  1
		 21  104   668.07  4492.09872   4492.1007   4.0  1  1
		 21  104   692.90  4490.98311   4490.9816   4.0  1  1
		 21  104   699.85   4490.6691   4490.6715   4.0  1  1
		 21  104   722.01  4489.66328   4489.6645   4.0  1  1
		 21  104   743.54   4488.6785   4488.6803   4.0  1  1
		 21  104   751.61  4488.30768   4488.3123   4.0  1  1
		 21  104   769.25  4487.49316   4487.4955   4.0  1  1
		 21  104   782.13   4486.8958   4486.8973   4.0  1  1
		 21  104   857.49  4483.34693   4483.3468   4.0  1  1
		 21  104   889.53  4481.81102   4481.8107   4.0  1  1
		 21  104   915.48  4480.55521   4480.5453   4.0  1  1
		 21  104   921.41  4480.26683   4480.2661   4.0  1  1
		 21  104   934.36  4479.63511   4479.6376   4.0  1  1
		 21  104   955.54  4478.59611   4478.5958   4.0  1  1
		 21  104   959.41  4478.40533   4478.4032   4.0  1  1
		 21  104  1023.36  4475.22069   4475.2214   4.0  1  1
		 21  104  1032.51  4474.75966   4474.7594   4.0  1  1
		 21  104  1106.43  4470.98609   4470.9906   4.0  1  1
		 21  104  1134.56  4469.52688   4469.5253   4.0  1  1
		 21  104  1141.15  4469.18324   4469.1891   4.0  1  1
		 21  104  1157.63  4468.32015   4468.3208   4.0  1  1
		 21  104  1202.00  4465.97568   4465.9751   4.0  1  1
		 21  104  1213.94   4465.3391   4465.3406   4.0  1  1
		 21  104  1236.36  4464.13775   4464.1386   4.0  1  1
		 21  104  1245.13  4463.66523    4463.666   4.0  1  1
		 21  104  1284.53  4461.52826   4461.5278   4.0  1  1
		 21  104  1302.33  4460.55417   4460.5574   4.0  1  1
		 21  104  1348.47    4458.004   4458.0015   4.0  1  1
		 22  103   114.78  4558.34246   4558.3458   4.0  1  1
		 22  103   182.91  4555.81138   4555.8127   4.0  1  1
		 22  103   278.08  4552.15658   4552.1536   4.0  1  1
		 22  103   295.42  4551.47544   4551.4736   4.0  1  1
		 22  103   388.09  4547.75837   4547.7589   4.0  1  1
		 22  103   400.63  4547.24522   4547.2498   4.0  1  1
		 22  103   414.49  4546.67499   4546.6757   4.0  1  1
		 22  103   432.81  4545.91723   4545.9156   4.0  1  1
		 22  103   453.54  4545.05334   4545.0519   4.0  1  1
		 22  103   466.29  4544.51846   4544.5142   4.0  1  1
		 22  103   481.70  4543.86926   4543.8692   4.0  1  1
		 22  103   492.57   4543.4085   4543.4153   4.0  1  1
		 22  103   548.69  4541.00278    4540.999   4.0  1  1
		 22  103   625.27  4537.64162   4537.6426   4.0  1  1
		 22  103   662.52  4535.97365   4535.9798   4.0  1  1
		 22  103   673.21  4535.49086   4535.4903   4.0  1  1
		 22  103   678.45  4535.25395   4535.2546   4.0  1  1
		 22  103   697.00  4534.41044   4534.4025   4.0  1  1
		 22  103   703.36  4534.12016   4534.1198   4.0  1  1
		 22  103   721.31  4533.29731   4533.3042   4.0  1  1
		 22  103   726.19  4533.07266    4533.077   4.0  1  1
		 22  103   743.72   4532.2627   4532.2577   4.0  1  1
		 22  103   755.73  4531.70499   4531.7134   4.0  1  1
		 22  103   780.43   4530.5512   4530.5523   4.0  1  1
		 22  103   785.44  4530.31627   4530.3191   4.0  1  1
		 22  103   833.62  4528.03404   4528.0208   4.0  1  0
		 22  103   899.78  4524.84002   4524.8379   4.0  1  1
		 22  103   914.51   4524.1197   4524.1289   4.0  1  1
		 22  103   950.92  4522.32388    4522.323   4.0  1  1
		 22  103   962.75  4521.73583   4521.7407   4.0  1  1
		 22  103   973.54  4521.19763   4521.1939   4.0  1  1
		 22  103  1012.15  4519.25588   4519.2592   4.0  1  1
		 22  103  1055.70  4517.03702   4517.0352   4.0  1  1
		 22  103  1083.02  4515.62904   4515.6274   4.0  1  1
		 22  103  1092.83  4515.12091   4515.1182   4.0  1  1
		 22  103  1120.49   4513.6789   4513.6799   4.0  1  1
		 22  103  1129.25  4513.21974   4513.2231   4.0  1  1
		 22  103  1143.27  4512.48168   4512.4832   4.0  1  1
		 22  103  1176.31  4510.73031   4510.7332   4.0  1  1
		 22  103  1230.29  4507.83017   4507.8339   4.0  1  1
		 22  103  1255.00  4506.48653    4506.473   4.0  1  0
		 22  103  1278.21  4505.21488   4505.2167   4.0  1  1
		 22  103  1319.52   4502.9296   4502.9268   4.0  1  1
		 23  102   111.82  4603.14655   4603.1446   4.0  1  1
		 23  102   227.73  4598.76218   4598.7627   4.0  1  1
		 23  102   290.46  4596.30215   4596.3078   4.0  1  1
		 23  102   295.62   4596.0971   4596.0967   4.0  1  1
		 23  102   312.57  4595.42074   4595.4206   4.0  1  1
		 23  102   356.60  4593.64247   4593.6437   4.0  1  1
		 23  102   373.41   4592.9557   4592.9675   4.0  1  1
		 23  102   380.49  4592.66507    4592.666   4.0  1  1
		 23  102   446.99  4589.89828   4589.8978   4.0  1  1
		 23  102   465.14  4589.13096   4589.1222   4.0  1  1
		 23  102   481.67  4588.42772   4588.4261   4.0  1  1
		 23  102   646.62  4581.17745   4581.1732   4.0  1  1
		 23  102   676.35  4579.82553   4579.8272   4.0  1  1
		 23  102   686.69  4579.35218   4579.3495   4.0  1  1
		 23  102   725.34   4577.5675   4577.5822   4.0  1  0
		 23  102   771.27  4575.41564   4575.4259   4.0  1  1
		 23  102   774.87  4575.24569   4575.2338   4.0  1  1
		 23  102   794.65  4574.30759   4574.3058   4.0  1  1
		 23  102   800.49   4574.0296   4574.0279   4.0  1  1
		 23  102   807.35  4573.70202   4573.7038   4.0  1  1
		 23  102   852.59  4571.52432   4571.5312   4.0  1  1
		 23  102   858.79  4571.22332   4571.2195   4.0  1  1
		 23  102   863.93  4570.97295   4570.9722   4.0  1  1
		 23  102   913.93    4568.519   4568.5235   4.0  1  1
		 23  102   921.53  4568.14214   4568.1426   4.0  1  1
		 23  102   939.61  4567.24273   4567.2403   4.0  1  1
		 23  102   987.49  4564.83501   4564.8354   4.0  1  1
		 23  102   995.95  4564.40568   4564.4054   4.0  1  1
		 23  102  1033.62  4562.48003   4562.4756   4.0  1  1
		 23  102  1041.47   4562.0757   4562.0803   4.0  1  1
		 23  102  1055.51  4561.35026   4561.3477   4.0  1  1
		 23  102  1094.61   4559.3132    4559.312   4.0  1  1
		 23  102  1099.42  4559.06051   4559.0571   4.0  1  1
		 23  102  1113.10  4558.34071   4558.3458   4.0  1  1
		 23  102  1150.16  4556.37517   4556.3872   4.0  1  1
		 23  102  1160.62   4555.8162   4555.8127   4.0  1  1
		 23  102  1228.34  4552.15398   4552.1536   4.0  1  1
		 23  102  1240.71  4551.47636   4551.4736   4.0  1  1
		 23  102  1297.39  4548.33953   4548.3261   4.0  1  0
		 23  102  1307.70  4547.76339   4547.7589   4.0  1  1
		 23  102  1316.97  4547.24324   4547.2498   4.0  1  1
		 23  102  1327.04  4546.67702   4546.6757   4.0  1  1
		 23  102  1340.48  4545.91833   4545.9156   4.0  1  1
		 23  102  1355.62  4545.06032   4545.0519   4.0  1  1
		 24  101    71.00  4650.23631   4650.2343   4.0  1  1
		 24  101   151.14  4647.24947   4647.2509   4.0  1  1
		 24  101   165.93  4646.68758   4646.6861   4.0  1  1
		 24  101   217.36  4644.70562   4644.7072   4.0  1  1
		 24  101   246.80  4643.55258   4643.5566   4.0  1  1
		 24  101   334.36  4640.04337   4640.0462   4.0  1  1
		 24  101   347.32  4639.51334   4639.5188   4.0  1  1
		 24  101   367.48  4638.68435   4638.6849   4.0  1  1
		 24  101   381.19    4638.117   4638.1259   4.0  1  1
		 24  101   402.43  4637.23205   4637.2328   4.0  1  1
		 24  101   483.91  4633.77138   4633.7657   4.0  1  1
		 24  101   530.24  4631.75702   4631.7617   4.0  1  1
		 24  101   604.83  4628.44333   4628.4409   4.0  1  1
		 24  101   610.28  4628.19766   4628.2015   4.0  1  1
		 24  101   630.22  4627.29525    4627.298   4.0  1  1
		 24  101   669.57  4625.49604   4625.4938   4.0  1  1
		 24  101   674.38  4625.27409   4625.2747   4.0  1  1
		 24  101   679.16  4625.05349   4625.0538   4.0  1  1
		 24  101   687.35  4624.67473   4624.6776   4.0  1  1
		 24  101   695.20  4624.31056    4624.314   4.0  1  1
		 24  101   698.75  4624.14558   4624.1365   4.0  1  1
		 24  101   703.96  4623.90311   4623.8911   4.0  1  1
		 24  101   720.56   4623.1277   4623.1169   4.0  1  1
		 24  101   742.16  4622.11171   4622.1209   4.0  1  1
		 24  101   762.33  4621.15654   4621.1629   4.0  1  1
		 24  101   777.40  4620.43894   4620.4476   4.0  1  1
		 24  101   781.39  4620.24801   4620.2408   4.0  1  1
		 24  101   797.26  4619.48692   4619.4794   4.0  1  1
		 24  101   859.86  4616.44583   4616.4523   4.0  1  1
		 24  101   871.22  4615.88759   4615.8838   4.0  1  1
		 24  101   882.45  4615.33303    4615.334   4.0  1  1
		 24  101   888.64   4615.0265    4615.024   4.0  1  1
		 24  101   917.29  4613.60035   4613.6044   4.0  1  1
		 24  101   938.40  4612.54094   4612.5435   4.0  1  1
		 24  101   952.06  4611.85171   4611.8597   4.0  1  1
		 24  101   976.21  4610.62537   4610.6272   4.0  1  1
		 24  101   996.79  4609.57302   4609.5673   4.0  1  1
		 24  101  1015.33  4608.61881   4608.6201   4.0  1  1
		 24  101  1028.57  4607.93397   4607.9347   4.0  1  1
		 24  101  1039.41  4607.37087    4607.378   4.0  1  1
		 24  101  1055.92  4606.51005   4606.5021   4.0  1  1
		 24  101  1119.67  4603.14303   4603.1446   4.0  1  1
		 24  101  1124.53  4602.88374   4602.8862   4.0  1  1
		 24  101  1162.03  4600.86864   4600.8717   4.0  1  1
		 24  101  1183.47  4599.70538   4599.7046   4.0  1  1
		 24  101  1200.70  4598.76529   4598.7627   4.0  1  1
		 24  101  1249.19  4596.09304   4596.0967   4.0  1  1
		 24  101  1261.33  4595.41773   4595.4206   4.0  1  1
		 24  101  1293.07  4593.63977   4593.6437   4.0  1  1
		 24  101  1305.21   4592.9553   4592.9675   4.0  1  1
		 24  101  1310.38  4592.66298    4592.666   4.0  1  1
		 25  100    30.86  4698.21628   4698.2248   4.0  1  1
		 25  100   105.60  4695.45499   4695.4542   4.0  1  1
		 25  100   116.62  4695.04001   4695.0381   4.0  1  1
		 25  100   141.69  4694.08971   4694.0914   4.0  1  1
		 25  100   205.32  4691.63218   4691.6354   4.0  1  1
		 25  100   212.45  4691.35311   4691.3452   4.0  1  1
		 25  100   219.98  4691.05703   4691.0516   4.0  1  1
		 25  100   231.07  4690.61961   4690.6219   4.0  1  1
		 25  100   340.57  4686.19646   4686.1946   4.0  1  1
		 25  100   408.62  4683.35215   4683.3517   4.0  1  1
		 25  100   423.18  4682.73383   4682.7322   4.0  1  1
		 25  100   471.82  4680.64467    4680.646   4.0  1  1
		 25  100   481.25  4680.23534   4680.2377   4.0  1  1
		 25  100   526.88  4678.23479   4678.2352   4.0  1  1
		 25  100   555.25  4676.97392   4676.9721   4.0  1  1
		 25  100   575.61  4676.06127   4676.0555   4.0  1  1
		 25  100   590.72  4675.38004    4675.376   4.0  1  1
		 25  100   628.47  4673.66102   4673.6609   4.0  1  1
		 25  100   655.20  4672.43027   4672.4372   4.0  1  1
		 25  100   707.56  4669.98657   4669.9842   4.0  1  1
		 25  100   745.80  4668.17396   4668.1716   4.0  1  1
		 25  100   774.50  4666.79807   4666.7985   4.0  1  1
		 25  100   780.40  4666.51356   4666.5158   4.0  1  1
		 25  100   790.81  4666.00984    4666.005   4.0  1  1
		 25  100   812.22  4664.96938   4664.9704   4.0  1  1
		 25  100   848.27  4663.19999   4663.2026   4.0  1  1
		 25  100   860.59  4662.59032   4662.5936   4.0  1  1
		 25  100   904.58  4660.39418   4660.3941   4.0  1  1
		 25  100   920.84  4659.57443   4659.5698   4.0  1  1
		 25  100   953.66  4657.90596   4657.9012   4.0  1  1
		 25  100   980.02  4656.55337   4656.5518   4.0  1  1
		 25  100   987.26  4656.17983   4656.1849   4.0  1  1
		 25  100  1005.90  4655.21441   4655.2126   4.0  1  1
		 25  100  1067.43   4651.9858   4651.9895   4.0  1  1
		 25  100  1075.48  4651.55875   4651.5552   4.0  1  1
		 25  100  1100.33  4650.23357   4650.2343   4.0  1  1
		 25  100  1105.27  4649.96896   4649.9777   4.0  1  1
		 25  100  1142.41  4647.96571   4647.9564   4.0  1  1
		 25  100  1155.55  4647.25148   4647.2509   4.0  1  1
		 25  100  1165.90  4646.68695   4646.6861   4.0  1  1
		 25  100  1201.88  4644.70991   4644.7072   4.0  1  1
		 25  100  1222.58  4643.56226   4643.5566   4.0  1  1
		 25  100  1285.33  4640.03911   4640.0462   4.0  1  1
		 25  100  1291.12  4639.71044   4639.7036   4.0  1  1
		 25  100  1294.56  4639.51509   4639.5188   4.0  1  1
		 25  100  1309.19  4638.68154   4638.6849   4.0  1  1
		 25  100  1318.89  4638.12702   4638.1259   4.0  1  1
		 25  100  1334.45  4637.23328   4637.2328   4.0  1  1
		 26   99    40.43  4745.32719   4745.3375   4.0  1  1
		 26   99    84.20  4743.69821    4743.687   4.0  1  1
		 26   99   114.00  4742.57142   4742.5671   4.0  1  1
		 26   99   126.01  4742.11352   4742.1174   4.0  1  1
		 26   99   146.88  4741.31201   4741.3039   4.0  1  1
		 26   99   156.06  4740.95718   4740.9585   4.0  1  1
		 26   99   166.96  4740.53421   4740.5292   4.0  1  1
		 26   99   188.92  4739.67608   4739.6764   4.0  1  1
		 26   99   233.30  4737.91872   4737.9172   4.0  1  1
		 26   99   283.22  4735.90453   4735.9058   4.0  1  1
		 26   99   328.41  4734.04652   4734.0458   4.0  1  1
		 26   99   376.06  4732.05261   4732.0532   4.0  1  1
		 26   99   403.65  4730.88113   4730.8815   4.0  1  1
		 26   99   408.56  4730.67133   4730.6593   4.0  1  1
		 26   99   427.02  4729.87942   4729.8795   4.0  1  1
		 26   99   444.42  4729.12833   4729.1282   4.0  1  1
		 26   99   467.33  4728.13124    4728.133   4.0  1  1
		 26   99   473.98  4727.84056   4727.8491   4.0  1  1
		 26   99   496.10  4726.86805   4726.8683   4.0  1  1
		 26   99   542.99   4724.7802   4724.7723   4.0  1  1
		 26   99   565.08   4723.7843    4723.784   4.0  1  1
		 26   99   572.64  4723.44167   4723.4382   4.0  1  1
		 26   99   602.35  4722.08622   4722.0886   4.0  1  1
		 26   99   613.14  4721.59069    4721.591   4.0  1  1
		 26   99   619.94  4721.27702   4721.2765   4.0  1  1
		 26   99   630.56  4720.78624   4720.7811   4.0  1  1
		 26   99   637.60  4720.45975   4720.4586   4.0  1  1
		 26   99   647.89  4719.98109   4719.9795   4.0  1  1
		 26   99   659.41  4719.44325   4719.4424   4.0  1  1
		 26   99   702.99  4717.38955   4717.3905   4.0  1  1
		 26   99   744.16  4715.42091   4715.4308   4.0  1  1
		 26   99   797.31   4712.8386   4712.8408   4.0  1  1
		 26   99   804.58  4712.48208   4712.4814   4.0  1  1
		 26   99   814.27  4712.00513   4712.0056   4.0  1  1
		 26   99   838.16  4710.82271   4710.8238   4.0  1  1
		 26   99   888.59  4708.29595    4708.294   4.0  1  1
		 26   99   913.25  4707.04531    4707.045   4.0  1  1
		 26   99   928.69  4706.25678   4706.2511   4.0  1  1
		 26   99   938.42  4705.75814   4705.7606   4.0  1  1
		 26   99   972.62  4703.99238   4703.9898   4.0  1  1
		 26   99   984.79   4703.3596   4703.3581   4.0  1  1
		 26   99  1004.69  4702.31884   4702.3161   4.0  1  1
		 26   99  1034.08  4700.77066   4700.7711   4.0  1  1
		 26   99  1045.91  4700.14274   4700.1402   4.0  1  1
		 26   99  1081.65  4698.23293   4698.2248   4.0  1  1
		 26   99  1132.90  4695.45636   4695.4542   4.0  1  1
		 26   99  1140.54  4695.03863   4695.0381   4.0  1  1
		 26   99  1157.74  4694.09424   4694.0914   4.0  1  1
		 26   99  1197.74  4691.87922   4691.8842   4.0  1  1
		 26   99  1202.26  4691.62689   4691.6354   4.0  1  1
		 26   99  1212.63  4691.04782   4691.0516   4.0  1  1
		 26   99  1220.27  4690.61942   4690.6219   4.0  1  1
		 26   99  1298.20  4686.19349   4686.1946   4.0  1  1
		 26   99  1347.32  4683.34918   4683.3517   4.0  1  1
		 27   98    53.79  4793.25672   4793.2446   4.0  1  1
		 27   98    84.92  4792.08303   4792.0819   4.0  1  1
		 27   98   154.91  4789.38721   4789.3868   4.0  1  1
		 27   98   211.54  4787.14783    4787.148   4.0  1  1
		 27   98   226.85   4786.5336    4786.531   4.0  1  1
		 27   98   288.13  4784.03701   4784.0396   4.0  1  1
		 27   98   292.37  4783.86195   4783.8617   4.0  1  1
		 27   98   318.90  4782.76073   4782.7612   4.0  1  1
		 27   98   348.44  4781.52098    4781.526   4.0  1  1
		 27   98   353.97  4781.28718   4781.2902   4.0  1  1
		 27   98   366.58  4780.75278   4780.7505   4.0  1  1
		 27   98   390.58    4779.728   4779.7286   4.0  1  1
		 27   98   423.77  4778.29575    4778.294   4.0  1  1
		 27   98   449.16  4777.18808   4777.1915   4.0  1  1
		 27   98   458.66    4776.771   4776.7792   4.0  1  1
		 27   98   480.85  4775.79107    4775.794   4.0  1  1
		 27   98   491.58  4775.31435    4775.313   4.0  1  1
		 27   98   537.71  4773.24399    4773.241   4.0  1  1
		 27   98   680.80  4766.60098   4766.6006   4.0  1  1
		 27   98   701.89  4765.59376    4765.595   4.0  1  1
		 27   98   717.00  4764.86759   4764.8646   4.0  1  1
		 27   98   727.73   4764.3493   4764.3463   4.0  1  1
		 27   98   793.93  4761.11239   4761.1101   4.0  1  1
		 27   98   871.58  4757.22245   4757.2196   4.0  1  1
		 27   98   964.84  4752.41819   4752.4141   4.0  1  1
		 27   98  1011.40  4749.96533   4749.9713   4.0  1  1
		 27   98  1025.69  4749.20494   4749.2002   4.0  1  1
		 27   98  1097.55  4745.32932   4745.3375   4.0  1  1
		 27   98  1127.42  4743.69239    4743.687   4.0  1  1
		 27   98  1147.67  4742.57384   4742.5671   4.0  1  1
		 27   98  1155.76  4742.12514   4742.1174   4.0  1  1
		 27   98  1170.52  4741.30318   4741.3039   4.0  1  1
		 27   98  1176.70  4740.95783   4740.9585   4.0  1  1
		 27   98  1184.35  4740.52995   4740.5292   4.0  1  1
		 27   98  1199.53  4739.67685   4739.6764   4.0  1  1
		 27   98  1230.66  4737.91561   4737.9172   4.0  1  1
		 27   98  1265.74   4735.9105   4735.9058   4.0  1  1
		 27   98  1297.84  4734.05643   4734.0458   4.0  1  1
		 27   98  1332.18  4732.05342   4732.0532   4.0  1  1
		 28   97   101.79  4840.84508   4840.8492   4.0  1  1
		 28   97   111.34  4840.47559   4840.4744   4.0  1  1
		 28   97   301.68  4832.80138   4832.8025   4.0  1  1
		 28   97   330.33  4831.59504   4831.5975   4.0  1  1
		 28   97   341.47  4831.12244   4831.1213   4.0  1  1
		 28   97   372.41  4829.79934   4829.7973   4.0  1  1
		 28   97   443.53  4826.69872   4826.7004   4.0  1  1
		 28   97   503.97  4823.99871   4823.9967   4.0  1  1
		 28   97   512.60  4823.60814   4823.6058   4.0  1  1
		 28   97   529.23  4822.85278   4822.8548   4.0  1  1
		 28   97   550.59  4821.87536   4821.8646   4.0  1  1
		 28   97   556.78  4821.59078   4821.5878   4.0  1  1
		 28   97   572.13  4820.88213   4820.8847   4.0  1  1
		 28   97   581.17  4820.46335   4820.4649   4.0  1  1
		 28   97   608.43  4819.19162    4819.193   4.0  1  1
		 28   97   620.13  4818.64183   4818.6477   4.0  1  1
		 28   97   654.47  4817.01592   4817.0206   4.0  1  1
		 28   97   719.28  4813.89448   4813.8963   4.0  1  1
		 28   97   722.74  4813.72565   4813.7204   4.0  1  1
		 28   97   737.50  4813.00431   4813.0069   4.0  1  1
		 28   97   750.30  4812.37552   4812.3755   4.0  1  1
		 28   97   805.83  4809.61696    4809.614   4.0  1  1
		 28   97   835.30  4808.13179   4808.1337   4.0  1  1
		 28   97   876.65  4806.02371   4806.0205   4.0  1  1
		 28   97   916.63  4803.95805   4803.9559   4.0  1  1
		 28   97   941.39  4802.66516   4802.6714   4.0  1  1
		 28   97   988.67  4800.16782   4800.1724   4.0  1  1
		 28   97  1067.53  4795.91703   4795.9131   4.0  1  1
		 28   97  1116.18  4793.24137   4793.2446   4.0  1  1
		 28   97  1137.08  4792.07966   4792.0819   4.0  1  1
		 28   97  1147.00  4791.52529   4791.5157   4.0  1  1
		 28   97  1184.97  4789.38827   4789.3868   4.0  1  1
		 28   97  1224.35  4787.14491    4787.148   4.0  1  1
		 28   97  1234.96  4786.53599    4786.531   4.0  1  1
		 28   97  1281.04  4783.86751   4783.8617   4.0  1  1
		 28   97  1299.99  4782.75902   4782.7612   4.0  1  1
		 28   97  1351.35  4779.72237   4779.7286   4.0  1  1
		 29   96    63.67  4892.75466   4892.7592   4.0  1  1
		 29   96   122.85  4890.45444   4890.4582   4.0  1  1
		 29   96   147.30  4889.48744   4889.4903   4.0  1  1
		 29   96   158.46  4889.04279   4889.0422   4.0  1  1
		 29   96   177.94  4888.26136   4888.2612   4.0  1  1
		 29   96   323.14  4882.24251   4882.2432   4.0  1  1
		 29   96   332.08  4881.86046   4881.8531   4.0  1  1
		 29   96   347.42   4881.2019   4881.2046   4.0  1  1
		 29   96   378.37  4879.86214   4879.8635   4.0  1  1
		 29   96   404.22  4878.73054    4878.733   4.0  1  1
		 29   96   420.54  4878.01063   4878.0094   4.0  1  1
		 29   96   424.91  4877.81716   4877.8128   4.0  1  1
		 29   96   454.62  4876.49334   4876.4949   4.0  1  1
		 29   96   501.68   4874.3662   4874.3645   4.0  1  1
		 29   96   533.28  4872.91776   4872.9169   4.0  1  1
		 29   96   552.44  4872.03091   4872.0309   4.0  1  1
		 29   96   568.40  4871.28805    4871.289   4.0  1  1
		 29   96   619.47  4868.88234   4868.8814   4.0  1  1
		 29   96   647.29  4867.55351    4867.556   4.0  1  1
		 29   96   681.33  4865.91015     4865.91   4.0  1  1
		 29   96   690.26  4865.47548   4865.4775   4.0  1  1
		 29   96   737.38  4863.16178   4863.1724   4.0  1  1
		 29   96   766.46  4861.71526   4861.7173   4.0  1  1
		 29   96   776.40  4861.21737   4861.2167   4.0  1  1
		 29   96   833.42  4858.33031   4858.3327   4.0  1  1
		 29   96   838.27   4858.0818   4858.0944   4.0  1  1
		 29   96   848.67  4857.54852   4857.5385   4.0  1  1
		 29   96   938.46  4852.86714   4852.8685   4.0  1  1
		 29   96   984.02  4850.43874   4850.4397   4.0  1  1
		 29   96   994.74  4849.86244   4849.8617   4.0  1  1
		 29   96  1008.27   4849.1318   4849.1399   4.0  1  1
		 29   96  1022.47  4848.36181   4848.3625   4.0  1  1
		 29   96  1032.57   4847.8121   4847.8095   4.0  1  1
		 29   96  1041.40  4847.32993   4847.3263   4.0  1  1
		 29   96  1080.73  4845.16613   4845.1626   4.0  1  1
		 29   96  1085.02   4844.9283   4844.9251   4.0  1  1
		 29   96  1098.75   4844.1657   4844.1653   4.0  1  1
		 29   96  1157.81   4840.8468   4840.8492   4.0  1  1
		 29   96  1164.43  4840.47074   4840.4744   4.0  1  1
		 29   96  1296.61   4832.8031   4832.8025   4.0  1  1
		 29   96  1316.88  4831.59987   4831.5975   4.0  1  1
		 29   96  1324.83  4831.12586   4831.1213   4.0  1  1
		 29   96  1347.00  4829.79723   4829.7973   4.0  1  1
		 30   95    94.59  4943.06045   4943.0642   4.0  1  1
		 30   95   179.97  4939.64482   4939.6422   4.0  1  1
		 30   95   189.00  4939.27659   4939.2707   4.0  1  1
		 30   95   207.66  4938.51127   4938.5047   4.0  1  1
		 30   95   224.17   4937.8293   4937.8295   4.0  1  1
		 30   95   249.44  4936.77636   4936.7746   4.0  1  1
		 30   95   318.44  4933.84847   4933.8521   4.0  1  1
		 30   95   333.28  4933.20848   4933.2091   4.0  1  1
		 30   95   406.60  4929.99238    4929.985   4.0  1  1
		 30   95   426.97  4929.08321    4929.086   4.0  1  1
		 30   95   455.89  4927.78062   4927.7803   4.0  1  1
		 30   95   466.51  4927.29832   4927.2988   4.0  1  1
		 30   95   496.09  4925.94655   4925.9501   4.0  1  1
		 30   95   507.39  4925.42593   4925.4254   4.0  1  1
		 30   95   529.12  4924.41918   4924.4223   4.0  1  1
		 30   95   560.49  4922.95201   4922.9442   4.0  1  1
		 30   95   588.71    4921.618   4921.6134   4.0  1  1
		 30   95   626.40  4919.81538   4919.8157   4.0  1  1
		 30   95   667.28  4917.83361    4917.822   4.0  1  1
		 30   95   716.68   4915.4011   4915.4155   4.0  1  0
		 30   95   773.91  4912.53163   4912.5293   4.0  1  1
		 30   95   783.74  4912.03305   4912.0428   4.0  1  1
		 30   95   796.52  4911.38258   4911.3787   4.0  1  1
		 30   95   801.40   4911.1332   4911.1358   4.0  1  1
		 30   95   807.90  4910.80068   4910.7929   4.0  1  1
		 30   95   812.62  4910.55884   4910.5488   4.0  1  1
		 30   95   820.43  4910.15793   4910.1576   4.0  1  1
		 30   95   826.65  4909.83751   4909.8431   4.0  1  1
		 30   95   877.39  4907.20124   4907.2093   4.0  1  1
		 30   95   923.70  4904.75606   4904.7516   4.0  1  1
		 30   95   960.39  4902.79285   4902.7943   4.0  1  1
		 30   95   974.28  4902.04353   4902.0545   4.0  1  1
		 30   95  1025.55  4899.24856   4899.2401   4.0  1  1
		 30   95  1033.53  4898.80904   4898.8044   4.0  1  1
		 30   95  1102.64  4894.95919   4894.9551   4.0  1  1
		 30   95  1129.45  4893.44283   4893.4453   4.0  1  1
		 30   95  1141.41  4892.76202   4892.7592   4.0  1  1
		 30   95  1160.87  4891.64972   4891.6606   4.0  1  1
		 30   95  1171.35  4891.04765   4891.0379   4.0  1  1
		 30   95  1181.55  4890.45963   4890.4582   4.0  1  1
		 30   95  1191.99  4889.85609   4889.8553   4.0  1  1
		 30   95  1198.41  4889.48407   4889.4903   4.0  1  1
		 30   95  1205.98  4889.04393   4889.0422   4.0  1  1
		 30   95  1219.39  4888.26223   4888.2612   4.0  1  1
		 30   95  1320.83  4882.24483   4882.2432   4.0  1  1
		 30   95  1327.39  4881.84923   4881.8531   4.0  1  1
		 30   95  1338.02  4881.20649   4881.2046   4.0  1  1
		 31   94   249.40  4989.30884   4989.3086   4.0  1  1
		 31   94   290.56   4987.5537   4987.5582   4.0  1  1
		 31   94   300.17  4987.13987    4987.147   4.0  1  1
		 31   94   327.66  4985.94753   4985.9486   4.0  1  1
		 31   94   340.82    4985.372   4985.3725   4.0  1  1
		 31   94   405.84  4982.48686   4982.4875   4.0  1  1
		 31   94   439.71  4980.95594   4980.9513   4.0  1  1
		 31   94   456.68  4980.18141   4980.1859   4.0  1  1
		 31   94   517.00  4977.38969   4977.3906   4.0  1  1
		 31   94   547.80  4975.94062   4975.9485   4.0  1  1
		 31   94   626.57  4972.16161   4972.1597   4.0  1  1
		 31   94   669.22   4970.0715   4970.0785   4.0  1  1
		 31   94   695.75  4968.75625   4968.7556   4.0  1  1
		 31   94   717.75  4967.65602   4967.6529   4.0  1  1
		 31   94   755.76  4965.73582   4965.7315   4.0  1  1
		 31   94   768.57  4965.08281   4965.0795   4.0  1  1
		 31   94   805.54  4963.18327   4963.1881   4.0  1  1
		 31   94   826.99  4962.07049   4962.0621   4.0  1  1
		 31   94   833.53   4961.7294    4961.726   4.0  1  1
		 31   94   902.40  4958.09473   4958.0988   4.0  1  1
		 31   94   917.38   4957.2933   4957.2963   4.0  1  1
		 31   94  1001.97  4952.69332   4952.6908   4.0  1  1
		 31   94  1039.28  4950.62452   4950.6264   4.0  1  1
		 31   94  1045.99  4950.25004   4950.2513   4.0  1  1
		 31   94  1093.56  4947.57056   4947.5752   4.0  1  1
		 31   94  1109.49  4946.66427   4946.6637   4.0  1  1
		 31   94  1130.53  4945.46026   4945.4587   4.0  1  1
		 31   94  1161.00  4943.70292   4943.7076   4.0  1  1
		 31   94  1172.09  4943.05908   4943.0642   4.0  1  1
		 31   94  1200.21  4941.41669    4941.416   4.0  1  1
		 31   94  1230.36  4939.63976   4939.6422   4.0  1  1
		 31   94  1236.60  4939.26938   4939.2707   4.0  1  1
		 31   94  1249.40  4938.50875   4938.5047   4.0  1  1
		 31   94  1260.75  4937.83169   4937.8295   4.0  1  1
		 31   94  1278.42  4936.77238   4936.7746   4.0  1  1
		 31   94  1326.68  4933.85104   4933.8521   4.0  1  1
		 31   94  1337.20  4933.20804   4933.2091   4.0  1  1
	offset	125
	slope	-1
	niterate 3
	lowreject 3.
	highreject 3.
	coefficients	28
		1.
		5.
		4.
		1.
		1.
		1360.
		94.
		124.
		466928.4548150389
		-3187.091382208101
		-187.852342846155
		-1.56697812902679
		-0.3831827350813644
		-18.92320417123105
		-18.40630736788729
		-2.188482813266482
		0.08969609282784403
		-0.08034548546595303
		1.004772829747974
		-1.355920869617963
		-0.4834914439184577
		0.0718535228954108
		-0.04519560316750465
		-0.1264158390473573
		0.3812550332141677
		-0.03889885834823447
		0.09051312250099852
		-0.02592249501318892

