# Wed 17:53:44 26-Jul-2006
begin	ecidentify refCalib_UVES_red_l_860_1023x12
	id	refCalib_UVES_red_l_860_1023x12
	task	ecidentify
	image	refCalib_UVES_red_l_860_1023x12
	units	angstroms
	features	188
		  1   59  1027.63  10349.0555   10349.048   4.0  1  1
		  1   59  1763.30  10283.1119   10283.116   4.0  1  1
		  2   60    57.13   10247.558   10247.557   4.0  1  1
		  2   60   232.93   10235.984   10236.028   4.0  1  1
		  2   60   484.04  10218.4631   10218.433   4.0  1  1
		  2   60  1004.83  10178.4824    10178.52   4.0  1  1
		  2   60  1047.09   10175.026   10175.008   4.0  1  1
		  2   60  1407.90  10144.2453   10144.265   4.0  1  1
		  2   60  1440.02  10141.3959   10141.397   4.0  1  1
		  2   60  1450.35  10140.4756   10140.431   4.0  1  1
		  2   60  1527.19  10133.5731   10133.566   4.0  1  1
		  3   61   645.03  10039.3653   10039.364   4.0  1  1
		  3   61  1295.93  9987.61642    9987.635   4.0  1  1
		  3   61  1326.11  9985.03944     9985.05   4.0  1  1
		  3   61  1571.74  9963.48912    9963.491   4.0  1  1
		  3   61  1794.55  9943.06434    9943.064   4.0  1  1
		  4   62    73.43  9916.13781     9916.12   4.0  1  1
		  4   62   381.02  9896.06593    9896.048   4.0  1  1
		  4   62   760.98  9868.95995    9868.921   4.0  1  1
		  4   62   774.97  9867.91342    9867.891   4.0  1  1
		  4   62   934.96  9855.70874    9855.742   4.0  1  1
		  4   62  1646.01  9796.19792      9796.2   4.0  1  1
		  5   63   313.70  9743.51667     9743.56   4.0  1  1
		  5   63   708.98  9716.16125    9716.142   4.0  1  1
		  5   63  1367.13  9664.70114   9664.6983   4.0  1  1
		  5   63  1736.83  9632.63685   9632.6439   4.0  1  1
		  5   63  1770.94  9629.56545   9629.5693   4.0  1  1
		  5   63  1819.18  9625.19081     9625.19   4.0  1  1
		  6   64   250.86  9595.37201   9595.3906   4.0  1  1
		  6   64   442.87  9582.82685   9582.8133   4.0  1  1
		  6   64   524.18  9577.32331   9577.3475   4.0  1  1
		  6   64   753.04  9561.23048   9561.2452   4.0  1  1
		  6   64   932.77  9547.97376   9548.0303   4.0  1  0
		  6   64  1094.08   9535.6162   9535.6566   4.0  1  1
		  6   64  1430.50  9508.46387   9508.4513   4.0  1  1
		  6   64  1440.05  9507.66605   9507.6525   4.0  1  1
		  6   64  1467.02   9505.4049    9505.393   4.0  1  1
		  6   64  1527.36  9500.30377   9500.2999   4.0  1  1
		  6   64  1563.91  9497.18542   9497.1891   4.0  1  1
		  6   64  1583.57  9495.49906   9495.4979   4.0  1  1
		  6   64  1682.39  9486.92836   9486.9256   4.0  1  1
		  6   64  1818.27  9474.88807   9474.8793   4.0  1  1
		  6   64  1864.98   9470.6811   9470.6819   4.0  1  1
		  6   64  1903.28   9467.2057   9467.1954   4.0  1  1
		  7   65    33.87  9461.01988   9461.0279   4.0  1  1
		  7   65   131.07  9455.20271   9455.2023   4.0  1  1
		  7   65   422.35  9436.80402   9436.8127   4.0  1  1
		  7   65   490.91  9432.26463   9432.2827   4.0  1  1
		  7   65   500.98  9431.59109   9431.5996   4.0  1  1
		  7   65   662.94  9420.52678   9420.4985   4.0  1  1
		  7   65   754.21  9414.09949   9414.0886   4.0  1  1
		  7   65   820.70  9409.32963   9409.3488   4.0  1  1
		  7   65   960.11  9399.09152   9399.0891   4.0  1  1
		  7   65  1072.96  9390.57082   9390.5852   4.0  1  1
		  7   65  1094.16  9388.94672   9388.9308   4.0  1  1
		  7   65  1167.51  9383.27114   9383.2722   4.0  1  1
		  7   65  1685.82  9340.69659   9340.7053   4.0  1  1
		  7   65  1738.29  9336.14722   9336.1509   4.0  1  1
		  8   66    33.38  9317.75979   9317.7296   4.0  1  1
		  8   66   156.59   9310.4687    9310.444   4.0  1  1
		  8   66   199.18  9307.88912   9307.8956   4.0  1  1
		  8   66   325.99  9300.02762   9300.0131   4.0  1  1
		  8   66   405.27  9294.97638    9294.974   4.0  1  1
		  8   66   458.38  9291.53409   9291.5313   4.0  1  1
		  8   66   488.60  9289.55414   9289.5624   4.0  1  1
		  8   66   685.94  9276.25592   9276.2732   4.0  1  1
		  8   66   773.75  9270.13332   9270.1501   4.0  1  1
		  8   66   808.12  9267.70237   9267.6895   4.0  1  1
		  8   66   818.73  9266.94789   9266.9198   4.0  1  1
		  8   66   829.07   9266.2105    9266.207   4.0  1  1
		  8   66   910.19  9260.36927   9260.3254   4.0  1  1
		  8   66  1043.15  9250.56384   9250.5782   4.0  1  1
		  8   66  1191.02  9239.32442   9239.3261   4.0  1  1
		  8   66  1261.18  9233.86961   9233.8574   4.0  1  1
		  8   66  1278.94  9232.47568    9232.496   4.0  1  1
		  8   66  1341.81  9227.50288   9227.5119   4.0  1  1
		  8   66  1485.15  9215.93104   9215.9197   4.0  1  1
		  8   66  1574.08   9208.5883   9208.5811   4.0  1  1
		  8   66  1629.29  9203.96808   9203.9617   4.0  1  1
		  8   66  1680.08  9199.67523   9199.6841   4.0  1  1
		  8   66  1739.08  9194.63779   9194.6385   4.0  1  1
		  8   66  1751.19  9193.59632   9193.5928   4.0  1  1
		  8   66  1820.98  9187.55535   9187.5654   4.0  1  1
		  8   66  1920.86  9178.77715   9178.7795   4.0  1  1
		  9   67    33.03  9178.76463   9178.7795   4.0  1  1
		  9   67   168.84  9170.83239    9170.822   4.0  1  1
		  9   67   251.04  9165.88303    9165.895   4.0  1  1
		  9   67   361.83  9159.03488   9159.0346   4.0  1  1
		  9   67   646.08  9140.54619   9140.5559   4.0  1  1
		  9   67   732.11  9134.69186   9134.6919   4.0  1  1
		  9   67   767.02  9132.28204   9132.2739   4.0  1  1
		  9   67  1057.05  9111.50592   9111.5314   4.0  1  1
		  9   67  1114.65  9107.22021   9107.2269   4.0  1  1
		  9   67  1277.15  9094.84629   9094.8289   4.0  1  1
		  9   67  1329.07  9090.80546   9090.8186   4.0  1  1
		  9   67  1522.22  9075.40191   9075.3945   4.0  1  1
		  9   67  1560.39  9072.28924   9072.2785   4.0  1  1
		  9   67  1593.30  9069.58799   9069.5817   4.0  1  1
		  9   67  1612.25  9068.02476    9068.023   4.0  1  1
		  9   67  1635.12  9066.13061   9066.1115   4.0  1  1
		  9   67  1661.19  9063.96164     9063.96   4.0  1  1
		  9   67  1677.90  9062.56568   9062.5631   4.0  1  1
		  9   67  1754.94  9056.07479   9056.0813   4.0  1  1
		  9   67  1785.47  9053.47741   9053.4858   4.0  1  1
		  9   67  1846.38  9048.25356   9048.2501   4.0  1  1
		  9   67  1879.93  9045.35117   9045.3532   4.0  1  1
		 10   68     6.10  9045.34941   9045.3532   4.0  1  1
		 10   68    98.29  9040.11635   9040.1229   4.0  1  1
		 10   68   122.17  9038.73825   9038.6911   4.0  1  0
		 10   68   136.50  9037.90662   9037.8938   4.0  1  1
		 10   68   170.25  9035.93451   9035.9195   4.0  1  1
		 10   68   239.32  9031.84144   9031.8194   4.0  1  1
		 10   68   470.04  9017.60742   9017.5912   4.0  1  1
		 10   68   486.07  9016.58653   9016.5903   4.0  1  1
		 10   68   549.11  9012.53126   9012.5263   4.0  1  1
		 10   68   590.02  9009.86569   9009.8832   4.0  1  1
		 10   68   611.22  9008.47398   9008.4636   4.0  1  1
		 10   68   769.41  8997.86063   8997.8763   4.0  1  1
		 10   68   807.95  8995.21511   8995.1893   4.0  1  1
		 10   68   870.01  8990.90453   8990.8935   4.0  1  1
		 10   68   919.81  8987.40185   8987.4079   4.0  1  1
		 10   68   949.78  8985.27536   8985.2808   4.0  1  1
		 10   68  1161.15  8969.87552   8969.8667   4.0  1  1
		 10   68  1191.05  8967.64081   8967.6403   4.0  1  1
		 10   68  1263.83  8962.14277   8962.1468   4.0  1  1
		 10   68  1318.01  8957.99681    8957.986   4.0  1  1
		 10   68  1346.00  8955.83657   8955.8467   4.0  1  1
		 10   68  1432.06  8949.12031   8949.1227   4.0  1  1
		 10   68  1526.14  8941.64866   8941.6608   4.0  1  1
		 10   68  1692.84  8928.07552   8928.0925   4.0  1  1
		 10   68  1787.24  8920.20266   8920.2012   4.0  1  1
		 10   68  1897.15  8910.86675   8910.8566   4.0  1  1
		 11   69    68.07   8910.8537   8910.8566   4.0  1  1
		 11   69   135.94  8907.00158   8907.0331   4.0  1  1
		 11   69   159.04  8905.67377   8905.6581   4.0  1  1
		 11   69   267.58  8899.31881   8899.2971   4.0  1  1
		 11   69   372.55  8892.99311   8892.9865   4.0  1  1
		 11   69   434.15  8889.19846   8889.1939   4.0  1  1
		 11   69   653.07  8875.22792   8875.2324   4.0  1  1
		 11   69   749.56  8868.82961   8868.8334   4.0  1  1
		 11   69   952.12  8854.92461   8854.9079   4.0  1  1
		 11   69   982.86  8852.75843   8852.7916   4.0  1  1
		 11   69  1023.03  8849.90635   8849.9165   4.0  1  1
		 11   69  1131.87  8842.05214   8842.0744   4.0  1  1
		 11   69  1143.92  8841.17106   8841.1822   4.0  1  1
		 11   69  1298.13  8829.70251   8829.6938   4.0  1  1
		 11   69  1453.84  8817.75344   8817.7431   4.0  1  1
		 11   69  1474.05  8816.17563   8816.1728   4.0  1  1
		 11   69  1549.16    8810.258    8810.254   4.0  1  1
		 11   69  1620.14  8804.58684   8804.5894   4.0  1  1
		 11   69  1688.10  8799.08652   8799.0875   4.0  1  1
		 11   69  1699.24  8798.17825    8798.172   4.0  1  1
		 11   69  1773.90  8792.04301   8792.0572   4.0  1  1
		 11   69  1793.93  8790.38335   8790.3761   4.0  1  1
		 11   69  1863.74  8784.55047   8784.5621   4.0  1  1
		 11   69  1885.70  8782.70107   8782.7156   4.0  1  1
		 12   70    50.69  8784.56117   8784.5621   4.0  1  1
		 12   70    83.82  8782.72602   8782.7156   4.0  1  1
		 12   70   210.01  8775.57478   8775.5733   4.0  1  1
		 12   70   257.82  8772.79932   8772.8052   4.0  1  1
		 12   70   273.80  8771.86401   8771.8602   4.0  1  1
		 12   70   360.09  8766.74115    8766.745   4.0  1  1
		 12   70   443.21   8761.6963   8761.6862   4.0  1  1
		 12   70   463.28  8760.46165   8760.4496   4.0  1  1
		 12   70   499.06  8758.24507   8758.2434   4.0  1  1
		 12   70   610.84  8751.19181   8751.2062   4.0  1  1
		 12   70   642.19  8749.17899   8749.1697   4.0  1  1
		 12   70   660.04  8748.02615   8748.0309   4.0  1  1
		 12   70   785.83  8739.76029   8739.7816   4.0  1  1
		 12   70   871.09  8734.01938   8734.0234   4.0  1  1
		 12   70  1010.88   8724.3639   8724.3761   4.0  1  1
		 12   70  1020.07  8723.71919   8723.7177   4.0  1  1
		 12   70  1037.73  8722.47587   8722.4577   4.0  1  1
		 12   70  1049.08  8721.67408   8721.6595   4.0  1  1
		 12   70  1077.94  8719.62681    8719.629   4.0  1  1
		 12   70  1160.60  8713.69236   8713.6547   4.0  1  1
		 12   70  1172.38  8712.83865   8712.8528   4.0  1  1
		 12   70  1205.79  8710.40456   8710.4142   4.0  1  1
		 12   70  1221.93  8709.22279   8709.2341   4.0  1  1
		 12   70  1247.28   8707.3587   8707.3592   4.0  1  1
		 12   70  1280.99  8704.86456   8704.8601   4.0  1  1
		 12   70  1296.33  8703.72461   8703.7025   4.0  1  1
		 12   70  1331.41  8701.10296   8701.1209   4.0  1  1
		 12   70  1505.15  8687.84698    8687.848   4.0  1  1
		 12   70  1625.40  8678.40866   8678.4083   4.0  1  1
		 12   70  1663.09  8675.40624   8675.3983   4.0  1  1
		 12   70  1785.93  8665.47448   8665.4855   4.0  1  1
		 12   70  1902.24  8655.86679    8655.876   4.0  1  1
        slope 0
