# Sun 22:50:35 30-Mar-2003
begin	ecidentify refThAr_390_2048x3000
	id	refThAr_390_2048x3000
	task	ecidentify
	image	refThAr_390_2048x3000
	units	pixel
	features	1026
		  1  142     8.05  3309.36529   3309.3654   4.0  1  1
		  1  142   171.19  3307.22959   3307.2283   4.0  1  1
		  1  142   390.72  3304.23857   3304.2383   4.0  1  1
		  1  142   816.55   3298.0497   3298.0498   4.0  1  1
		  1  142  1169.80  3292.52223   3292.5209   4.0  1  1
		  1  142  1217.99  3291.74011   3291.7394   4.0  1  1
		  1  142  1455.38  3287.78866   3287.7893   4.0  1  1
		  1  142  1526.00  3286.58126   3286.5829   4.0  1  0
		  1  142  1573.97  3285.75265   3285.7525   4.0  1  1
		  1  142  1752.07   3282.6169   3282.6166   4.0  1  1
		  1  142  1803.12  3281.70059   3281.7016   4.0  1  1
		  1  142  2317.76  3272.02671   3272.0268   4.0  1  1
		  2  141   241.77  3329.72791   3329.7284   4.0  1  1
		  2  141   424.60  3327.19329   3327.1931   4.0  1  1
		  2  141   773.53  3322.09292   3322.0933   4.0  1  1
		  2  141   815.89  3321.45009   3321.4508   4.0  1  1
		  2  141  1556.66  3309.36363   3309.3654   4.0  1  0
		  2  141  1678.08  3307.22847   3307.2283   4.0  1  1
		  2  141  1785.47   3305.3032   3305.3036   4.0  1  1
		  2  141  1844.07  3304.23801   3304.2383   4.0  1  1
		  2  141  1984.13  3301.65026    3301.651   4.0  1  1
		  2  141  2173.88  3298.04966   3298.0498   4.0  1  1
		  2  141  2454.57    3292.522   3292.5209   4.0  1  1
		  3  140   426.90  3350.92375    3350.924   4.0  1  1
		  3  140   576.24  3348.76788   3348.7684   4.0  1  1
		  3  140  1098.41  3340.72468   3340.7254   4.0  1  1
		  3  140  1272.34  3337.86896   3337.8703   4.0  1  1
		  3  140  1464.80  3334.60477   3334.6041   4.0  1  1
		  3  140  1549.69  3333.12997    3333.129   4.0  1  1
		  3  140  1699.39  3330.47682    3330.477   4.0  1  1
		  3  140  1740.97  3329.72787   3329.7284   4.0  1  1
		  3  140  1879.57  3327.19382   3327.1931   4.0  1  1
		  3  140  1990.67  3325.12064    3325.121   4.0  1  1
		  3  140  2149.45  3322.09225   3322.0933   4.0  1  1
		  3  140  2182.61  3321.45011   3321.4508   4.0  1  1
		  4  139   327.55  3376.43729   3376.4359   4.0  1  1
		  4  139   430.67  3374.97467   3374.9749   4.0  1  1
		  4  139   578.72   3372.8216    3372.823   4.0  1  1
		  4  139   647.76  3371.79599   3371.7967   4.0  1  1
		  4  139  1062.72   3365.3396   3365.3383   4.0  1  1
		  4  139  1324.91  3360.99934   3360.9982   4.0  1  1
		  4  139  1464.69  3358.60189    3358.602   4.0  1  1
		  4  139  1714.13  3354.17785   3354.1796   4.0  1  0
		  4  139  2005.56  3348.77014   3348.7684   4.0  1  0
		  4  139  2121.00  3346.55624    3346.556   4.0  1  1
		  4  139  2415.34  3340.72502   3340.7254   4.0  1  1
		  4  139  2554.69  3337.87011   3337.8703   4.0  1  1
		  5  138   491.58  3398.54451   3398.5448   4.0  1  1
		  5  138   561.54  3397.51564   3397.5161   4.0  1  1
		  5  138   614.53  3396.72694   3396.7278   4.0  1  1
		  5  138   919.17  3392.03396   3392.0349   4.0  1  1
		  5  138  1135.71  3388.53211   3388.5309   4.0  1  1
		  5  138  1257.47  3386.50201   3386.5006   4.0  1  1
		  5  138  1709.59  3378.57398   3378.5734   4.0  1  1
		  5  138  1825.77  3376.43649   3376.4359   4.0  1  1
		  5  138  1903.95  3374.97493   3374.9749   4.0  1  1
		  5  138  2070.58  3371.79711   3371.7967   4.0  1  1
		  5  138  2396.21  3365.33811   3365.3383   4.0  1  1
		  5  138  2606.09  3360.99886   3360.9982   4.0  1  1
		  6  137   447.84   3423.9899   3423.9897   4.0  1  1
		  6  137   538.57  3422.65523   3422.6561   4.0  1  1
		  6  137   874.93  3417.49734   3417.4978   4.0  1  1
		  6  137   975.78  3415.88586   3415.8846   4.0  1  1
		  6  137  1151.04  3413.01366    3413.013   4.0  1  1
		  6  137  1324.69  3410.07702   3410.0756   4.0  1  1
		  6  137  1401.44  3408.75014   3408.7499   4.0  1  1
		  6  137  1581.95  3405.55908   3405.5584   4.0  1  1
		  6  137  1792.54  3401.71065    3401.711   4.0  1  1
		  6  137  1960.45  3398.54427   3398.5448   4.0  1  1
		  6  137  2014.03  3397.51557   3397.5161   4.0  1  1
		  6  137  2054.72   3396.7283   3396.7278   4.0  1  1
		  6  137  2292.00  3392.03486   3392.0349   4.0  1  1
		  6  137  2463.53  3388.53169   3388.5309   4.0  1  1
		  7  136   877.92  3442.57899    3442.579   4.0  1  1
		  7  136  1073.69  3439.39984   3439.3987   4.0  1  1
		  7  136  1233.01  3436.72768   3436.7272   4.0  1  1
		  7  136  1276.90  3435.97808   3435.9771   4.0  1  1
		  7  136  1391.22  3433.99832   3433.9988   4.0  1  1
		  7  136  1514.95  3431.81062   3431.8104   4.0  1  1
		  7  136  1670.22  3428.99909   3428.9992   4.0  1  1
		  7  136  1937.30  3423.98867   3423.9897   4.0  1  1
		  7  136  2006.44  3422.65541   3422.6561   4.0  1  1
		  7  136  2080.57  3421.20932     3421.21   4.0  1  1
		  7  136  2266.93  3417.49777   3417.4978   4.0  1  1
		  7  136  2346.25  3415.88468   3415.8846   4.0  1  1
		  7  136  2485.09  3413.01322    3413.013   4.0  1  1
		  8  135   630.76  3471.95834   3471.9593   4.0  1  1
		  8  135   678.90  3471.21728   3471.2186   4.0  1  1
		  8  135   762.13  3469.91976   3469.9208   4.0  1  1
		  8  135   798.58  3469.34503   3469.3454   4.0  1  1
		  8  135   869.30  3468.21871   3468.2198   4.0  1  1
		  8  135  1118.64  3464.12781   3464.1272   4.0  1  1
		  8  135  1194.26  3462.85002   3462.8505   4.0  1  1
		  8  135  1524.30  3457.06913   3457.0691   4.0  1  1
		  8  135  1687.04  3454.09535   3454.0952   4.0  1  1
		  8  135  1814.83  3451.70257   3451.7023   4.0  1  1
		  8  135  2279.08  3442.57883    3442.579   4.0  1  1
		  8  135  2433.19  3439.39897   3439.3987   4.0  1  1
		  9  134   364.69  3501.86837   3501.8666   4.0  1  0
		  9  134   581.76  3498.62021    3498.621   4.0  1  1
		  9  134   621.60  3498.00885   3498.0098   4.0  1  1
		  9  134   698.83  3496.81041   3496.8107   4.0  1  1
		  9  134   769.45  3495.69894   3495.6998   4.0  1  1
		  9  134   905.38  3493.51725   3493.5185   4.0  1  1
		  9  134  1025.89  3491.53663    3491.536   4.0  1  1
		  9  134  1146.63    3489.508   3489.5076   4.0  1  1
		  9  134  1318.06  3486.55119   3486.5512   4.0  1  1
		  9  134  1530.47  3482.76232   3482.7613   4.0  1  1
		  9  134  1724.75  3479.17432   3479.1725   4.0  1  0
		  9  134  1774.71  3478.23256   3478.2324   4.0  1  1
		  9  134  1852.65   3476.7477   3476.7474   4.0  1  1
		  9  134  2097.52  3471.95806   3471.9593   4.0  1  1
		  9  134  2134.55  3471.21727   3471.2186   4.0  1  1
		  9  134  2198.80  3469.92135   3469.9208   4.0  1  1
		  9  134  2227.20  3469.34437   3469.3454   4.0  1  1
		  9  134  2282.23  3468.21905   3468.2198   4.0  1  1
		  9  134  2478.44  3464.12719   3464.1272   4.0  1  1
		 10  133   312.90  3528.95592   3528.9544   4.0  1  1
		 10  133   349.96  3528.41295   3528.4116   4.0  1  1
		 10  133   469.51  3526.63386   3526.6342   4.0  1  1
		 10  133   892.67  3519.99339   3519.9936   4.0  1  1
		 10  133   989.18  3518.40321    3518.404   4.0  1  1
		 10  133  1225.55  3514.38837   3514.3877   4.0  1  1
		 10  133  1485.31  3509.77788   3509.7785   4.0  1  1
		 10  133  2070.33  3498.62001    3498.621   4.0  1  1
		 10  133  2160.19   3496.8099   3496.8107   4.0  1  1
		 10  133  2214.65  3495.70015   3495.6998   4.0  1  1
		 10  133  2320.39   3493.5183   3493.5185   4.0  1  1
		 10  133  2414.98  3491.53593    3491.536   4.0  1  1
		 11  132   358.48  3555.01501   3555.0135   4.0  1  1
		 11  132   406.03  3554.30619   3554.3058   4.0  1  1
		 11  132   596.37  3551.40105   3551.4019   4.0  1  1
		 11  132   778.83  3548.51382   3548.5144   4.0  1  1
		 11  132   851.39  3547.33759   3547.3376   4.0  1  1
		 11  132  1051.05  3544.01802   3544.0179   4.0  1  1
		 11  132  1306.71  3539.58822   3539.5872   4.0  1  1
		 11  132  1542.60   3535.3206   3535.3196   4.0  1  1
		 11  132  1748.58  3531.45096   3531.4505   4.0  1  1
		 11  132  1797.40  3530.51409   3530.5148   4.0  1  1
		 11  132  1855.68  3529.38586   3529.3859   4.0  1  1
		 11  132  1877.83  3528.95411   3528.9544   4.0  1  1
		 11  132  1905.55  3528.41172   3528.4116   4.0  1  1
		 11  132  1995.55  3526.63368   3526.6342   4.0  1  1
		 11  132  2320.63  3519.99392   3519.9936   4.0  1  1
		 11  132  2396.10  3518.40341    3518.404   4.0  1  1
		 11  132  2729.28  3511.15842   3511.1574   4.0  1  1
		 12  131   344.70  3582.35626   3582.3546   4.0  1  0
		 12  131   394.59  3581.60902   3581.6084   4.0  1  1
		 12  131   716.03  3576.61468   3576.6156   4.0  1  1
		 12  131  1124.06  3569.82077   3569.8204   4.0  1  1
		 12  131  1394.65  3565.03071   3565.0298   4.0  1  1
		 12  131  1611.26  3561.03038   3561.0304   4.0  1  1
		 12  131  1691.61  3559.50867   3559.5081   4.0  1  1
		 12  131  1826.66  3556.90456   3556.9041   4.0  1  1
		 12  131  1922.90  3555.01326   3555.0135   4.0  1  1
		 12  131  1958.54  3554.30521   3554.3058   4.0  1  1
		 12  131  2102.57   3551.4022   3551.4019   4.0  1  1
		 12  131  2190.54  3549.59601   3549.5959   4.0  1  1
		 12  131  2242.63  3548.51462   3548.5144   4.0  1  1
		 12  131  2298.81  3547.33838   3547.3376   4.0  1  1
		 12  131  2454.79  3544.01844   3544.0179   4.0  1  1
		 13  130   375.56  3609.44633   3609.4452   4.0  1  1
		 13  130   445.78  3608.37817    3608.377   4.0  1  1
		 13  130   565.59  3606.52115   3606.5218   4.0  1  1
		 13  130   681.67  3604.68025   3604.6819   4.0  1  0
		 13  130   904.36  3601.03294   3601.0344   4.0  1  1
		 13  130  1075.78  3598.12086   3598.1199   4.0  1  1
		 13  130  1377.09  3592.77959   3592.7794   4.0  1  1
		 13  130  1449.53  3591.45281   3591.4524   4.0  1  1
		 13  130  1610.66   3588.4417   3588.4407   4.0  1  1
		 13  130  1831.70  3584.17587   3584.1756   4.0  1  1
		 13  130  1886.14  3583.10114   3583.1022   4.0  1  1
		 13  130  1923.67  3582.35458   3582.3546   4.0  1  1
		 13  130  1960.98  3581.60786   3581.6084   4.0  1  1
		 13  130  2204.83  3576.61597   3576.6156   4.0  1  1
		 13  130  2404.04  3572.39314   3572.3923   4.0  1  1
		 13  130  2522.45  3569.82073   3569.8204   4.0  1  1
		 14  129   471.98  3635.94355   3635.9433   4.0  1  1
		 14  129   559.06  3634.58132   3634.5822   4.0  1  1
		 14  129   668.88   3632.8301   3632.8303   4.0  1  1
		 14  129  1258.03  3622.79624   3622.7954   4.0  1  1
		 14  129  1499.69  3618.36431   3618.3633   4.0  1  1
		 14  129  1632.42  3615.85052   3615.8503   4.0  1  1
		 14  129  1669.74  3615.13357   3615.1327   4.0  1  1
		 14  129  1786.28   3612.8657   3612.8666   4.0  1  1
		 14  129  1808.53  3612.42763   3612.4275   4.0  1  1
		 14  129  1957.93  3609.44484   3609.4452   4.0  1  1
		 14  129  2010.52  3608.37753    3608.377   4.0  1  1
		 14  129  2100.90  3606.52207   3606.5218   4.0  1  1
		 14  129  2360.87  3601.03467   3601.0344   4.0  1  1
		 14  129  2494.77  3598.12074   3598.1199   4.0  1  1
		 15  128   544.77   3663.2029   3663.2025   4.0  1  1
		 15  128   643.64  3661.62072   3661.6214   4.0  1  1
		 15  128   716.46  3660.43594    3660.437   4.0  1  1
		 15  128   765.51  3659.62865   3659.6294   4.0  1  1
		 15  128   814.88   3658.8085   3658.8087   4.0  1  1
		 15  128   940.17    3656.693   3656.6938   4.0  1  1
		 15  128  1069.27   3654.4615   3654.4618   4.0  1  1
		 15  128  1198.79  3652.16989   3652.1683   4.0  1  0
		 15  128  1333.19  3649.73545   3649.7349   4.0  1  1
		 15  128  1663.21  3643.51173   3643.5123   4.0  1  1
		 15  128  1727.95  3642.24938    3642.249   4.0  1  1
		 15  128  2041.45  3635.94294   3635.9433   4.0  1  1
		 15  128  2190.54  3632.83009   3632.8303   4.0  1  1
		 16  127   409.50  3694.17861   3694.1785   4.0  1  1
		 16  127   512.14  3692.56625   3692.5664   4.0  1  1
		 16  127   571.75  3691.61475   3691.6141   4.0  1  1
		 16  127   584.46  3691.41053   3691.4117   4.0  1  1
		 16  127   633.15  3690.62321   3690.6238   4.0  1  1
		 16  127   793.24  3687.98256   3687.9841   4.0  1  0
		 16  127   811.86  3687.67022     3687.67   4.0  1  1
		 16  127   972.42  3684.93156   3684.9329   4.0  1  1
		 16  127  1225.51  3680.44839   3680.4477   4.0  1  1
		 16  127  1246.78  3680.06221   3680.0609   4.0  1  1
		 16  127  1266.08  3679.71068   3679.7105   4.0  1  1
		 16  127  1275.20  3679.54411   3679.5444   4.0  1  1
		 16  127  1297.53  3679.13523   3679.1343   4.0  1  1
		 16  127  1333.16  3678.47943   3678.4804   4.0  1  1
		 16  127  1344.47  3678.27038   3678.2701   4.0  1  1
		 16  127  1458.41   3676.1414   3676.1424   4.0  1  1
		 16  127  1468.07  3675.95902   3675.9592   4.0  1  1
		 16  127  1477.01  3675.78993   3675.7893   4.0  1  1
		 16  127  1488.69  3675.56866   3675.5675   4.0  1  1
		 16  127  1511.38  3675.13747   3675.1372   4.0  1  1
		 16  127  1524.30  3674.89119    3674.891   4.0  1  1
		 16  127  1581.49  3673.79452   3673.7935   4.0  1  1
		 16  127  1647.24  3672.52057   3672.5218   4.0  1  1
		 16  127  1658.50  3672.30097   3672.3003   4.0  1  1
		 16  127  1697.38  3671.53954   3671.5398   4.0  1  1
		 16  127  1925.08  3666.98059   3666.9811   4.0  1  1
		 16  127  2107.57  3663.20281   3663.2025   4.0  1  1
		 16  127  2182.47  3661.62021   3661.6214   4.0  1  1
		 16  127  2237.88  3660.43727    3660.437   4.0  1  1
		 16  127  2275.45  3659.62935   3659.6294   4.0  1  1
		 16  127  2313.41  3658.80826   3658.8087   4.0  1  1
		 16  127  2410.15  3656.69362   3656.6938   4.0  1  1
		 16  127  2510.68  3654.46272   3654.4618   4.0  1  1
		 17  126   399.32  3723.65599   3723.6561   4.0  1  1
		 17  126   515.06  3721.82527   3721.8254   4.0  1  1
		 17  126   552.96   3721.2167   3721.2152   4.0  1  1
		 17  126   609.15  3720.30626   3720.3073   4.0  1  1
		 17  126   637.96  3719.83553   3719.8362   4.0  1  1
		 17  126   662.44  3719.43361   3719.4347   4.0  1  1
		 17  126   736.53  3718.20544   3718.2065   4.0  1  1
		 17  126   798.21  3717.16976   3717.1713   4.0  1  0
		 17  126   892.61  3715.56141   3715.5606   4.0  1  1
		 17  126  1117.08  3711.62315   3711.6229   4.0  1  1
		 17  126  1134.80  3711.30537   3711.3041   4.0  1  1
		 17  126  1381.92  3706.76823   3706.7672   4.0  1  1
		 17  126  1482.62   3704.8625   3704.8616   4.0  1  1
		 17  126  1539.33  3703.77467   3703.7743   4.0  1  1
		 17  126  1567.50  3703.23048   3703.2299   4.0  1  1
		 17  126  1738.00  3699.88067   3699.8808   4.0  1  1
		 17  126  1826.42  3698.10561   3698.1061   4.0  1  1
		 17  126  1844.33  3697.74296   3697.7436   4.0  1  1
		 17  126  1879.39  3697.02978   3697.0308   4.0  1  1
		 17  126  1964.22  3695.28751   3695.2889   4.0  1  1
		 17  126  2017.64  3694.17809   3694.1785   4.0  1  1
		 17  126  2094.43  3692.56634   3692.5664   4.0  1  1
		 17  126  2139.41  3691.61306   3691.6141   4.0  1  1
		 17  126  2148.88  3691.41153   3691.4117   4.0  1  1
		 17  126  2185.73  3690.62439   3690.6238   4.0  1  1
		 17  126  2307.82  3687.98354   3687.9841   4.0  1  1
		 17  126  2446.10  3684.93119   3684.9329   4.0  1  0
		 17  126  2637.22  3680.60517   3680.6053   4.0  1  1
		 18  125   394.58  3753.51916   3753.5177   4.0  1  1
		 18  125   412.09  3753.24304   3753.2421   4.0  1  1
		 18  125   454.53  3752.56975     3752.57   4.0  1  1
		 18  125   550.78  3751.02194   3751.0219   4.0  1  1
		 18  125   761.14  3747.53741    3747.539   4.0  1  0
		 18  125   871.21  3745.65811   3745.6591   4.0  1  1
		 18  125   924.30  3744.73777   3744.7367   4.0  1  1
		 18  125  1027.48  3742.92344   3742.9234   4.0  1  1
		 18  125  1124.63   3741.1837    3741.183   4.0  1  1
		 18  125  1304.10  3737.88937    3737.889   4.0  1  1
		 18  125  1324.28  3737.51244   3737.5125   4.0  1  1
		 18  125  1561.29  3732.98502   3732.9854   4.0  1  1
		 18  125  1674.94   3730.7484   3730.7485   4.0  1  1
		 18  125  1693.98  3730.36941   3730.3683   4.0  1  1
		 18  125  1746.95  3729.30898   3729.3087   4.0  1  1
		 18  125  1816.49  3727.90266   3727.9027   4.0  1  1
		 18  125  1830.73  3727.61254    3727.612   4.0  1  1
		 18  125  1874.21  3726.72307   3726.7246   4.0  1  0
		 18  125  1938.62  3725.39344   3725.3932   4.0  1  1
		 18  125  2108.30  3721.82412   3721.8254   4.0  1  1
		 18  125  2136.71  3721.21703   3721.2152   4.0  1  0
		 18  125  2179.01  3720.30804   3720.3073   4.0  1  1
		 18  125  2200.85  3719.83621   3719.8362   4.0  1  1
		 18  125  2219.41  3719.43405   3719.4347   4.0  1  1
		 18  125  2275.71  3718.20696   3718.2065   4.0  1  1
		 18  125  2292.95  3717.82912   3717.8293   4.0  1  1
		 18  125  2322.82  3717.17179   3717.1713   4.0  1  1
		 18  125  2395.47  3715.56079   3715.5606   4.0  1  1
		 18  125  2569.65  3711.62408   3711.6229   4.0  1  1
		 19  124   425.48   3783.2972   3783.2964   4.0  1  1
		 19  124   443.17  3783.01433   3783.0127   4.0  1  0
		 19  124   847.91  3776.27143   3776.2711   4.0  1  1
		 19  124   991.31  3773.75654   3773.7574   4.0  1  1
		 19  124  1053.26  3772.64949   3772.6498   4.0  1  1
		 19  124  1123.91  3771.37174   3771.3708   4.0  1  1
		 19  124  1170.51  3770.52002     3770.52   4.0  1  1
		 19  124  1195.67  3770.05731    3770.056   4.0  1  1
		 19  124  1311.53  3767.89955   3767.9007   4.0  1  1
		 19  124  1388.26  3766.44613   3766.4473   4.0  1  1
		 19  124  1405.41  3766.11867   3766.1186   4.0  1  1
		 19  124  1449.59  3765.27055     3765.27   4.0  1  1
		 19  124  1540.47   3763.5056   3763.5053   4.0  1  1
		 19  124  1780.69  3758.70788   3758.7063   4.0  1  0
		 19  124  1792.50  3758.46701   3758.4671   4.0  1  1
		 19  124  1830.29  3757.69326   3757.6941   4.0  1  1
		 19  124  1898.01  3756.29429   3756.2941   4.0  1  1
		 19  124  1949.89  3755.21228   3755.2121   4.0  1  1
		 19  124  1979.43  3754.59208    3754.593   4.0  1  1
		 19  124  2030.31  3753.51691   3753.5177   4.0  1  1
		 19  124  2043.32  3753.24065   3753.2421   4.0  1  1
		 19  124  2074.82  3752.56911     3752.57   4.0  1  1
		 19  124  2146.78  3751.02252   3751.0219   4.0  1  1
		 19  124  2305.93  3747.53904    3747.539   4.0  1  1
		 19  124  2390.26  3745.65798   3745.6591   4.0  1  1
		 19  124  2431.19  3744.73602   3744.7367   4.0  1  1
		 19  124  2510.91  3742.92391   3742.9234   4.0  1  1
		 19  124  2600.75  3740.85523   3740.8551   4.0  1  1
		 20  123   292.40  3816.16803   3816.1666   4.0  1  1
		 20  123   486.45  3813.06885    3813.068   4.0  1  1
		 20  123   612.30  3810.99472    3810.995   4.0  1  1
		 20  123   703.77  3809.45544   3809.4561   4.0  1  1
		 20  123   781.40  3808.12789    3808.129   4.0  1  1
		 20  123   796.19  3807.87289    3807.874   4.0  1  1
		 20  123   913.66  3805.82133     3805.82   4.0  1  1
		 20  123  1016.69  3803.98521    3803.984   4.0  1  1
		 20  123  1067.02  3803.07568    3803.075   4.0  1  1
		 20  123  1156.22  3801.44327    3801.443   4.0  1  1
		 20  123  1266.79  3799.38339    3799.382   4.0  1  1
		 20  123  1334.39  3798.10424    3798.103   4.0  1  1
		 20  123  1538.41  3794.15142    3794.151   4.0  1  1
		 20  123  1610.03  3792.73075     3792.73   4.0  1  1
		 20  123  1706.29   3790.7944    3790.795   4.0  1  1
		 20  123  1785.96    3789.168    3789.168   4.0  1  1
		 20  123  1920.07  3786.38171   3786.3824   4.0  1  1
		 20  123  1957.23  3785.59884   3785.6002   4.0  1  1
		 20  123  1995.17  3784.79464   3784.7942   4.0  1  1
		 20  123  2005.51  3784.57467   3784.5749   4.0  1  1
		 20  123  2065.29  3783.29553   3783.2964   4.0  1  1
		 20  123  2078.46  3783.01201   3783.0127   4.0  1  1
		 20  123  2333.01  3777.41595   3777.4167   4.0  1  1
		 20  123  2383.81  3776.27229   3776.2711   4.0  1  1
		 20  123  2494.14  3773.75749   3773.7574   4.0  1  1
		 20  123  2597.11  3771.37203   3771.3708   4.0  1  1
		 20  123  2633.44  3770.52159     3770.52   4.0  1  0
		 21  122   420.04  3845.40633   3845.4055   4.0  1  1
		 21  122   461.55  3844.73121   3844.7311   4.0  1  1
		 21  122   572.65  3842.89748   3842.8968   4.0  1  1
		 21  122   628.56  3841.95961   3841.9601   4.0  1  1
		 21  122   654.69  3841.51783   3841.5187   4.0  1  1
		 21  122   696.91  3840.79942   3840.8004   4.0  1  1
		 21  122   865.44  3837.87379   3837.8752   4.0  1  1
		 21  122   986.77  3835.71008   3835.7111   4.0  1  1
		 21  122  1043.66  3834.67893   3834.6787   4.0  1  1
		 21  122  1130.44  3833.08548    3833.086   4.0  1  1
		 21  122  1253.95   3830.7746   3830.7736   4.0  1  1
		 21  122  1291.53  3830.06138   3830.0606   4.0  1  1
		 21  122  1378.86  3828.38586   3828.3846   4.0  1  1
		 21  122  1459.91  3826.80799   3826.8072   4.0  1  1
		 21  122  1482.29  3826.36845   3826.3688   4.0  1  1
		 21  122  1517.50  3825.67346   3825.6729   4.0  1  1
		 21  122  1544.67  3825.13432   3825.1331   4.0  1  1
		 21  122  1647.61  3823.06895   3823.0676   4.0  1  1
		 21  122  1727.98  3821.43159   3821.4308   4.0  1  1
		 21  122  1759.05  3820.79275   3820.7926   4.0  1  1
		 21  122  1860.43  3818.68519    3818.686   4.0  1  1
		 21  122  1979.45    3816.166   3816.1666   4.0  1  1
		 21  122  2122.69   3813.0693    3813.068   4.0  1  1
		 21  122  2216.82  3810.99583    3810.995   4.0  1  1
		 21  122  2268.90   3809.8353    3809.835   4.0  1  1
		 21  122  2285.81  3809.45653   3809.4561   4.0  1  1
		 21  122  2355.91  3807.87541    3807.874   4.0  1  1
		 21  122  2525.31  3803.98351    3803.984   4.0  1  1
		 22  121   403.08  3877.46302    3877.463   4.0  1  1
		 22  121   513.47  3875.64748   3875.6462   4.0  1  1
		 22  121   529.96   3875.3729   3875.3731   4.0  1  1
		 22  121   560.54  3874.86142   3874.8619   4.0  1  1
		 22  121   597.29  3874.24263   3874.2438   4.0  1  1
		 22  121   622.17  3873.82122   3873.8224   4.0  1  1
		 22  121   642.62  3873.47335    3873.474   4.0  1  1
		 22  121   661.75  3873.14675   3873.1479   4.0  1  1
		 22  121   686.60  3872.72059   3872.7222   4.0  1  0
		 22  121   720.52  3872.13573   3872.1371   4.0  1  1
		 22  121   861.63  3869.66219   3869.6633   4.0  1  1
		 22  121   925.17  3868.52704   3868.5284   4.0  1  1
		 22  121   940.31  3868.25458   3868.2547   4.0  1  1
		 22  121  1014.49  3866.90874   3866.9092   4.0  1  1
		 22  121  1203.03  3863.40584   3863.4059   4.0  1  1
		 22  121  1388.69  3859.84024   3859.8396   4.0  1  1
		 22  121  1564.57  3856.35535   3856.3544   4.0  1  1
		 22  121  1655.57  3854.51089   3854.5108   4.0  1  1
		 22  121  1770.75  3852.13597   3852.1353   4.0  1  1
		 22  121  1844.98  3850.58122   3850.5813   4.0  1  1
		 22  121  2017.85  3846.88684   3846.8876   4.0  1  1
		 22  121  2085.82  3845.40574   3845.4055   4.0  1  1
		 22  121  2116.56   3844.7307   3844.7311   4.0  1  1
		 22  121  2199.32  3842.89679   3842.8968   4.0  1  1
		 22  121  2241.24  3841.95884   3841.9601   4.0  1  1
		 22  121  2260.80  3841.51895   3841.5187   4.0  1  1
		 22  121  2292.62  3840.80059   3840.8004   4.0  1  1
		 22  121  2341.32  3839.69428   3839.6953   4.0  1  1
		 22  121  2420.59  3837.87556   3837.8752   4.0  1  1
		 22  121  2513.72  3835.71067   3835.7111   4.0  1  1
		 23  120   341.77  3910.77486   3910.7734   4.0  1  1
		 23  120   441.69  3909.13985    3909.139   4.0  1  1
		 23  120   451.42  3908.97902   3908.9797   4.0  1  1
		 23  120   465.20  3908.75047   3908.7491   4.0  1  1
		 23  120   537.41  3907.54325   3907.5432   4.0  1  1
		 23  120   675.60  3905.18556   3905.1865   4.0  1  1
		 23  120   739.08  3904.08143   3904.0828   4.0  1  1
		 23  120   773.29  3903.48086   3903.4812   4.0  1  1
		 23  120   794.77  3903.10191   3903.1024   4.0  1  1
		 23  120   875.64  3901.66124   3901.6621   4.0  1  1
		 23  120   919.15  3900.87717   3900.8785   4.0  1  1
		 23  120  1033.01  3898.79545   3898.7967   4.0  1  1
		 23  120  1052.37  3898.43719   3898.4374   4.0  1  1
		 23  120  1212.79  3895.42024   3895.4192   4.0  1  1
		 23  120  1252.48  3894.66046     3894.66   4.0  1  1
		 23  120  1304.71   3893.6525   3893.6519   4.0  1  1
		 23  120  1390.39  3891.97899   3891.9792   4.0  1  1
		 23  120  1403.25  3891.72564    3891.726   4.0  1  1
		 23  120  1419.61  3891.40255   3891.4017   4.0  1  1
		 23  120  1642.21  3886.91562   3886.9159   4.0  1  1
		 23  120  1697.76  3885.76949   3885.7681   4.0  1  1
		 23  120  1757.50  3884.52485   3884.5245   4.0  1  1
		 23  120  1870.17  3882.14407    3882.143   4.0  1  1
		 23  120  1954.53  3880.33249   3880.3332   4.0  1  1
		 23  120  1960.89  3880.19488   3880.1948   4.0  1  1
		 23  120  1986.35  3879.64277   3879.6441   4.0  1  1
		 23  120  1995.42  3879.44545   3879.4454   4.0  1  1
		 23  120  2003.54   3879.2687   3879.2688   4.0  1  1
		 23  120  2031.33  3878.66174    3878.662   4.0  1  1
		 23  120  2167.63  3875.64576   3875.6462   4.0  1  1
		 23  120  2179.80  3875.37323   3875.3731   4.0  1  1
		 23  120  2202.59  3874.86167   3874.8619   4.0  1  1
		 23  120  2230.07   3874.2422   3874.2438   4.0  1  0
		 23  120  2248.65  3873.82198   3873.8224   4.0  1  1
		 23  120  2264.04  3873.47295    3873.474   4.0  1  1
		 23  120  2322.59  3872.13723   3872.1371   4.0  1  1
		 23  120  2429.68  3869.66284   3869.6633   4.0  1  1
		 23  120  2478.22  3868.52784   3868.5284   4.0  1  1
		 23  120  2546.78  3866.91037   3866.9092   4.0  1  1
		 24  119   436.78  3942.07226   3942.0732   4.0  1  1
		 24  119   640.52  3938.61352   3938.6144   4.0  1  1
		 24  119   680.29  3937.92252   3937.9237   4.0  1  1
		 24  119   885.45  3934.27391   3934.2742   4.0  1  1
		 24  119   919.18   3933.6606   3933.6611   4.0  1  1
		 24  119   960.15  3932.91057   3932.9113   4.0  1  1
		 24  119   997.29  3932.22574   3932.2264   4.0  1  1
		 24  119  1098.76  3930.33108   3930.3303   4.0  1  1
		 24  119  1133.73  3929.67014   3929.6693   4.0  1  1
		 24  119  1153.68  3929.29119   3929.2904   4.0  1  1
		 24  119  1188.63  3928.62398   3928.6233   4.0  1  1
		 24  119  1231.15  3927.80694   3927.8062   4.0  1  1
		 24  119  1321.68  3926.04645   3926.0456   4.0  1  1
		 24  119  1338.37  3925.71885   3925.7188   4.0  1  1
		 24  119  1370.08  3925.09381   3925.0934   4.0  1  1
		 24  119  1404.87   3924.4041   3924.4034   4.0  1  1
		 24  119  1435.20  3923.79943   3923.7995   4.0  1  1
		 24  119  1669.41  3919.02342   3919.0234   4.0  1  1
		 24  119  1715.12  3918.06917   3918.0701   4.0  1  1
		 24  119  1753.19  3917.26891   3917.2693   4.0  1  1
		 24  119  1793.44  3916.41732   3916.4176   4.0  1  1
		 24  119  1820.21  3915.84766   3915.8489   4.0  1  1
		 24  119  1922.61  3913.64609    3913.645   4.0  1  1
		 24  119  2002.19  3911.90955   3911.9091   4.0  1  1
		 24  119  2017.40  3911.57522    3911.576   4.0  1  1
		 24  119  2053.70  3910.77379   3910.7734   4.0  1  1
		 24  119  2127.16  3909.13759    3909.139   4.0  1  1
		 24  119  2144.51  3908.74843   3908.7491   4.0  1  1
		 24  119  2197.96  3907.54276   3907.5432   4.0  1  1
		 24  119  2214.82  3907.16029   3907.1603   4.0  1  1
		 24  119  2301.20   3905.1849   3905.1865   4.0  1  0
		 24  119  2348.94  3904.08187   3904.0828   4.0  1  1
		 24  119  2374.76  3903.48178   3903.4812   4.0  1  1
		 24  119  2391.07  3903.10174   3903.1024   4.0  1  1
		 24  119  2452.46  3901.66199   3901.6621   4.0  1  1
		 24  119  2485.64  3900.87811   3900.8785   4.0  1  1
		 25  118   380.72  3976.41593   3976.4149   4.0  1  1
		 25  118   479.59  3974.75931    3974.759   4.0  1  1
		 25  118   496.23   3974.4773   3974.4766   4.0  1  1
		 25  118   571.14  3973.19653   3973.1961   4.0  1  1
		 25  118   603.40  3972.63923   3972.6395   4.0  1  1
		 25  118   772.33   3969.6643   3969.6641   4.0  1  1
		 25  118   897.84  3967.39212   3967.3921   4.0  1  1
		 25  118   921.21  3966.96316   3966.9647   4.0  1  0
		 25  118  1041.45  3964.72704   3964.7257   4.0  1  1
		 25  118  1078.43   3964.0295   3964.0302   4.0  1  1
		 25  118  1108.02  3963.46793   3963.4688   4.0  1  1
		 25  118  1162.82  3962.42018   3962.4196   4.0  1  1
		 25  118  1273.62  3960.27023   3960.2692   4.0  1  1
		 25  118  1322.88  3959.30086      3959.3   4.0  1  1
		 25  118  1453.48  3956.69053   3956.6908   4.0  1  1
		 25  118  1492.85  3955.89199   3955.8903   4.0  1  0
		 25  118  1528.23   3955.1699   3955.1699   4.0  1  1
		 25  118  1737.63  3950.80653    3950.805   4.0  1  0
		 25  118  1756.97  3950.39572   3950.3951   4.0  1  1
		 25  118  1823.24  3948.97845   3948.9789   4.0  1  1
		 25  118  1867.19  3948.02994   3948.0305   4.0  1  1
		 25  118  1891.41  3947.50431   3947.5046   4.0  1  1
		 25  118  1899.41  3947.33023   3947.3308   4.0  1  1
		 25  118  1968.37  3945.82037   3945.8201   4.0  1  1
		 25  118  1982.57  3945.50737   3945.5072   4.0  1  1
		 25  118  2287.46  3938.61361   3938.6144   4.0  1  1
		 25  118  2472.20  3934.27419   3934.2742   4.0  1  1
		 25  118  2497.88  3933.66135   3933.6611   4.0  1  1
		 25  118  2529.18  3932.91089   3932.9113   4.0  1  1
		 25  118  2557.53  3932.22821   3932.2264   4.0  1  0
		 25  118  2678.10  3929.29189   3929.2904   4.0  1  1
		 26  117   510.10  4008.21104   4008.2102   4.0  1  1
		 26  117   579.03  4007.02025   4007.0188   4.0  1  1
		 26  117   615.65  4006.38118   4006.3806   4.0  1  1
		 26  117   639.56  4005.96151   4005.9615   4.0  1  1
		 26  117   673.54  4005.36181   4005.3628   4.0  1  1
		 26  117   688.72  4005.09262   4005.0928   4.0  1  1
		 26  117   773.54  4003.57429    4003.574   4.0  1  1
		 26  117   788.30  4003.30766   4003.3086   4.0  1  1
		 26  117   799.50  4003.10481   4003.1057   4.0  1  1
		 26  117   865.91  4001.89316   4001.8935   4.0  1  1
		 26  117   911.28  4001.05683   4001.0581   4.0  1  1
		 26  117   953.06  4000.28048   4000.2811   4.0  1  1
		 26  117  1023.76  3998.95313   3998.9526   4.0  1  1
		 26  117  1035.43  3998.73248   3998.7334   4.0  1  1
		 26  117  1081.01   3997.8659   3997.8654   4.0  1  1
		 26  117  1143.37  3996.66876   3996.6687   4.0  1  1
		 26  117  1174.72   3996.0619   3996.0617   4.0  1  1
		 26  117  1239.73  3994.79264   3994.7918   4.0  1  1
		 26  117  1252.09  3994.54961   3994.5494   4.0  1  1
		 26  117  1366.61  3992.27342   3992.2726   4.0  1  1
		 26  117  1377.54  3992.05369   3992.0535   4.0  1  1
		 26  117  1393.54  3991.73142   3991.7309   4.0  1  1
		 26  117  1454.63  3990.49269   3990.4922   4.0  1  1
		 26  117  1534.86  3988.84617   3988.8456   4.0  1  1
		 26  117  1546.70  3988.60136   3988.5997   4.0  1  0
		 26  117  1667.46  3986.07561   3986.0739   4.0  1  0
		 26  117  1723.76  3984.88041   3984.8795   4.0  1  1
		 26  117  1852.62  3982.10291    3982.102   4.0  1  1
		 26  117  1865.25   3981.8274   3981.8281   4.0  1  1
		 26  117  1898.20  3981.10625   3981.1065   4.0  1  1
		 26  117  1914.25  3980.75359    3980.755   4.0  1  1
		 26  117  1944.40  3980.08853   3980.0896   4.0  1  1
		 26  117  1977.48  3979.35526   3979.3559   4.0  1  1
		 26  117  2108.44  3976.41348   3976.4149   4.0  1  1
		 26  117  2180.92  3974.75894    3974.759   4.0  1  1
		 26  117  2193.24  3974.47571   3974.4766   4.0  1  1
		 26  117  2248.59  3973.19695   3973.1961   4.0  1  1
		 26  117  2272.57   3972.6395   3972.6395   4.0  1  1
		 26  117  2399.01  3969.66578   3969.6641   4.0  1  0
		 26  117  2426.85  3969.00304   3969.0026   4.0  1  1
		 26  117  2494.05  3967.39204   3967.3921   4.0  1  1
		 26  117  2511.74  3966.96523   3966.9647   4.0  1  1
		 26  117  2603.79  3964.72574   3964.7257   4.0  1  1
		 26  117  2632.12   3964.0302   3964.0302   4.0  1  1
		 27  116   365.84  4045.22726   4045.2268   4.0  1  1
		 27  116   383.67  4044.92697   4044.9269   4.0  1  1
		 27  116   413.64  4044.41965   4044.4179   4.0  1  0
		 27  116   473.62  4043.39526   4043.3948   4.0  1  1
		 27  116   489.05  4043.12976   4043.1302   4.0  1  1
		 27  116   502.66  4042.89493   4042.8937   4.0  1  1
		 27  116   599.67  4041.20309   4041.2036   4.0  1  1
		 27  116   675.16  4039.86464   4039.8648   4.0  1  1
		 27  116   734.26  4038.80318   4038.8043   4.0  1  1
		 27  116   766.02  4038.22798   4038.2287   4.0  1  1
		 27  116   802.60  4037.56105   4037.5614   4.0  1  1
		 27  116   856.78  4036.56497   4036.5652   4.0  1  1
		 27  116   884.71  4036.04757   4036.0479   4.0  1  1
		 27  116   916.30  4035.45914     4035.46   4.0  1  1
		 27  116   980.84  4034.24628   4034.2461   4.0  1  1
		 27  116  1158.04  4030.84263   4030.8424   4.0  1  1
		 27  116  1186.14  4030.29287   4030.2925   4.0  1  1
		 27  116  1209.87  4029.82653   4029.8256   4.0  1  1
		 27  116  1351.16  4027.00911   4027.0091   4.0  1  1
		 27  116  1417.86  4025.65474   4025.6556   4.0  1  1
		 27  116  1459.46  4024.80215   4024.8025   4.0  1  1
		 27  116  1530.20  4023.33851   4023.3378   4.0  1  1
		 27  116  1634.46  4021.14887   4021.1498   4.0  1  1
		 27  116  1671.79  4020.35562   4020.3541   4.0  1  0
		 27  116  1729.07  4019.12876   4019.1289   4.0  1  1
		 27  116  1930.73  4014.71615   4014.7164   4.0  1  1
		 27  116  1939.80  4014.51419   4014.5143   4.0  1  1
		 27  116  1969.31  4013.85539   4013.8566   4.0  1  1
		 27  116  2029.76  4012.49577   4012.4952   4.0  1  1
		 27  116  2063.13  4011.73972   4011.7398   4.0  1  1
		 27  116  2069.63  4011.59186   4011.5916   4.0  1  1
		 27  116  2216.59  4008.21035   4008.2102   4.0  1  1
		 27  116  2267.52  4007.02014   4007.0188   4.0  1  1
		 27  116  2294.68  4006.38147   4006.3806   4.0  1  1
		 27  116  2312.48  4005.96153   4005.9615   4.0  1  1
		 27  116  2337.76  4005.36316   4005.3628   4.0  1  1
		 27  116  2349.19  4005.09181   4005.0928   4.0  1  1
		 27  116  2423.79  4003.30895   4003.3086   4.0  1  1
		 27  116  2482.46  4001.89271   4001.8935   4.0  1  1
		 27  116  2516.75  4001.05896   4001.0581   4.0  1  1
		 27  116  2548.56  4000.28155   4000.2811   4.0  1  1
		 27  116  2602.56   3998.9537   3998.9526   4.0  1  1
		 27  116  2611.49  3998.73304   3998.7334   4.0  1  1
		 27  116  2624.83  3998.40278   3998.4038   4.0  1  1
		 28  115   414.49  4079.57541   4079.5738   4.0  1  0
		 28  115   455.18  4078.87588   4078.8751   4.0  1  1
		 28  115   488.36  4078.30134   4078.3015   4.0  1  1
		 28  115   565.92   4076.9437   4076.9432   4.0  1  1
		 28  115   583.76  4076.62857   4076.6284   4.0  1  1
		 28  115   624.40  4075.90657    4075.907   4.0  1  1
		 28  115   646.98  4075.50298    4075.503   4.0  1  1
		 28  115   694.83  4074.64193    4074.642   4.0  1  1
		 28  115   738.18  4073.85512   4073.8563   4.0  1  1
		 28  115   818.32  4072.38363   4072.3849   4.0  1  1
		 28  115   933.08  4070.23796   4070.2383   4.0  1  1
		 28  115   974.05   4069.4609   4069.4612   4.0  1  1
		 28  115   987.67  4069.20132   4069.2014   4.0  1  1
		 28  115  1078.62  4067.45119   4067.4507   4.0  1  1
		 28  115  1237.11  4064.33257   4064.3315   4.0  1  1
		 28  115  1283.31  4063.40699   4063.4071   4.0  1  1
		 28  115  1486.22  4059.25247   4059.2529   4.0  1  1
		 28  115  1708.81  4054.52695   4054.5258   4.0  1  1
		 28  115  1719.19  4054.30219   4054.3017   4.0  1  1
		 28  115  1782.59  4052.92149   4052.9208   4.0  1  1
		 28  115  1847.25  4051.49836   4051.4991   4.0  1  1
		 28  115  1874.78  4050.88791   4050.8872   4.0  1  1
		 28  115  1917.11  4049.94389   4049.9447   4.0  1  1
		 28  115  1990.68  4048.28774   4048.2876   4.0  1  1
		 28  115  2026.22  4047.48054   4047.4815   4.0  1  1
		 28  115  2092.43  4045.96486   4045.9654   4.0  1  1
		 28  115  2124.46  4045.22575   4045.2268   4.0  1  1
		 28  115  2159.33  4044.41693   4044.4179   4.0  1  1
		 28  115  2203.18   4043.3936   4043.3948   4.0  1  1
		 28  115  2214.48  4043.12863   4043.1302   4.0  1  0
		 28  115  2224.49  4042.89357   4042.8937   4.0  1  1
		 28  115  2296.07  4041.20216   4041.2036   4.0  1  1
		 28  115  2308.09  4040.91628   4040.9155   4.0  1  1
		 28  115  2352.13  4039.86432   4039.8648   4.0  1  1
		 28  115  2396.24   4038.8035   4038.8043   4.0  1  1
		 28  115  2420.01  4038.22887   4038.2287   4.0  1  1
		 28  115  2447.52  4037.56121   4037.5614   4.0  1  1
		 28  115  2488.37  4036.56469   4036.5652   4.0  1  1
		 28  115  2509.46  4036.04757   4036.0479   4.0  1  1
		 28  115  2533.35  4035.46007     4035.46   4.0  1  1
		 28  115  2582.42  4034.24647   4034.2461   4.0  1  1
		 29  114   563.33  4112.75505   4112.7545   4.0  1  1
		 29  114   670.66  4110.82731    4110.826   4.0  1  1
		 29  114   752.91  4109.32322   4109.3234   4.0  1  1
		 29  114   801.72  4108.41958   4108.4198   4.0  1  1
		 29  114   831.67  4107.86104   4107.8614   4.0  1  1
		 29  114   874.83  4107.05062   4107.0506   4.0  1  1
		 29  114   990.95  4104.83806   4104.8385   4.0  1  1
		 29  114  1014.61  4104.38147   4104.3821   4.0  1  1
		 29  114  1038.82  4103.91215   4103.9121   4.0  1  1
		 29  114  1105.04  4102.61826   4102.6177   4.0  1  1
		 29  114  1219.66  4100.34207   4100.3414   4.0  1  1
		 29  114  1289.47    4098.933   4098.9327   4.0  1  1
		 29  114  1299.41  4098.73096   4098.7316   4.0  1  1
		 29  114  1347.54  4097.74773   4097.7478   4.0  1  1
		 29  114  1428.43   4096.0767   4096.0759   4.0  1  1
		 29  114  1492.00  4094.74708    4094.747   4.0  1  1
		 29  114  1542.91  4093.67183   4093.6713   4.0  1  1
		 29  114  1556.13  4093.39117   4093.3921   4.0  1  1
		 29  114  1651.51  4091.34694   4091.3476   4.0  1  1
		 29  114  1752.89  4089.13843   4089.1379   4.0  1  1
		 29  114  1771.59  4088.72699   4088.7264   4.0  1  1
		 29  114  1836.66  4087.28534   4087.2848   4.0  1  1
		 29  114  1870.89  4086.52094   4086.5205   4.0  1  1
		 29  114  1927.12  4085.25572   4085.2564   4.0  1  1
		 29  114  1936.57  4085.04199   4085.0421   4.0  1  1
		 29  114  2005.66  4083.46928   4083.4688   4.0  1  1
		 29  114  2052.73  4082.38776   4082.3872   4.0  1  1
		 29  114  2065.99  4082.08178   4082.0817   4.0  1  1
		 29  114  2087.17  4081.59139   4081.5914   4.0  1  1
		 29  114  2096.80  4081.36799   4081.3678   4.0  1  1
		 29  114  2140.15  4080.35772    4080.358   4.0  1  1
		 29  114  2173.58  4079.57399   4079.5738   4.0  1  1
		 29  114  2203.28  4078.87411   4078.8751   4.0  1  1
		 29  114  2227.55  4078.29998   4078.3015   4.0  1  0
		 29  114  2284.53  4076.94315   4076.9432   4.0  1  1
		 29  114  2297.66  4076.62888   4076.6284   4.0  1  1
		 29  114  2327.67    4075.908    4075.907   4.0  1  1
		 29  114  2344.48  4075.50265    4075.503   4.0  1  1
		 29  114  2380.02  4074.64239    4074.642   4.0  1  1
		 29  114  2412.34  4073.85604   4073.8563   4.0  1  1
		 29  114  2472.40  4072.38436   4072.3849   4.0  1  1
		 29  114  2558.94  4070.23996   4070.2383   4.0  1  0
		 29  114  2590.10  4069.46095   4069.4612   4.0  1  1
		 29  114  2600.44   4069.2017   4069.2014   4.0  1  1
		 30  113   587.02  4148.72822   4148.7269   4.0  1  1
		 30  113   617.31  4148.18116   4148.1816   4.0  1  1
		 30  113   652.53  4147.54106   4147.5396   4.0  1  1
		 30  113   861.76  4143.64904   4143.6491   4.0  1  1
		 30  113   911.54  4142.70052    4142.701   4.0  1  1
		 30  113   923.41  4142.47312   4142.4741   4.0  1  1
		 30  113   967.16  4141.63046   4141.6321   4.0  1  0
		 30  113  1038.84  4140.23536    4140.235   4.0  1  1
		 30  113  1149.71  4138.04167   4138.0406   4.0  1  1
		 30  113  1276.47  4135.48004     4135.48   4.0  1  1
		 30  113  1332.72  4134.32492   4134.3235   4.0  1  1
		 30  113  1345.14  4134.06834   4134.0681   4.0  1  1
		 30  113  1408.41  4132.75277   4132.7533   4.0  1  1
		 30  113  1457.44  4131.72335   4131.7235   4.0  1  1
		 30  113  1491.54  4131.00235   4131.0021   4.0  1  1
		 30  113  1561.40  4129.51205   4129.5116   4.0  1  1
		 30  113  1601.84  4128.64129     4128.64   4.0  1  1
		 30  113  1629.14  4128.05009   4128.0499   4.0  1  1
		 30  113  1658.48  4127.41174    4127.412   4.0  1  1
		 30  113  2054.43  4118.48899   4118.4893   4.0  1  1
		 30  113  2130.33  4116.71272   4116.7137   4.0  1  1
		 30  113  2170.68   4115.7596   4115.7589   4.0  1  1
		 30  113  2296.28  4112.75419   4112.7545   4.0  1  1
		 30  113  2375.52  4110.82778    4110.826   4.0  1  0
		 30  113  2436.71  4109.32398   4109.3234   4.0  1  1
		 30  113  2473.26  4108.41914   4108.4198   4.0  1  1
		 30  113  2495.68  4107.86157   4107.8614   4.0  1  1
		 30  113  2615.99  4104.83721   4104.8385   4.0  1  1
		 30  113  2633.89  4104.38231   4104.3821   4.0  1  1
		 30  113  2652.32  4103.91303   4103.9121   4.0  1  1
		 31  112   621.56  4185.14427   4185.1447   4.0  1  1
		 31  112   676.32   4184.1377   4184.1376   4.0  1  1
		 31  112   796.95  4181.88323   4181.8836   4.0  1  1
		 31  112   897.77  4179.95966   4179.9601   4.0  1  1
		 31  112   955.23  4178.84735   4178.8481   4.0  1  1
		 31  112   979.93   4178.3655   4178.3658   4.0  1  1
		 31  112   995.54  4178.05991   4178.0597   4.0  1  1
		 31  112  1177.26  4174.43849   4174.4396   4.0  1  1
		 31  112  1266.03  4172.62649   4172.6257   4.0  1  1
		 31  112  1328.19  4171.34067    4171.341   4.0  1  1
		 31  112  1366.84  4170.53424   4170.5333   4.0  1  1
		 31  112  1456.94  4168.63318   4168.6341   4.0  1  1
		 31  112  1484.45  4168.04676   4168.0464   4.0  1  1
		 31  112  1590.26  4165.76607   4165.7661   4.0  1  1
		 31  112  1662.71  4164.18079   4164.1795   4.0  1  1
		 31  112  1673.22   4163.9493   4163.9479   4.0  1  1
		 31  112  1686.87  4163.64787   4163.6469   4.0  1  1
		 31  112  1738.20  4162.50852    4162.509   4.0  1  1
		 31  112  1772.59  4161.73976   4161.7389   4.0  1  1
		 31  112  1864.64  4159.66071   4159.6599   4.0  1  1
		 31  112  1911.50  4158.59024   4158.5905   4.0  1  1
		 31  112  2001.33  4156.51536   4156.5166   4.0  1  1
		 31  112  2078.00  4154.72077   4154.7205   4.0  1  1
		 31  112  2228.04  4151.14519   4151.1453   4.0  1  1
		 31  112  2327.58  4148.72631   4148.7269   4.0  1  1
		 31  112  2349.74  4148.18267   4148.1816   4.0  1  1
		 31  112  2531.68  4143.64967   4143.6491   4.0  1  1
		 31  112  2569.16  4142.70032    4142.701   4.0  1  1
		 31  112  2578.00   4142.4756   4142.4741   4.0  1  1
		 31  112  2659.64   4140.3862   4140.3855   4.0  1  1
		 32  111   545.73  4224.24062   4224.2413   4.0  1  1
		 32  111   589.60  4223.43983   4223.4403   4.0  1  1
		 32  111   633.21  4222.63693   4222.6373   4.0  1  1
		 32  111   712.84  4221.15361    4221.153   4.0  1  1
		 32  111   735.29  4220.73147   4220.7323   4.0  1  1
		 32  111   770.49  4220.06587   4220.0651   4.0  1  1
		 32  111   843.84  4218.66472   4218.6649   4.0  1  1
		 32  111   907.63  4217.43062   4217.4308   4.0  1  1
		 32  111   961.76  4216.37197   4216.3722   4.0  1  1
		 32  111   977.19  4216.06834   4216.0698   4.0  1  1
		 32  111   999.51  4215.62761   4215.6272   4.0  1  1
		 32  111  1112.04  4213.37788   4213.3779   4.0  1  1
		 32  111  1127.41  4213.06707   4213.0673   4.0  1  1
		 32  111  1232.31  4210.92301   4210.9232   4.0  1  1
		 32  111  1315.44  4209.19556   4209.1964   4.0  1  1
		 32  111  1708.98  4200.67502   4200.6745   4.0  1  1
		 32  111  1813.46  4198.31705    4198.317   4.0  1  1
		 32  111  2042.04  4193.01622   4193.0164   4.0  1  1
		 32  111  2069.66   4192.3624    4192.362   4.0  1  1
		 32  111  2125.59   4191.0298   4191.0294   4.0  1  1
		 32  111  2138.79  4190.71346   4190.7129   4.0  1  1
		 32  111  2366.81  4185.14649   4185.1447   4.0  1  0
		 32  111  2407.32  4184.13682   4184.1376   4.0  1  1
		 32  111  2496.80  4181.88433   4181.8836   4.0  1  1
		 32  111  2572.33  4179.95917   4179.9601   4.0  1  1
		 32  111  2634.17  4178.36671   4178.3658   4.0  1  1
		 33  110   506.84  4263.35697   4263.3561   4.0  1  1
		 33  110   547.55  4262.61308   4262.6124   4.0  1  1
		 33  110   608.26  4261.49289    4261.492   4.0  1  1
		 33  110   619.93  4261.27602   4261.2754   4.0  1  1
		 33  110   635.60  4260.98415   4260.9845   4.0  1  1
		 33  110   670.43  4260.33212    4260.333   4.0  1  1
		 33  110   721.87  4259.36131   4259.3619   4.0  1  1
		 33  110   766.07  4258.51958   4258.5204   4.0  1  1
		 33  110   798.47  4257.89806   4257.8982   4.0  1  1
		 33  110   819.37  4257.49524   4257.4963   4.0  1  1
		 33  110   883.31  4256.25306   4256.2537   4.0  1  1
		 33  110   935.04  4255.23716   4255.2373   4.0  1  1
		 33  110  1004.09   4253.8661   4253.8674   4.0  1  1
		 33  110  1020.48  4253.53823   4253.5385   4.0  1  1
		 33  110  1136.66  4251.18552   4251.1846   4.0  1  1
		 33  110  1156.66  4250.77564   4250.7749   4.0  1  1
		 33  110  1179.01  4250.31577   4250.3146   4.0  1  1
		 33  110  1219.58  4249.47652   4249.4761   4.0  1  1
		 33  110  1271.61  4248.39109   4248.3908   4.0  1  1
		 33  110  1290.74  4247.98965   4247.9886   4.0  1  1
		 33  110  1309.33  4247.59814   4247.5988   4.0  1  1
		 33  110  1511.39  4243.26117   4243.2611   4.0  1  1
		 33  110  1522.45   4243.0195   4243.0195   4.0  1  1
		 33  110  1536.09  4242.72065   4242.7197   4.0  1  1
		 33  110  1609.70  4241.09645   4241.0948   4.0  1  0
		 33  110  1632.31  4240.59359   4240.5947   4.0  1  1
		 33  110  1781.77  4237.22098   4237.2198   4.0  1  1
		 33  110  1832.88  4236.04853   4236.0471   4.0  1  1
		 33  110  1858.26  4235.46284   4235.4636   4.0  1  1
		 33  110  2055.61  4230.82443   4230.8242   4.0  1  1
		 33  110  2072.29  4230.42565   4230.4267   4.0  1  1
		 33  110  2125.46  4229.14743   4229.1477   4.0  1  1
		 33  110  2166.34  4228.15736    4228.158   4.0  1  1
		 33  110  2197.96  4227.38722   4227.3872   4.0  1  1
		 33  110  2214.33  4226.98697   4226.9876   4.0  1  1
		 33  110  2224.94  4226.72703   4226.7267   4.0  1  1
		 33  110  2242.40  4226.29832   4226.2994   4.0  1  1
		 33  110  2325.54  4224.24105   4224.2413   4.0  1  1
		 33  110  2357.62     4223.44   4223.4403   4.0  1  1
		 33  110  2389.60  4222.63775   4222.6373   4.0  1  1
		 33  110  2464.89  4220.73302   4220.7323   4.0  1  1
		 33  110  2545.64  4218.66611   4218.6649   4.0  1  1
		 33  110  2593.41  4217.43141   4217.4308   4.0  1  1
		 33  110  2645.64  4216.07145   4216.0698   4.0  1  0
		 34  109   423.57   4303.9906   4303.9892   4.0  1  1
		 34  109   504.05   4302.5253   4302.5261   4.0  1  1
		 34  109   605.27  4300.64941   4300.6495   4.0  1  1
		 34  109   634.52  4300.10049   4300.1008   4.0  1  1
		 34  109   648.40  4299.83894   4299.8393   4.0  1  1
		 34  109   780.95  4297.30628   4297.3066   4.0  1  1
		 34  109   869.27  4295.58352   4295.5849   4.0  1  1
		 34  109   913.03  4294.71941   4294.7193   4.0  1  1
		 34  109  1033.41  4292.30644   4292.3057   4.0  1  1
		 34  109  1057.85  4291.81002   4291.8098   4.0  1  1
		 34  109  1127.00  4290.39382   4290.3937   4.0  1  1
		 34  109  1210.10  4288.66875   4288.6688   4.0  1  1
		 34  109  1285.48  4287.08191   4287.0808   4.0  1  1
		 34  109  1325.62  4286.22822   4286.2285   4.0  1  1
		 34  109  1374.42  4285.18243   4285.1823   4.0  1  1
		 34  109  1384.04  4284.97533   4284.9749   4.0  1  1
		 34  109  1451.28  4283.51745   4283.5184   4.0  1  1
		 34  109  1479.61  4282.89808   4282.8976   4.0  1  1
		 34  109  1546.90  4281.41518   4281.4145   4.0  1  1
		 34  109  1562.51  4281.06884   4281.0678   4.0  1  1
		 34  109  1585.02  4280.56759    4280.568   4.0  1  1
		 34  109  1684.75  4278.32446   4278.3232   4.0  1  1
		 34  109  1729.13  4277.31421   4277.3139   4.0  1  1
		 34  109  1751.29  4276.80698   4276.8073   4.0  1  1
		 34  109  1822.67  4275.16055   4275.1596   4.0  1  1
		 34  109  1871.46  4274.02408   4274.0246   4.0  1  1
		 34  109  1899.89  4273.35763   4273.3574   4.0  1  1
		 34  109  1920.45  4272.87394   4272.8745   4.0  1  1
		 34  109  1950.33  4272.16785   4272.1689   4.0  1  1
		 34  109  2043.59   4269.9424   4269.9426   4.0  1  1
		 34  109  2079.96  4269.06545   4269.0639   4.0  1  0
		 34  109  2184.12  4266.52614   4266.5271   4.0  1  1
		 34  109  2193.86  4266.28656   4266.2864   4.0  1  1
		 34  109  2311.78  4263.35705   4263.3561   4.0  1  1
		 34  109  2394.30  4261.27491   4261.2754   4.0  1  1
		 34  109  2405.75  4260.98404   4260.9845   4.0  1  1
		 34  109  2431.34  4260.33186    4260.333   4.0  1  1
		 34  109  2469.24  4259.36124   4259.3619   4.0  1  1
		 34  109  2501.89  4258.52077   4258.5204   4.0  1  1
		 34  109  2525.97  4257.89805   4257.8982   4.0  1  1
		 34  109  2541.46  4257.49645   4257.4963   4.0  1  1
		 34  109  2589.13  4256.25425   4256.2537   4.0  1  1
		 35  108   448.99  4343.38156   4343.3817   4.0  1  1
		 35  108   499.87   4342.4449   4342.4442   4.0  1  1
		 35  108   582.94  4340.89558   4340.8954   4.0  1  1
		 35  108   637.06   4339.8727   4339.8716   4.0  1  1
		 35  108   729.18  4338.10746   4338.1078   4.0  1  1
		 35  108   771.98  4337.27675   4337.2774   4.0  1  1
		 35  108   782.57  4337.07017   4337.0708   4.0  1  1
		 35  108   870.60  4335.33717   4335.3379   4.0  1  1
		 35  108   959.40  4333.56018   4333.5612   4.0  1  1
		 35  108  1019.62  4332.33873   4332.3395   4.0  1  1
		 35  108  1034.72  4332.03027   4332.0297   4.0  1  1
		 35  108  1075.21  4331.19916   4331.1995   4.0  1  1
		 35  108  1092.37  4330.84512   4330.8438   4.0  1  1
		 35  108  1113.32  4330.41151    4330.412   4.0  1  1
		 35  108  1184.97  4328.91578   4328.9154   4.0  1  1
		 35  108  1195.84  4328.68716   4328.6879   4.0  1  1
		 35  108  1328.56  4325.86107   4325.8599   4.0  1  1
		 35  108  1355.69  4325.27518   4325.2741   4.0  1  1
		 35  108  1588.80  4320.12782   4320.1264   4.0  1  1
		 35  108  1664.36  4318.41552   4318.4157   4.0  1  1
		 35  108  1753.33  4316.37138   4316.3726   4.0  1  1
		 35  108  1764.57  4316.11104   4316.1094   4.0  1  0
		 35  108  1801.42  4315.25412   4315.2543   4.0  1  1
		 35  108  1841.41  4314.31819   4314.3195   4.0  1  1
		 35  108  1871.77  4313.60352   4313.6025   4.0  1  1
		 35  108  1884.28  4313.30805   4313.3084   4.0  1  1
		 35  108  1947.76  4311.79947   4311.7994   4.0  1  1
		 35  108  2054.06  4309.23857   4309.2392   4.0  1  1
		 35  108  2099.85  4308.12203    4308.122   4.0  1  1
		 35  108  2138.41   4307.1755   4307.1762   4.0  1  1
		 35  108  2227.88  4304.95702   4304.9565   4.0  1  1
		 35  108  2266.54  4303.98891   4303.9892   4.0  1  1
		 35  108  2324.57  4302.52485   4302.5261   4.0  1  1
		 35  108  2398.17    4300.649   4300.6495   4.0  1  1
		 35  108  2419.51  4300.10101   4300.1008   4.0  1  1
		 35  108  2429.65  4299.84006   4299.8393   4.0  1  1
		 35  108  2527.30  4297.30642   4297.3066   4.0  1  1
		 35  108  2592.80  4295.58591   4295.5849   4.0  1  1
		 36  107   562.30  4381.86033   4381.8601   4.0  1  1
		 36  107   586.52  4381.40161   4381.4018   4.0  1  1
		 36  107   645.03  4380.28466   4380.2863   4.0  1  0
		 36  107   677.15  4379.66615   4379.6668   4.0  1  1
		 36  107   753.72   4378.1764   4378.1768   4.0  1  1
		 36  107   837.06   4376.5303   4376.5309   4.0  1  1
		 36  107   865.95  4375.95381   4375.9542   4.0  1  1
		 36  107   956.65  4374.12364   4374.1239   4.0  1  1
		 36  107  1036.37  4372.48983     4372.49   4.0  1  1
		 36  107  1092.35  4371.32846    4371.329   4.0  1  1
		 36  107  1119.84  4370.75375   4370.7532   4.0  1  1
		 36  107  1161.58  4369.87591   4369.8756   4.0  1  1
		 36  107  1257.58  4367.83204   4367.8316   4.0  1  1
		 36  107  1276.80  4367.41866    4367.418   4.0  1  1
		 36  107  1297.82  4366.96501   4366.9657   4.0  1  1
		 36  107  1345.48  4365.93033   4365.9301   4.0  1  1
		 36  107  1442.60  4363.79525   4363.7945   4.0  1  1
		 36  107  1501.98  4362.47214   4362.4721   4.0  1  1
		 36  107  1520.05  4362.06684   4362.0662   4.0  1  1
		 36  107  1638.77  4359.37335   4359.3719   4.0  1  1
		 36  107  1684.52  4358.32101     4358.32   4.0  1  1
		 36  107  1715.14  4357.61231   4357.6132   4.0  1  1
		 36  107  1804.34  4355.52695   4355.5259   4.0  1  1
		 36  107  1848.52  4354.48273   4354.4824   4.0  1  1
		 36  107  1891.98   4353.4483   4353.4487   4.0  1  1
		 36  107  1926.86  4352.61273   4352.6122   4.0  1  1
		 36  107  1943.79  4352.20539   4352.2049   4.0  1  1
		 36  107  1982.41  4351.27229   4351.2719   4.0  1  1
		 36  107  2023.55  4350.27189   4350.2717   4.0  1  1
		 36  107  2072.54  4349.07215   4349.0722   4.0  1  1
		 36  107  2113.44   4348.0633    4348.064   4.0  1  1
		 36  107  2229.41  4345.16727    4345.168   4.0  1  1
		 36  107  2262.67  4344.32704   4344.3265   4.0  1  1
		 36  107  2277.49  4343.95118   4343.9515   4.0  1  1
		 36  107  2291.12  4343.60488   4343.6035   4.0  1  1
		 36  107  2299.82   4343.3834   4343.3817   4.0  1  0
		 36  107  2336.61  4342.44351   4342.4442   4.0  1  1
		 36  107  2396.74   4340.8958   4340.8954   4.0  1  1
		 36  107  2436.26  4339.87086   4339.8716   4.0  1  1
		 36  107  2503.65  4338.10894   4338.1078   4.0  1  1
		 36  107  2535.23  4337.27709   4337.2774   4.0  1  1
		 36  107  2543.01  4337.07149   4337.0708   4.0  1  1
		 36  107  2608.24  4335.33876   4335.3379   4.0  1  1
		 37  106   475.86   4424.8382   4424.8373   4.0  1  1
		 37  106   535.05  4423.72196   4423.7202   4.0  1  0
		 37  106   622.59  4422.04737   4422.0479   4.0  1  1
		 37  106   648.64  4421.54355   4421.5439   4.0  1  1
		 37  106   885.67  4416.84415   4416.8447   4.0  1  1
		 37  106   915.55  4416.23696    4416.237   4.0  1  1
		 37  106  1000.76  4414.48669   4414.4863   4.0  1  1
		 37  106  1041.88   4413.6326   4413.6324   4.0  1  1
		 37  106  1265.17  4408.88238   4408.8828   4.0  1  1
		 37  106  1533.36  4402.92687   4402.9271   4.0  1  1
		 37  106  1618.17  4400.98622   4400.9863   4.0  1  1
		 37  106  1644.18  4400.38555   4400.3863   4.0  1  1
		 37  106  1656.61  4400.09757   4400.0968   4.0  1  1
		 37  106  1686.31  4399.40709    4399.406   4.0  1  1
		 37  106  1750.01  4397.91451   4397.9149   4.0  1  1
		 37  106  1810.62  4396.47978   4396.4783   4.0  1  1
		 37  106  1923.93  4393.75932    4393.759   4.0  1  1
		 37  106  1956.31  4392.97272    4392.974   4.0  1  1
		 37  106  2021.00  4391.38894   4391.3893   4.0  1  1
		 37  106  2032.35   4391.1095   4391.1105   4.0  1  1
		 37  106  2273.27  4385.05586   4385.0566   4.0  1  1
		 37  106  2396.90  4381.86045   4381.8601   4.0  1  1
		 37  106  2414.49  4381.40088   4381.4018   4.0  1  1
		 37  106  2456.93  4380.28697   4380.2863   4.0  1  1
		 37  106  2480.44  4379.66685   4379.6668   4.0  1  1
		 37  106  2536.56  4378.17765   4378.1768   4.0  1  1
		 38  105   561.98  4465.34107   4465.3406   4.0  1  1
		 38  105   639.67  4463.83484   4463.8346   4.0  1  1
		 38  105   648.32  4463.66574    4463.666   4.0  1  1
		 38  105   756.52  4461.52687   4461.5278   4.0  1  1
		 38  105   804.88  4460.55675   4460.5574   4.0  1  1
		 38  105   894.45   4458.7368   4458.7384   4.0  1  0
		 38  105   930.28  4458.00029   4458.0015   4.0  1  1
		 38  105  1084.56  4454.77346   4454.7738   4.0  1  1
		 38  105  1187.70  4452.56579   4452.5655   4.0  1  1
		 38  105  1268.75  4450.80257    4450.804   4.0  1  1
		 38  105  1326.95  4449.52076   4449.5206   4.0  1  1
		 38  105  1355.84  4448.87976   4448.8792   4.0  1  1
		 38  105  1402.61  4447.83522   4447.8346   4.0  1  1
		 38  105  1429.51  4447.23052   4447.2296   4.0  1  1
		 38  105  1585.62  4443.66669   4443.6657   4.0  1  1
		 38  105  1610.68  4443.08576   4443.0863   4.0  1  1
		 38  105  1705.50  4440.86574   4440.8659   4.0  1  1
		 38  105  1717.81  4440.57486   4440.5737   4.0  1  1
		 38  105  1747.18  4439.87867   4439.8793   4.0  1  1
		 38  105  1764.68  4439.46231   4439.4614   4.0  1  1
		 38  105  1778.87  4439.12386   4439.1237   4.0  1  1
		 38  105  1794.57  4438.74828   4438.7464   4.0  1  0
		 38  105  1906.23  4436.05005   4436.0484   4.0  1  0
		 38  105  1950.95  4434.95587   4434.9564   4.0  1  1
		 38  105  1996.34  4433.83698    4433.838   4.0  1  1
		 38  105  2010.34  4433.49032   4433.4907   4.0  1  1
		 38  105  2031.57  4432.96287   4432.9628   4.0  1  1
		 38  105  2060.13  4432.25085   4432.2523   4.0  1  0
		 38  105  2110.18  4430.99511   4430.9963   4.0  1  1
		 38  105  2142.15  4430.18786    4430.189   4.0  1  1
		 38  105  2206.42  4428.55246   4428.5536   4.0  1  1
		 38  105  2305.46  4426.00058   4426.0011   4.0  1  1
		 38  105  2392.69  4423.72033   4423.7202   4.0  1  1
		 38  105  2455.94  4422.04788   4422.0479   4.0  1  1
		 38  105  2474.91  4421.54327   4421.5439   4.0  1  1
		 39  104   276.22  4513.68057   4513.6799   4.0  1  1
		 39  104   434.18   4510.7345   4510.7332   4.0  1  1
		 39  104   654.33  4506.47308    4506.473   4.0  1  1
		 39  104   717.55  4505.21564   4505.2167   4.0  1  1
		 39  104   830.75  4502.92641   4502.9268   4.0  1  1
		 39  104   972.90  4499.98275   4499.9832   4.0  1  1
		 39  104  1022.33    4498.941   4498.9401   4.0  1  1
		 39  104  1041.31  4498.53854   4498.5384   4.0  1  1
		 39  104  1281.18  4493.33305   4493.3337   4.0  1  1
		 39  104  1336.46  4492.10187   4492.1007   4.0  1  1
		 39  104  1386.33  4490.98114   4490.9816   4.0  1  1
		 39  104  1400.00  4490.67218   4490.6715   4.0  1  1
		 39  104  1444.41  4489.66371   4489.6645   4.0  1  1
		 39  104  1538.69  4487.49689   4487.4955   4.0  1  1
		 39  104  1564.51  4486.89757   4486.8973   4.0  1  1
		 39  104  1715.23  4483.34642   4483.3468   4.0  1  1
		 39  104  1779.30  4481.80986   4481.8107   4.0  1  1
		 39  104  1868.67  4479.63936   4479.6376   4.0  1  0
		 39  104  1918.99  4478.40332   4478.4032   4.0  1  1
		 39  104  2046.68  4475.22183   4475.2214   4.0  1  1
		 39  104  2065.06  4474.75864   4474.7594   4.0  1  1
		 39  104  2212.60  4470.99065   4470.9906   4.0  1  1
		 39  104  2269.13    4469.524   4469.5253   4.0  1  1
		 39  104  2315.11  4468.32134   4468.3208   4.0  1  1
		 39  104  2427.67  4465.34148   4465.3406   4.0  1  1
		 39  104  2490.14  4463.66567    4463.666   4.0  1  1
	offset	143
	slope	-1
	niterate 2
	lowreject 2.
	highreject 2.
	coefficients	24
		1.
		4.
		4.
		1.
		1.
		3000.
		104.
		142.
		466541.7838733417
		-3623.019198866769
		-231.3672101274796
		-2.541684325982789
		-20.91868114366367
		-29.15894334573101
		-3.637322331663195
		-0.06758313992680137
		0.5847877379319417
		-2.108838761039605
		-0.3062527537481196
		0.1523493488647638
		-0.02441571609993403
		0.1753691964737101
		0.0468060219535776
		-0.0175700921376508

