# Thu 18:15:42 26-Jul-2001
begin	ecidentify ecrefThAr_390_2148x1500_old
	id	ecrefThAr_390_2148x1500_old
	task	ecidentify
	image	ecrefThAr_390_2148x1500_old
	units	pixel
	features	950
		  2  141    92.23  3330.47507    3330.477   4.0  1  1
		  2  141   776.85  3309.36646   3309.3654   4.0  1  1
		  2  141   837.57  3307.22992   3307.2283   4.0  1  1
		  2  141   920.55  3304.23926   3304.2383   4.0  1  1
		  2  141   990.58  3301.65093    3301.651   4.0  1  1
		  3  140   212.31  3350.92522    3350.924   4.0  1  1
		  3  140   286.90  3348.77072   3348.7684   4.0  1  1
		  3  140   634.79  3337.87122   3337.8703   4.0  1  1
		  3  140   685.24  3336.17317   3336.1618   4.0  1  0
		  3  140   731.10  3334.60317   3334.6041   4.0  1  1
		  3  140   773.48  3333.12968    3333.129   4.0  1  1
		  3  140   848.31  3330.47627    3330.477   4.0  1  1
		  3  140   938.39  3327.19256   3327.1931   4.0  1  1
		  3  140   993.88  3325.12093    3325.121   4.0  1  1
		  4  139   162.64  3376.43962   3376.4359   4.0  1  1
		  4  139   214.26  3374.97487   3374.9749   4.0  1  1
		  4  139   265.50  3373.49089   3373.4925   4.0  1  1
		  4  139   530.20  3365.33786   3365.3383   4.0  1  1
		  4  139   661.24  3360.99703   3360.9982   4.0  1  1
		  4  139   731.07   3358.6006    3358.602   4.0  1  1
		  4  139  1001.38  3348.76937   3348.7684   4.0  1  1
		  4  139  1275.86  3337.87223   3337.8703   4.0  1  1
		  5  138    98.11  3402.70452   3402.6952   4.0  1  0
		  5  138   244.70  3398.54593   3398.5448   4.0  1  1
		  5  138   279.68  3397.51682   3397.5161   4.0  1  1
		  5  138   306.23  3396.72613   3396.7278   4.0  1  1
		  5  138   458.46  3392.03371   3392.0349   4.0  1  1
		  5  138   566.63  3388.53334   3388.5309   4.0  1  1
		  5  138   789.90  3380.86638   3380.8595   4.0  1  0
		  5  138   911.53  3376.43633   3376.4359   4.0  1  1
		  5  138   950.59  3374.97544   3374.9749   4.0  1  1
		  5  138   989.76  3373.49173   3373.4925   4.0  1  1
		  5  138  1007.33  3372.81978    3372.823   4.0  1  1
		  5  138  1196.62    3365.341   3365.3383   4.0  1  1
		  5  138  1301.70  3360.99688   3360.9982   4.0  1  1
		  6  137    44.80  3428.99918   3428.9992   4.0  1  1
		  6  137   222.89   3423.9906   3423.9897   4.0  1  1
		  6  137   268.32  3422.65385   3422.6561   4.0  1  1
		  6  137   316.53  3421.20873     3421.21   4.0  1  1
		  6  137   436.43  3417.49613   3417.4978   4.0  1  1
		  6  137   574.39  3413.01303    3413.013   4.0  1  1
		  6  137   699.48  3408.75065   3408.7499   4.0  1  1
		  6  137   789.66  3405.56079   3405.5584   4.0  1  1
		  6  137   868.27  3402.69902   3402.6952   4.0  1  1
		  6  137   894.98  3401.70961    3401.711   4.0  1  1
		  6  137   978.87   3398.5446   3398.5448   4.0  1  1
		  6  137  1005.64   3397.5162   3397.5161   4.0  1  1
		  6  137  1026.00  3396.72831   3396.7278   4.0  1  1
		  6  137  1144.61  3392.03515   3392.0349   4.0  1  1
		  6  137  1230.39  3388.53183   3388.5309   4.0  1  1
		  7  136   134.76  3451.70763   3451.7023   4.0  1  0
		  7  136   437.97  3442.57764    3442.579   4.0  1  1
		  7  136   535.71   3439.4014   3439.3987   4.0  1  1
		  7  136   598.40  3437.30391   3437.3071   4.0  1  1
		  7  136   615.42  3436.72628   3436.7272   4.0  1  1
		  7  136   637.35  3435.97651   3435.9771   4.0  1  1
		  7  136   694.42  3433.99866   3433.9988   4.0  1  1
		  7  136   833.79  3429.00118   3428.9992   4.0  1  1
		  7  136   967.35  3423.98799   3423.9897   4.0  1  1
		  7  136  1001.88  3422.65612   3422.6561   4.0  1  1
		  7  136  1038.97  3421.20877     3421.21   4.0  1  1
		  7  136  1132.17  3417.49584   3417.4978   4.0  1  1
		  7  136  1241.20  3413.01382    3413.013   4.0  1  1
		  7  136  1341.72  3408.74789   3408.7499   4.0  1  1
		  8  135   153.08   3476.7492   3476.7474   4.0  1  1
		  8  135   338.57  3471.21492   3471.2186   4.0  1  1
		  8  135   380.13  3469.91883   3469.9208   4.0  1  1
		  8  135   398.37  3469.34341   3469.3454   4.0  1  1
		  8  135   433.60  3468.22074   3468.2198   4.0  1  1
		  8  135   508.97   3465.7687    3465.765   4.0  1  1
		  8  135   558.31   3464.1264   3464.1272   4.0  1  1
		  8  135   596.04  3462.85044   3462.8505   4.0  1  1
		  8  135   760.92  3457.07082   3457.0691   4.0  1  1
		  8  135   842.31  3454.09489   3454.0952   4.0  1  1
		  8  135   906.21  3451.70085   3451.7023   4.0  1  1
		  8  135  1138.30  3442.57598    3442.579   4.0  1  1
		  8  135  1215.31  3439.39817   3439.3987   4.0  1  1
		  8  135  1265.04  3437.30623   3437.3071   4.0  1  1
		  8  135  1278.61   3436.7296   3436.7272   4.0  1  1
		  8  135  1296.27  3435.97621   3435.9771   4.0  1  1
		  9  134   289.97   3498.6203    3498.621   4.0  1  1
		  9  134   348.52  3496.80973   3496.8107   4.0  1  1
		  9  134   383.73  3495.70087   3495.6998   4.0  1  1
		  9  134   511.94  3491.53723    3491.536   4.0  1  1
		  9  134   572.34  3489.50654   3489.5076   4.0  1  1
		  9  134   657.96  3486.55103   3486.5512   4.0  1  1
		  9  134   825.56  3480.50433   3480.5055   4.0  1  1
		  9  134   886.18  3478.23098   3478.2324   4.0  1  1
		  9  134   925.12  3476.74666   3476.7474   4.0  1  1
		  9  134  1066.09  3471.21355   3471.2186   4.0  1  0
		  9  134  1098.18  3469.91899   3469.9208   4.0  1  1
		  9  134  1112.33  3469.34399   3469.3454   4.0  1  1
		  9  134  1139.80  3468.22054   3468.2198   4.0  1  1
		  9  134  1198.93   3465.7695    3465.765   4.0  1  0
		  9  134  1237.90  3464.12968   3464.1272   4.0  1  1
		 10  133   233.83    3526.635   3526.6342   4.0  1  1
		 10  133   335.71  3523.50485   3523.5061   4.0  1  1
		 10  133   445.44  3519.99293   3519.9936   4.0  1  1
		 10  133   493.60   3518.4051    3518.404   4.0  1  1
		 10  133   611.72  3514.39016   3514.3877   4.0  1  1
		 10  133   703.42  3511.15457   3511.1574   4.0  1  1
		 10  133   741.53  3509.77907   3509.7785   4.0  1  1
		 10  133  1033.93  3498.62035    3498.621   4.0  1  1
		 10  133  1078.83  3496.81069   3496.8107   4.0  1  1
		 10  133  1106.10  3495.69923   3495.6998   4.0  1  1
		 10  133  1206.25  3491.53598    3491.536   4.0  1  1
		 10  133  1253.88  3489.51065   3489.5076   4.0  1  1
		 10  133  1322.36  3486.54729   3486.5512   4.0  1  0
		 11  132    21.70  3559.51286   3559.5081   4.0  1  0
		 11  132   113.67  3556.90799   3556.9041   4.0  1  1
		 11  132   178.44  3555.01258   3555.0135   4.0  1  1
		 11  132   202.23  3554.30375   3554.3058   4.0  1  1
		 11  132   297.39  3551.39966   3551.4019   4.0  1  1
		 11  132   354.73   3549.5967   3549.5959   4.0  1  1
		 11  132   388.55  3548.51421   3548.5144   4.0  1  1
		 11  132   424.75  3547.34046   3547.3376   4.0  1  1
		 11  132   524.58  3544.01931   3544.0179   4.0  1  1
		 11  132   652.39  3539.58747   3539.5872   4.0  1  1
		 11  132   770.27  3535.31919   3535.3196   4.0  1  1
		 11  132   873.21  3531.44917   3531.4505   4.0  1  1
		 11  132   897.54  3530.51509   3530.5148   4.0  1  1
		 11  132   926.65  3529.38726   3529.3859   4.0  1  1
		 11  132   996.59  3526.63394   3526.6342   4.0  1  1
		 11  132  1074.35  3523.49894   3523.5061   4.0  1  0
		 11  132  1159.14   3519.9925   3519.9936   4.0  1  1
		 11  132  1196.79  3518.40562    3518.404   4.0  1  1
		 11  132  1290.21  3514.38941   3514.3877   4.0  1  1
		 12  131   109.57  3584.17723   3584.1756   4.0  1  1
		 12  131   171.57  3582.35394   3582.3546   4.0  1  1
		 12  131   196.52  3581.60703   3581.6084   4.0  1  1
		 12  131   357.29  3576.61219   3576.6156   4.0  1  1
		 12  131   561.16  3569.82028   3569.8204   4.0  1  1
		 12  131   696.36  3565.03036   3565.0298   4.0  1  1
		 12  131   784.82  3561.77177   3561.7809   4.0  1  0
		 12  131   804.53  3561.03234   3561.0304   4.0  1  1
		 12  131   844.71  3559.50961   3559.5081   4.0  1  1
		 12  131   912.25  3556.90339   3556.9041   4.0  1  1
		 12  131   960.34  3555.01217   3555.0135   4.0  1  1
		 12  131   978.16  3554.30396   3554.3058   4.0  1  1
		 12  131  1050.18  3551.39976   3551.4019   4.0  1  1
		 12  131  1094.15   3549.5941   3549.5959   4.0  1  1
		 12  131  1120.19  3548.51264   3548.5144   4.0  1  1
		 12  131  1148.25  3547.33752   3547.3376   4.0  1  1
		 12  131  1226.28   3544.0165   3544.0179   4.0  1  1
		 12  131  1327.57  3539.58617   3539.5872   4.0  1  1
		 13  130    70.78  3612.87128   3612.8666   4.0  1  0
		 13  130    86.12  3612.42849   3612.4275   4.0  1  1
		 13  130   187.05  3609.44367   3609.4452   4.0  1  1
		 13  130   222.21  3608.37485    3608.377   4.0  1  1
		 13  130   282.07  3606.51974   3606.5218   4.0  1  1
		 13  130   340.19  3604.67641   3604.6819   4.0  1  0
		 13  130   451.43  3601.03176   3601.0344   4.0  1  1
		 13  130   490.34  3599.72039    3599.724   4.0  1  1
		 13  130   537.08  3598.12044   3598.1199   4.0  1  1
		 13  130   687.55  3592.78213   3592.7794   4.0  1  1
		 13  130   723.76  3591.45477   3591.4524   4.0  1  1
		 13  130   804.34  3588.44101   3588.4407   4.0  1  1
		 13  130   914.75  3584.17701   3584.1756   4.0  1  1
		 13  130   942.01  3583.10019   3583.1022   4.0  1  1
		 13  130   960.72  3582.35531   3582.3546   4.0  1  1
		 13  130   979.41  3581.60706   3581.6084   4.0  1  1
		 13  130  1101.37  3576.61216   3576.6156   4.0  1  1
		 13  130  1260.07  3569.82233   3569.8204   4.0  1  1
		 13  130  1317.93  3567.26448    3567.264   4.0  1  1
		 14  129    22.66  3642.25635    3642.249   4.0  1  0
		 14  129   235.35  3635.94037   3635.9433   4.0  1  1
		 14  129   278.85  3634.57985   3634.5822   4.0  1  1
		 14  129   333.68  3632.83136   3632.8303   4.0  1  1
		 14  129   628.22  3622.79472   3622.7954   4.0  1  1
		 14  129   726.45   3619.2033   3619.2119   4.0  1  0
		 14  129   748.91  3618.36467   3618.3633   4.0  1  1
		 14  129   815.27  3615.84938   3615.8503   4.0  1  1
		 14  129   833.85  3615.13498   3615.1327   4.0  1  1
		 14  129   892.13  3612.86557   3612.8666   4.0  1  1
		 14  129   903.28  3612.42603   3612.4275   4.0  1  1
		 14  129   977.93  3609.44397   3609.4452   4.0  1  1
		 14  129  1004.25  3608.37506    3608.377   4.0  1  1
		 14  129  1049.40  3606.52085   3606.5218   4.0  1  1
		 14  129  1093.59   3604.6799   3604.6819   4.0  1  1
		 14  129  1246.30  3598.12079   3598.1199   4.0  1  1
		 15  128   110.75  3668.14168   3668.1398   4.0  1  1
		 15  128   271.72  3663.20188   3663.2025   4.0  1  1
		 15  128   321.28  3661.61594   3661.6214   4.0  1  0
		 15  128   357.50  3660.43775    3660.437   4.0  1  1
		 15  128   381.89  3659.63469   3659.6294   4.0  1  0
		 15  128   406.71  3658.81015   3658.8087   4.0  1  1
		 15  128   469.39  3656.69277   3656.6938   4.0  1  1
		 15  128   533.80  3654.46502   3654.4618   4.0  1  1
		 15  128   598.57  3652.17165   3652.1683   4.0  1  1
		 15  128   665.64  3649.74018   3649.7349   4.0  1  0
		 15  128   678.91   3649.2524   3649.2496   4.0  1  1
		 15  128   830.60  3643.51421   3643.5123   4.0  1  1
		 15  128   863.02  3642.24923    3642.249   4.0  1  1
		 15  128  1019.68  3635.94323   3635.9433   4.0  1  1
		 15  128  1052.56  3634.57899   3634.5822   4.0  1  1
		 15  128  1094.26  3632.82833   3632.8303   4.0  1  1
		 15  128  1323.44  3622.79422   3622.7954   4.0  1  1
		 16  127    74.31  3698.10531   3698.1061   4.0  1  1
		 16  127   168.16  3695.28597   3695.2889   4.0  1  1
		 16  127   204.04  3694.17884   3694.1785   4.0  1  1
		 16  127   255.45  3692.56471   3692.5664   4.0  1  1
		 16  127   285.37  3691.60995   3691.6141   4.0  1  0
		 16  127   291.57  3691.41098   3691.4117   4.0  1  1
		 16  127   315.91   3690.6238   3690.6238   4.0  1  1
		 16  127   395.95  3687.98347   3687.9841   4.0  1  1
		 16  127   555.12   3682.4906   3682.4863   4.0  1  0
		 16  127   612.00  3680.44903   3680.4477   4.0  1  1
		 16  127   622.60  3680.06374   3680.0609   4.0  1  1
		 16  127   632.30  3679.71029   3679.7105   4.0  1  1
		 16  127   636.74  3679.54781   3679.5444   4.0  1  1
		 16  127   647.99  3679.13553   3679.1343   4.0  1  1
		 16  127   665.74  3678.48156   3678.4804   4.0  1  1
		 16  127   671.43  3678.27116   3678.2701   4.0  1  1
		 16  127   737.63  3675.79191   3675.7893   4.0  1  1
		 16  127   743.49  3675.56937   3675.5675   4.0  1  1
		 16  127   754.77  3675.14031   3675.1372   4.0  1  1
		 16  127   761.32   3674.8908    3674.891   4.0  1  1
		 16  127   789.83  3673.79648   3673.7935   4.0  1  1
		 16  127   828.38  3672.30016   3672.3003   4.0  1  1
		 16  127   847.71  3671.54269   3671.5398   4.0  1  1
		 16  127   887.47  3669.96881    3669.968   4.0  1  1
		 16  127   933.06  3668.13878   3668.1398   4.0  1  1
		 16  127   961.55  3666.98139   3666.9811   4.0  1  1
		 16  127  1052.79  3663.20257   3663.2025   4.0  1  1
		 16  127  1090.32   3661.6159   3661.6214   4.0  1  0
		 16  127  1117.84  3660.44081    3660.437   4.0  1  1
		 16  127  1136.70  3659.62957   3659.6294   4.0  1  1
		 16  127  1155.64  3658.81016   3658.8087   4.0  1  1
		 16  127  1204.03  3656.69476   3656.6938   4.0  1  1
		 16  127  1254.33  3654.46307   3654.4618   4.0  1  1
		 17  126    10.77  3729.31479   3729.3087   4.0  1  0
		 17  126    59.02  3727.90652   3727.9027   4.0  1  1
		 17  126   142.73  3725.39421   3725.3932   4.0  1  1
		 17  126   256.96  3721.82363   3721.8254   4.0  1  1
		 17  126   275.88  3721.21629   3721.2152   4.0  1  1
		 17  126   318.42  3719.83414   3719.8362   4.0  1  1
		 17  126   330.60  3719.43412   3719.4347   4.0  1  1
		 17  126   367.64  3718.20642   3718.2065   4.0  1  1
		 17  126   557.81  3711.62545   3711.6229   4.0  1  1
		 17  126   566.65  3711.30818   3711.3041   4.0  1  0
		 17  126   690.24  3706.76721   3706.7672   4.0  1  1
		 17  126   768.79  3703.77738   3703.7743   4.0  1  1
		 17  126   782.89  3703.23212   3703.2299   4.0  1  1
		 17  126   840.46  3700.97891   3700.9872   4.0  1  0
		 17  126   868.15  3699.87978   3699.8808   4.0  1  1
		 17  126   912.33  3698.10502   3698.1061   4.0  1  1
		 17  126   921.30  3697.74133   3697.7436   4.0  1  1
		 17  126   981.20  3695.28656   3695.2889   4.0  1  1
		 17  126  1007.66  3694.18695   3694.1785   4.0  1  0
		 17  126  1046.29  3692.56499   3692.5664   4.0  1  1
		 17  126  1073.50  3691.41047   3691.4117   4.0  1  1
		 17  126  1091.90  3690.62391   3690.6238   4.0  1  1
		 17  126  1152.91  3687.98436   3687.9841   4.0  1  1
		 17  126  1276.19  3682.49755   3682.4863   4.0  1  0
		 18  125    33.89   3758.4713   3758.4671   4.0  1  1
		 18  125    60.20  3757.69341   3757.6941   4.0  1  1
		 18  125   142.38  3755.20784   3755.2121   4.0  1  0
		 18  125   162.40  3754.58925    3754.593   4.0  1  0
		 18  125   180.23  3754.03425   3754.0308   4.0  1  1
		 18  125   196.74  3753.51671   3753.5177   4.0  1  1
		 18  125   226.70  3752.56839     3752.57   4.0  1  1
		 18  125   274.84  3751.02121   3751.0219   4.0  1  1
		 18  125   291.18  3750.48907   3750.4939   4.0  1  0
		 18  125   380.00  3747.53772    3747.539   4.0  1  1
		 18  125   426.07  3745.96719   3745.9706   4.0  1  1
		 18  125   435.04  3745.65816   3745.6591   4.0  1  1
		 18  125   513.15  3742.92318   3742.9234   4.0  1  1
		 18  125   561.64  3741.18582    3741.183   4.0  1  1
		 18  125   651.36  3737.88988    3737.889   4.0  1  1
		 18  125   661.43  3737.51347   3737.5125   4.0  1  1
		 18  125   762.24  3733.67083   3733.6724   4.0  1  1
		 18  125   779.80  3732.98793   3732.9854   4.0  1  1
		 18  125   846.24   3730.3669   3730.3683   4.0  1  1
		 18  125   872.61  3729.31043   3729.3087   4.0  1  1
		 18  125   907.40  3727.90226   3727.9027   4.0  1  1
		 18  125   914.52  3727.61201    3727.612   4.0  1  1
		 18  125   936.29  3726.72065   3726.7246   4.0  1  0
		 18  125   968.46  3725.39187   3725.3932   4.0  1  1
		 18  125  1053.26  3721.82288   3721.8254   4.0  1  1
		 18  125  1067.46  3721.21569   3721.2152   4.0  1  1
		 18  125  1099.50  3719.83604   3719.8362   4.0  1  1
		 18  125  1108.75  3719.43524   3719.4347   4.0  1  1
		 18  125  1136.93  3718.20673   3718.2065   4.0  1  1
		 18  125  1283.83    3711.628   3711.6229   4.0  1  0
		 19  124    20.68  3789.17057    3789.168   4.0  1  1
		 19  124   138.87  3785.60037   3785.6002   4.0  1  1
		 19  124   212.33  3783.29186   3783.2964   4.0  1  0
		 19  124   273.38  3781.32046   3781.3189   4.0  1  1
		 19  124   423.45    3776.271   3776.2711   4.0  1  1
		 19  124   526.08  3772.64926   3772.6498   4.0  1  1
		 19  124   561.40  3771.37121   3771.3708   4.0  1  1
		 19  124   584.61  3770.52219     3770.52   4.0  1  1
		 19  124   597.26  3770.05655    3770.056   4.0  1  1
		 19  124   655.09  3767.90123   3767.9007   4.0  1  1
		 19  124   702.06  3766.11803   3766.1186   4.0  1  1
		 19  124   724.16  3765.26884     3765.27   4.0  1  1
		 19  124   769.47  3763.50751   3763.5053   4.0  1  1
		 19  124   895.46  3758.46675   3758.4671   4.0  1  1
		 19  124   914.33  3757.69321   3757.6941   4.0  1  1
		 19  124   948.20  3756.29322   3756.2941   4.0  1  1
		 19  124   974.15  3755.21022   3755.2121   4.0  1  1
		 19  124   988.84  3754.59325    3754.593   4.0  1  1
		 19  124  1002.00  3754.03771   3754.0308   4.0  1  0
		 19  124  1014.32  3753.51585   3753.5177   4.0  1  1
		 19  124  1020.74  3753.24291   3753.2421   4.0  1  1
		 19  124  1036.56  3752.56841     3752.57   4.0  1  1
		 19  124  1072.52  3751.02196   3751.0219   4.0  1  1
		 19  124  1084.73  3750.49295   3750.4939   4.0  1  1
		 19  124  1152.13  3747.53663    3747.539   4.0  1  1
		 19  124  1187.34  3745.96706   3745.9706   4.0  1  1
		 19  124  1194.27  3745.65661   3745.6591   4.0  1  1
		 19  124  1254.53  3742.92574   3742.9234   4.0  1  1
		 19  124  1292.37  3741.18552    3741.183   4.0  1  1
		 20  123    63.69  3818.68719    3818.686   4.0  1  1
		 20  123   242.73  3813.06805    3813.068   4.0  1  1
		 20  123   305.65  3810.99536    3810.995   4.0  1  1
		 20  123   351.44   3809.4547   3809.4561   4.0  1  1
		 20  123   397.56  3807.87508    3807.874   4.0  1  1
		 20  123   507.79  3803.98698    3803.984   4.0  1  1
		 20  123   532.95  3803.07717    3803.075   4.0  1  1
		 20  123   577.51  3801.44538    3801.443   4.0  1  1
		 20  123   611.07  3800.19909    3800.198   4.0  1  1
		 20  123   632.74   3799.3864    3799.382   4.0  1  0
		 20  123   666.57  3798.10555    3798.103   4.0  1  1
		 20  123   737.19  3795.38167     3795.38   4.0  1  1
		 20  123   804.34  3792.73014     3792.73   4.0  1  1
		 20  123   813.33  3792.37047    3792.374   4.0  1  1
		 20  123   852.41  3790.79495    3790.795   4.0  1  1
		 20  123   863.21   3790.3555    3790.356   4.0  1  1
		 20  123   892.30  3789.16505    3789.168   4.0  1  1
		 20  123   959.29  3786.37996   3786.3824   4.0  1  1
		 20  123   977.77  3785.60066   3785.6002   4.0  1  1
		 20  123  1001.94   3784.5747   3784.5749   4.0  1  1
		 20  123  1031.80  3783.29663   3783.2964   4.0  1  1
		 20  123  1077.32  3781.32406   3781.3189   4.0  1  0
		 20  123  1191.06   3776.2718   3776.2711   4.0  1  1
		 20  123  1270.18  3772.65241   3772.6498   4.0  1  1
		 20  123  1297.67  3771.37467   3771.3708   4.0  1  1
		 20  123  1315.88   3770.5223     3770.52   4.0  1  1
		 20  123  1325.73  3770.05947    3770.056   4.0  1  1
		 21  122    44.05  3850.58372   3850.5813   4.0  1  1
		 21  122   163.49  3846.88211   3846.8876   4.0  1  0
		 21  122   209.61  3845.40352   3845.4055   4.0  1  1
		 21  122   285.90   3842.8969   3842.8968   4.0  1  1
		 21  122   313.81  3841.96063   3841.9601   4.0  1  1
		 21  122   326.91    3841.518   3841.5187   4.0  1  1
		 21  122   348.07  3840.79794   3840.8004   4.0  1  1
		 21  122   380.21  3839.69292   3839.6953   4.0  1  1
		 21  122   432.30  3837.87339   3837.8752   4.0  1  1
		 21  122   468.71  3836.58031   3836.5851   4.0  1  0
		 21  122   492.88  3835.71192   3835.7111   4.0  1  1
		 21  122   521.37  3834.67873   3834.6787   4.0  1  1
		 21  122   564.64  3833.08907    3833.086   4.0  1  1
		 21  122   603.44  3831.64233   3831.6398   4.0  1  1
		 21  122   626.44  3830.77499   3830.7736   4.0  1  1
		 21  122   645.26  3830.06015   3830.0606   4.0  1  1
		 21  122   688.81  3828.38796   3828.3846   4.0  1  1
		 21  122   729.37  3826.80789   3826.8072   4.0  1  1
		 21  122   740.50  3826.37031   3826.3688   4.0  1  1
		 21  122   758.14  3825.67328   3825.6729   4.0  1  1
		 21  122   771.68  3825.13577   3825.1331   4.0  1  1
		 21  122   823.19   3823.0674   3823.0676   4.0  1  1
		 21  122   863.35  3821.42967   3821.4308   4.0  1  1
		 21  122   878.78  3820.79473   3820.7926   4.0  1  1
		 21  122   929.48  3818.68536    3818.686   4.0  1  1
		 21  122  1060.60  3813.06773    3813.068   4.0  1  1
		 21  122  1107.62  3810.99555    3810.995   4.0  1  1
		 21  122  1142.14  3809.45473   3809.4561   4.0  1  1
		 21  122  1177.21  3807.87251    3807.874   4.0  1  1
		 21  122  1261.58  3803.99633    3803.984   4.0  1  0
		 21  122  1281.21   3803.0804    3803.075   4.0  1  0
		 22  121   133.14  3879.64112   3879.6441   4.0  1  1
		 22  121   256.47  3875.64233   3875.6462   4.0  1  1
		 22  121   264.63  3875.37082   3875.3731   4.0  1  1
		 22  121   279.90  3874.86034   3874.8619   4.0  1  1
		 22  121   298.32  3874.24015   3874.2438   4.0  1  1
		 22  121   310.70  3873.82085   3873.8224   4.0  1  1
		 22  121   320.98   3873.4712    3873.474   4.0  1  1
		 22  121   330.51  3873.14586   3873.1479   4.0  1  1
		 22  121   359.84  3872.13702   3872.1371   4.0  1  1
		 22  121   430.44  3869.66183   3869.6633   4.0  1  1
		 22  121   462.19  3868.52705   3868.5284   4.0  1  1
		 22  121   506.79  3866.91015   3866.9092   4.0  1  1
		 22  121   601.04  3863.40629   3863.4059   4.0  1  1
		 22  121   627.03  3862.41939   3862.4218   4.0  1  1
		 22  121   693.77  3859.84255   3859.8396   4.0  1  1
		 22  121   781.66  3856.35699   3856.3544   4.0  1  1
		 22  121   827.20   3854.5099   3854.5108   4.0  1  1
		 22  121   884.70  3852.13705   3852.1353   4.0  1  1
		 22  121   921.78  3850.58262   3850.5813   4.0  1  1
		 22  121  1008.32  3846.88187   3846.8876   4.0  1  0
		 22  121  1042.24  3845.40304   3845.4055   4.0  1  1
		 22  121  1098.88  3842.89806   3842.8968   4.0  1  1
		 22  121  1119.79  3841.96209   3841.9601   4.0  1  1
		 22  121  1129.64  3841.51922   3841.5187   4.0  1  1
		 22  121  1145.56  3840.79993   3840.8004   4.0  1  1
		 22  121  1169.85  3839.69628   3839.6953   4.0  1  1
		 22  121  1209.52  3837.87596   3837.8752   4.0  1  1
		 22  121  1237.49  3836.57939   3836.5851   4.0  1  0
		 22  121  1256.09  3835.71126   3835.7111   4.0  1  1
		 22  121  1277.96  3834.68402   3834.6787   4.0  1  0
		 23  120   135.02  3911.91263   3911.9091   4.0  1  1
		 23  120   369.33  3904.07712   3904.0828   4.0  1  0
		 23  120   397.07  3903.10095   3903.1024   4.0  1  1
		 23  120   437.48  3901.66114   3901.6621   4.0  1  1
		 23  120   459.25  3900.87615   3900.8785   4.0  1  1
		 23  120   467.20  3900.58821   3900.5767   4.0  1  0
		 23  120   525.67  3898.44227   3898.4374   4.0  1  0
		 23  120   605.98  3895.42022   3895.4192   4.0  1  1
		 23  120   651.86  3893.65447   3893.6519   4.0  1  1
		 23  120   694.65  3891.98182   3891.9792   4.0  1  1
		 23  120   701.18  3891.72435    3891.726   4.0  1  1
		 23  120   709.35  3891.40134   3891.4017   4.0  1  1
		 23  120   820.50  3886.91763   3886.9159   4.0  1  1
		 23  120   871.10  3884.81979   3884.8225   4.0  1  1
		 23  120   976.56   3880.3348   3880.3332   4.0  1  1
		 23  120   992.51  3879.64276   3879.6441   4.0  1  1
		 23  120  1001.18  3879.26541   3879.2688   4.0  1  1
		 23  120  1014.90  3878.66558    3878.662   4.0  1  1
		 23  120  1083.18   3875.6428   3875.6462   4.0  1  1
		 23  120  1089.33  3875.36744   3875.3731   4.0  1  0
		 23  120  1100.58  3874.86182   3874.8619   4.0  1  1
		 23  120  1114.33  3874.24189   3874.2438   4.0  1  1
		 23  120  1123.61  3873.82205   3873.8224   4.0  1  1
		 23  120  1131.36   3873.4704    3873.474   4.0  1  1
		 23  120  1138.47    3873.147   3873.1479   4.0  1  1
		 23  120  1160.59  3872.13683   3872.1371   4.0  1  1
		 23  120  1214.13  3869.66239   3869.6633   4.0  1  1
		 23  120  1238.37    3868.529   3868.5284   4.0  1  1
		 23  120  1272.67  3866.91076   3866.9092   4.0  1  1
		 24  119    31.88  3948.03396   3948.0305   4.0  1  1
		 24  119    48.95  3947.50632   3947.5046   4.0  1  1
		 24  119    54.55  3947.33223   3947.3308   4.0  1  1
		 24  119   151.20   3944.2653   3944.2534   4.0  1  0
		 24  119   218.22  3942.06619   3942.0732   4.0  1  0
		 24  119   442.43  3934.27362   3934.2742   4.0  1  1
		 24  119   459.36  3933.65795   3933.6611   4.0  1  1
		 24  119   470.89  3933.23617   3933.2375   4.0  1  1
		 24  119   479.69  3932.91322   3932.9113   4.0  1  1
		 24  119   566.50  3929.67071   3929.6693   4.0  1  1
		 24  119   576.48  3929.29145   3929.2904   4.0  1  1
		 24  119   593.93  3928.62496   3928.6233   4.0  1  1
		 24  119   660.44  3926.04646   3926.0456   4.0  1  1
		 24  119   668.70  3925.72198   3925.7188   4.0  1  1
		 24  119   684.57  3925.09599   3925.0934   4.0  1  1
		 24  119   701.98  3924.40495   3924.4034   4.0  1  1
		 24  119   717.16  3923.79929   3923.7995   4.0  1  1
		 24  119   834.26  3919.02045   3919.0234   4.0  1  1
		 24  119   846.63  3918.50445   3918.5115   4.0  1  0
		 24  119   857.03  3918.06886   3918.0701   4.0  1  1
		 24  119   876.07  3917.26792   3917.2693   4.0  1  1
		 24  119   896.18  3916.41656   3916.4176   4.0  1  1
		 24  119  1000.38  3911.91387   3911.9091   4.0  1  0
		 24  119  1062.92  3909.13807    3909.139   4.0  1  1
		 24  119  1173.91  3904.07649   3904.0828   4.0  1  0
		 24  119  1194.82  3903.10363   3903.1024   4.0  1  1
		 24  119  1225.55  3901.66212   3901.6621   4.0  1  1
		 24  119  1242.15  3900.87771   3900.8785   4.0  1  1
		 24  119  1293.13  3898.44497   3898.4374   4.0  1  0
		 24  119  1355.32  3895.42604   3895.4192   4.0  1  0
		 25  118    76.62  3980.09006   3980.0896   4.0  1  1
		 25  118    99.73  3979.35507   3979.3559   4.0  1  1
		 25  118   247.88  3974.47561   3974.4766   4.0  1  1
		 25  118   285.41  3973.19276   3973.1961   4.0  1  1
		 25  118   301.48  3972.63778   3972.6395   4.0  1  1
		 25  118   315.45  3972.15263   3972.1545   4.0  1  1
		 25  118   385.85  3969.66657   3969.6641   4.0  1  1
		 25  118   404.41  3969.00018   3969.0026   4.0  1  1
		 25  118   448.63   3967.3934   3967.3921   4.0  1  1
		 25  118   538.85  3964.03233   3964.0302   4.0  1  1
		 25  118   581.14  3962.41852   3962.4196   4.0  1  1
		 25  118   661.11  3959.29974      3959.3   4.0  1  1
		 25  118   726.40  3956.68805   3956.6908   4.0  1  1
		 25  118   746.01  3955.89224   3955.8903   4.0  1  1
		 25  118   763.62  3955.17262   3955.1699   4.0  1  1
		 25  118   822.05  3952.75522   3952.7608   4.0  1  0
		 25  118   851.48  3951.51917   3951.5149   4.0  1  0
		 25  118   868.40  3950.80338    3950.805   4.0  1  1
		 25  118   877.99  3950.39563   3950.3951   4.0  1  1
		 25  118   911.13  3948.97713   3948.9789   4.0  1  1
		 25  118   933.06  3948.02996   3948.0305   4.0  1  1
		 25  118   945.20  3947.50292   3947.5046   4.0  1  1
		 25  118   983.64  3945.81968   3945.8201   4.0  1  1
		 25  118   990.70   3945.5082   3945.5072   4.0  1  1
		 25  118  1067.59   3942.0713   3942.0732   4.0  1  1
		 25  118  1263.90  3932.91397   3932.9113   4.0  1  1
		 25  118  1330.72   3929.6703   3929.6693   4.0  1  1
		 25  118  1351.85  3928.63156   3928.6233   4.0  1  0
		 26  117    57.51  4014.71679   4014.7164   4.0  1  1
		 26  117    84.53  4013.85665   4013.8566   4.0  1  1
		 26  117   126.73  4012.49368   4012.4952   4.0  1  1
		 26  117   149.75   4011.7403   4011.7398   4.0  1  1
		 26  117   154.43  4011.58621   4011.5916   4.0  1  0
		 26  117   254.87  4008.20906   4008.2102   4.0  1  1
		 26  117   289.39  4007.01722   4007.0188   4.0  1  1
		 26  117   344.23  4005.09013   4005.0928   4.0  1  1
		 26  117   386.54  4003.57539    4003.574   4.0  1  1
		 26  117   393.89  4003.30978   4003.3086   4.0  1  1
		 26  117   432.72  4001.89422   4001.8935   4.0  1  1
		 26  117   455.41  4001.05748   4001.0581   4.0  1  1
		 26  117   476.35  4000.27898   4000.2811   4.0  1  1
		 26  117   511.61  3998.95479   3998.9526   4.0  1  1
		 26  117   517.48  3998.73243   3998.7334   4.0  1  1
		 26  117   540.32  3997.86369   3997.8654   4.0  1  1
		 26  117   587.11  3996.06115   3996.0617   4.0  1  1
		 26  117   619.55  3994.79388   3994.7918   4.0  1  1
		 26  117   625.70  3994.55203   3994.5494   4.0  1  1
		 26  117   657.36  3993.29831   3993.2989   4.0  1  1
		 26  117   688.44  3992.05373   3992.0535   4.0  1  1
		 26  117   696.44  3991.73127   3991.7309   4.0  1  1
		 26  117   726.96  3990.49316   3990.4922   4.0  1  1
		 26  117   772.95  3988.60236   3988.5997   4.0  1  1
		 26  117   806.31  3987.21206   3987.2061   4.0  1  0
		 26  117   861.49  3984.87838   3984.8795   4.0  1  1
		 26  117   932.18  3981.82582   3981.8281   4.0  1  1
		 26  117   948.59  3981.10694   3981.1065   4.0  1  1
		 26  117   971.67  3980.08981   3980.0896   4.0  1  1
		 26  117   988.26  3979.35358   3979.3559   4.0  1  1
		 26  117  1089.85  3974.76147    3974.759   4.0  1  1
		 26  117  1096.08  3974.47485   3974.4766   4.0  1  1
		 26  117  1123.75  3973.19611   3973.1961   4.0  1  1
		 26  117  1135.93  3972.62957   3972.6395   4.0  1  0
		 26  117  1146.25  3972.14793   3972.1545   4.0  1  0
		 26  117  1212.99  3968.99604   3969.0026   4.0  1  0
		 26  117  1224.18  3968.46146   3968.4673   4.0  1  0
		 27  116     7.96  4050.89337   4050.8872   4.0  1  0
		 27  116    38.04  4049.94721   4049.9447   4.0  1  1
		 27  116   160.62  4045.96547   4045.9654   4.0  1  1
		 27  116   206.59  4044.42023   4044.4179   4.0  1  1
		 27  116   236.69  4043.39269   4043.3948   4.0  1  1
		 27  116   244.45  4043.12572   4043.1302   4.0  1  0
		 27  116   251.25  4042.89127   4042.8937   4.0  1  1
		 27  116   299.64  4041.20401   4041.2036   4.0  1  1
		 27  116   337.47  4039.86277   4039.8648   4.0  1  1
		 27  116   366.95  4038.80409   4038.8043   4.0  1  1
		 27  116   382.80  4038.23008   4038.2287   4.0  1  1
		 27  116   401.19   4037.5593   4037.5614   4.0  1  1
		 27  116   428.27  4036.56348   4036.5652   4.0  1  1
		 27  116   442.23  4036.04613   4036.0479   4.0  1  1
		 27  116   457.94  4035.46079     4035.46   4.0  1  1
		 27  116   490.33   4034.2433   4034.2461   4.0  1  1
		 27  116   578.75  4030.84474   4030.8424   4.0  1  1
		 27  116   592.80  4030.29472   4030.2925   4.0  1  1
		 27  116   604.66  4029.82831   4029.8256   4.0  1  1
		 27  116   675.34  4027.00778   4027.0091   4.0  1  1
		 27  116   708.68  4025.65341   4025.6556   4.0  1  1
		 27  116   729.43  4024.80232   4024.8025   4.0  1  1
		 27  116   764.70  4023.34153   4023.3378   4.0  1  1
		 27  116   794.91  4022.07659   4022.0674   4.0  1  0
		 27  116   835.53  4020.35536   4020.3541   4.0  1  1
		 27  116   864.16  4019.12827   4019.1289   4.0  1  1
		 27  116   887.70  4018.11009    4018.099   4.0  1  0
		 27  116   964.92  4014.71601   4014.7164   4.0  1  1
		 27  116   984.19  4013.85544   4013.8566   4.0  1  1
		 27  116  1014.45  4012.49375   4012.4952   4.0  1  1
		 27  116  1031.09  4011.73913   4011.7398   4.0  1  1
		 27  116  1034.36  4011.59063   4011.5916   4.0  1  1
		 27  116  1107.79  4008.21013   4008.2102   4.0  1  1
		 27  116  1133.29  4007.01794   4007.0188   4.0  1  1
		 27  116  1168.58  4005.35233   4005.3628   4.0  1  0
		 27  116  1174.07  4005.09163   4005.0928   4.0  1  1
		 27  116  1205.75  4003.57836    4003.574   4.0  1  0
		 27  116  1211.39  4003.30745   4003.3086   4.0  1  1
		 27  116  1240.65  4001.89443   4001.8935   4.0  1  1
		 27  116  1257.79   4001.0612   4001.0581   4.0  1  1
		 27  116  1273.70  4000.28367   4000.2811   4.0  1  1
		 28  115    29.52  4085.43782   4085.4341   4.0  1  1
		 28  115    41.76  4085.04741   4085.0421   4.0  1  0
		 28  115    90.63  4083.46839   4083.4688   4.0  1  1
		 28  115   123.56  4082.38637   4082.3872   4.0  1  1
		 28  115   154.25  4081.36443   4081.3678   4.0  1  1
		 28  115   184.26  4080.35312    4080.358   4.0  1  0
		 28  115   207.22  4079.57084   4079.5738   4.0  1  1
		 28  115   282.86  4076.94298   4076.9432   4.0  1  1
		 28  115   291.77  4076.62826   4076.6284   4.0  1  1
		 28  115   323.45  4075.50048    4075.503   4.0  1  1
		 28  115   368.97   4073.8557   4073.8563   4.0  1  1
		 28  115   402.49  4072.62617   4072.6284   4.0  1  1
		 28  115   409.05  4072.38389   4072.3849   4.0  1  1
		 28  115   419.31   4072.0032   4071.9967   4.0  1  0
		 28  115   426.24  4071.74549   4071.7513   4.0  1  0
		 28  115   466.43  4070.23775   4070.2383   4.0  1  1
		 28  115   486.85  4069.46264   4069.4612   4.0  1  1
		 28  115   493.66  4069.20318   4069.2014   4.0  1  1
		 28  115   539.20  4067.44993   4067.4507   4.0  1  1
		 28  115   618.40  4064.33144   4064.3315   4.0  1  1
		 28  115   641.44  4063.40752   4063.4071   4.0  1  1
		 28  115   742.79  4059.25502   4059.2529   4.0  1  1
		 28  115   854.10  4054.52575   4054.5258   4.0  1  1
		 28  115   859.25  4054.30282   4054.3017   4.0  1  1
		 28  115   877.08  4053.52734   4053.5277   4.0  1  1
		 28  115   890.93  4052.92192   4052.9208   4.0  1  1
		 28  115   937.04  4050.88646   4050.8872   4.0  1  1
		 28  115   958.20  4049.94207   4049.9447   4.0  1  1
		 28  115  1045.75  4045.96627   4045.9654   4.0  1  1
		 28  115  1079.25  4044.41536   4044.4179   4.0  1  1
		 28  115  1101.15  4043.39242   4043.3948   4.0  1  1
		 28  115  1106.72   4043.1314   4043.1302   4.0  1  1
		 28  115  1111.77  4042.89424   4042.8937   4.0  1  1
		 28  115  1147.55  4041.20255   4041.2036   4.0  1  1
		 28  115  1175.58  4039.86452   4039.8648   4.0  1  1
		 28  115  1197.62  4038.80425   4038.8043   4.0  1  1
		 28  115  1209.53  4038.22824   4038.2287   4.0  1  1
		 28  115  1223.28  4037.56052   4037.5614   4.0  1  1
		 28  115  1243.64  4036.56699   4036.5652   4.0  1  1
		 28  115  1254.24  4036.04757   4036.0479   4.0  1  1
		 28  115  1266.16  4035.46125     4035.46   4.0  1  1
		 28  115  1358.44  4030.85046   4030.8424   4.0  1  0
		 29  114   167.75   4116.7119   4116.7137   4.0  1  1
		 29  114   195.69  4115.75728   4115.7589   4.0  1  1
		 29  114   281.64  4112.75353   4112.7545   4.0  1  1
		 29  114   335.30  4110.82646    4110.826   4.0  1  1
		 29  114   376.43  4109.32188   4109.3234   4.0  1  1
		 29  114   400.77  4108.42064   4108.4198   4.0  1  1
		 29  114   415.76  4107.86167   4107.8614   4.0  1  1
		 29  114   437.40  4107.04883   4107.0506   4.0  1  1
		 29  114   467.48  4105.90816    4105.915   4.0  1  0
		 29  114   495.44  4104.83622   4104.8385   4.0  1  1
		 29  114   507.27  4104.37933   4104.3821   4.0  1  1
		 29  114   519.44  4103.90737   4103.9121   4.0  1  0
		 29  114   552.43  4102.61779   4102.6177   4.0  1  1
		 29  114   609.66  4100.34373   4100.3414   4.0  1  1
		 29  114   649.52  4098.73199   4098.7316   4.0  1  1
		 29  114   673.57  4097.74897   4097.7478   4.0  1  1
		 29  114   714.02   4096.0766   4096.0759   4.0  1  1
		 29  114   745.74  4094.74926    4094.747   4.0  1  1
		 29  114   771.26  4093.67051   4093.6713   4.0  1  1
		 29  114   876.19  4089.13654   4089.1379   4.0  1  1
		 29  114   885.52  4088.72578   4088.7264   4.0  1  1
		 29  114   918.05  4087.28359   4087.2848   4.0  1  1
		 29  114   935.16  4086.51888   4086.5205   4.0  1  1
		 29  114   959.32  4085.43184   4085.4341   4.0  1  1
		 29  114   963.22  4085.25545   4085.2564   4.0  1  1
		 29  114   967.96  4085.04115   4085.0421   4.0  1  1
		 29  114  1002.51  4083.46729   4083.4688   4.0  1  1
		 29  114  1141.82  4076.94398   4076.9432   4.0  1  1
		 29  114  1148.48   4076.6254   4076.6284   4.0  1  1
		 29  114  1205.73  4073.85573   4073.8563   4.0  1  1
		 29  114  1235.73  4072.38551   4072.3849   4.0  1  1
		 29  114  1243.47  4072.00379   4071.9967   4.0  1  0
		 29  114  1294.67  4069.45713   4069.4612   4.0  1  0
		 29  114  1334.49  4067.44958   4067.4507   4.0  1  1
		 30  113     3.30  4158.59569   4158.5905   4.0  1  0
		 30  113   308.61  4148.18247   4148.1816   4.0  1  1
		 30  113   430.84  4143.65019   4143.6491   4.0  1  1
		 30  113   455.70  4142.70228    4142.701   4.0  1  1
		 30  113   461.59  4142.47651   4142.4741   4.0  1  1
		 30  113   519.40  4140.23464    4140.235   4.0  1  1
		 30  113   574.75  4138.04313   4138.0406   4.0  1  1
		 30  113   638.15  4135.47936     4135.48   4.0  1  1
		 30  113   666.31  4134.32217   4134.3235   4.0  1  1
		 30  113   672.42  4134.06979   4134.0681   4.0  1  1
		 30  113   704.09  4132.75204   4132.7533   4.0  1  1
		 30  113   728.50  4131.72627   4131.7235   4.0  1  1
		 30  113   745.58  4131.00371   4131.0021   4.0  1  1
		 30  113   780.51  4129.51241   4129.5116   4.0  1  1
		 30  113   800.68  4128.64329     4128.64   4.0  1  1
		 30  113   814.37  4128.04987   4128.0499   4.0  1  1
		 30  113   829.08  4127.40935    4127.412   4.0  1  1
		 30  113   905.34  4124.03835   4124.0403   4.0  1  1
		 30  113  1026.91  4118.48793   4118.4893   4.0  1  1
		 30  113  1064.82  4116.71293   4116.7137   4.0  1  1
		 30  113  1085.04  4115.75699   4115.7589   4.0  1  1
		 30  113  1147.76  4112.75469   4112.7545   4.0  1  1
		 30  113  1187.38  4110.82752    4110.826   4.0  1  1
		 30  113  1217.96  4109.32397   4109.3234   4.0  1  1
		 30  113  1236.24  4108.41881   4108.4198   4.0  1  1
		 30  113  1247.48  4107.85946   4107.8614   4.0  1  1
		 30  113  1263.64  4107.05228   4107.0506   4.0  1  1
		 30  113  1325.95   4103.9027   4103.9121   4.0  1  0
		 30  113  1351.00  4102.62024   4102.6177   4.0  1  1
		 31  112    27.55  4194.94203   4194.9318   4.0  1  0
		 31  112    85.79  4193.01879   4193.0164   4.0  1  1
		 31  112   105.41   4192.3602    4192.362   4.0  1  1
		 31  112   153.83  4190.71238   4190.7129   4.0  1  1
		 31  112   338.32  4184.13342   4184.1376   4.0  1  0
		 31  112   398.52  4181.88322   4181.8836   4.0  1  1
		 31  112   448.92  4179.95933   4179.9601   4.0  1  1
		 31  112   477.57   4178.8498   4178.8481   4.0  1  1
		 31  112   490.02  4178.36413   4178.3658   4.0  1  1
		 31  112   497.74  4178.06162   4178.0597   4.0  1  1
		 31  112   612.74  4173.45624   4173.4475   4.0  1  0
		 31  112   683.39  4170.53233   4170.5333   4.0  1  1
		 31  112   728.37  4168.63291   4168.6341   4.0  1  1
		 31  112   794.96  4165.76749   4165.7661   4.0  1  1
		 31  112   831.21  4164.17994   4164.1795   4.0  1  1
		 31  112   843.24  4163.64905   4163.6469   4.0  1  1
		 31  112   868.92  4162.50849    4162.509   4.0  1  1
		 31  112   886.13  4161.73831   4161.7389   4.0  1  1
		 31  112   955.49  4158.59126   4158.5905   4.0  1  1
		 31  112  1000.47  4156.51217   4156.5166   4.0  1  0
		 31  112  1038.70  4154.72175   4154.7205   4.0  1  1
		 31  112  1174.58  4148.18089   4148.1816   4.0  1  1
		 31  112  1265.49  4143.64948   4143.6491   4.0  1  1
		 31  112  1284.22  4142.70044    4142.701   4.0  1  1
		 31  112  1332.38  4140.23516    4140.235   4.0  1  1
		 32  111    96.69  4230.42937   4230.4267   4.0  1  1
		 32  111   113.17   4229.8695   4229.8644   4.0  1  0
		 32  111   162.85  4228.15787    4228.158   4.0  1  1
		 32  111   184.92  4227.38639   4227.3872   4.0  1  1
		 32  111   196.30  4226.98583   4226.9876   4.0  1  1
		 32  111   203.62  4226.72744   4226.7267   4.0  1  1
		 32  111   294.94  4223.43831   4223.4403   4.0  1  1
		 32  111   316.69   4222.6374   4222.6373   4.0  1  1
		 32  111   367.67  4220.73406   4220.7323   4.0  1  1
		 32  111   385.34   4220.0658   4220.0651   4.0  1  1
		 32  111   422.01  4218.66449   4218.6649   4.0  1  1
		 32  111   453.86  4217.43202   4217.4308   4.0  1  1
		 32  111   480.88  4216.37451   4216.3722   4.0  1  1
		 32  111   488.62  4216.06993   4216.0698   4.0  1  1
		 32  111   519.88  4214.83038   4214.8285   4.0  1  1
		 32  111   556.23    4213.371   4213.3779   4.0  1  0
		 32  111   563.68  4213.06965   4213.0673   4.0  1  1
		 32  111   616.18  4210.92231   4210.9232   4.0  1  1
		 32  111   665.14  4208.88397   4208.8907   4.0  1  0
		 32  111   676.41  4208.40978   4208.4108   4.0  1  1
		 32  111   854.44  4200.67184   4200.6745   4.0  1  1
		 32  111   906.53  4198.31891    4198.317   4.0  1  1
		 32  111   979.93  4194.93549   4194.9318   4.0  1  1
		 32  111  1020.79  4193.01688   4193.0164   4.0  1  1
		 32  111  1034.61  4192.36217    4192.362   4.0  1  1
		 32  111  1062.57  4191.02932   4191.0294   4.0  1  1
		 32  111  1069.23  4190.71019   4190.7129   4.0  1  1
		 32  111  1203.39  4184.13572   4184.1376   4.0  1  1
		 32  111  1248.12  4181.88342   4181.8836   4.0  1  1
		 32  111  1285.73   4179.9652   4179.9601   4.0  1  0
		 32  111  1307.48  4178.84648   4178.8481   4.0  1  1
		 32  111  1322.70  4178.05913   4178.0597   4.0  1  1
		 33  110   164.96  4266.52661   4266.5271   4.0  1  1
		 33  110   171.79  4266.28607   4266.2864   4.0  1  1
		 33  110   335.41  4260.33064    4260.333   4.0  1  1
		 33  110   361.13  4259.35982   4259.3619   4.0  1  1
		 33  110   383.23  4258.51789   4258.5204   4.0  1  1
		 33  110   409.79   4257.4968   4257.4963   4.0  1  1
		 33  110   441.74  4256.25496   4256.2537   4.0  1  1
		 33  110   467.61  4255.23831   4255.2373   4.0  1  1
		 33  110   510.36  4253.53775   4253.5385   4.0  1  1
		 33  110   568.42  4251.18528   4251.1846   4.0  1  1
		 33  110   578.40  4250.77609   4250.7749   4.0  1  1
		 33  110   589.55  4250.31694   4250.3146   4.0  1  1
		 33  110   635.80  4248.39344   4248.3908   4.0  1  1
		 33  110   645.47  4247.98733   4247.9886   4.0  1  1
		 33  110   654.62  4247.60174   4247.5988   4.0  1  1
		 33  110   755.62  4243.26382   4243.2611   4.0  1  1
		 33  110   804.77  4241.09814   4241.0948   4.0  1  1
		 33  110   890.79  4237.22129   4237.2198   4.0  1  1
		 33  110   929.01  4235.46292   4235.4636   4.0  1  1
		 33  110  1027.64  4230.82478   4230.8242   4.0  1  1
		 33  110  1035.98  4230.42579   4230.4267   4.0  1  1
		 33  110  1047.58  4229.86907   4229.8644   4.0  1  0
		 33  110  1062.56  4229.14714   4229.1477   4.0  1  1
		 33  110  1077.83  4228.40771   4228.4166   4.0  1  0
		 33  110  1082.98  4228.15751    4228.158   4.0  1  1
		 33  110  1098.78  4227.38744   4227.3872   4.0  1  1
		 33  110  1106.97  4226.98683   4226.9876   4.0  1  1
		 33  110  1112.28  4226.72648   4226.7267   4.0  1  1
		 33  110  1121.00  4226.29815   4226.2994   4.0  1  1
		 33  110  1178.40  4223.44884   4223.4403   4.0  1  0
		 33  110  1194.56  4222.63797   4222.6373   4.0  1  1
		 33  110  1245.27  4220.06656   4220.0651   4.0  1  1
		 33  110  1272.55  4218.66648   4218.6649   4.0  1  1
		 33  110  1296.46  4217.43028   4217.4308   4.0  1  1
		 33  110  1346.20  4214.83012   4214.8285   4.0  1  1
		 34  109    62.18  4309.24329   4309.2392   4.0  1  1
		 34  109    94.83  4308.12571    4308.122   4.0  1  1
		 34  109   122.21  4307.17707   4307.1762   4.0  1  1
		 34  109   185.25  4304.95224   4304.9565   4.0  1  0
		 34  109   302.85  4300.64944   4300.6495   4.0  1  1
		 34  109   317.49  4300.09984   4300.1008   4.0  1  1
		 34  109   324.44  4299.83782   4299.8393   4.0  1  1
		 34  109   390.63  4297.30792   4297.3066   4.0  1  1
		 34  109   434.75   4295.5861   4295.5849   4.0  1  1
		 34  109   456.52  4294.72641   4294.7193   4.0  1  0
		 34  109   529.10  4291.80893   4291.8098   4.0  1  1
		 34  109   581.47  4289.65632   4289.6551   4.0  1  1
		 34  109   605.20  4288.66737   4288.6688   4.0  1  1
		 34  109   662.90   4286.2282   4286.2285   4.0  1  1
		 34  109   725.62  4283.52068   4283.5184   4.0  1  1
		 34  109   739.81  4282.90012   4282.8976   4.0  1  1
		 34  109   759.19  4282.04723   4282.0413   4.0  1  0
		 34  109   773.47  4281.41554   4281.4145   4.0  1  1
		 34  109   781.31   4281.0674   4281.0678   4.0  1  1
		 34  109   792.50  4280.56876    4280.568   4.0  1  1
		 34  109   842.40  4278.32294   4278.3232   4.0  1  1
		 34  109   859.70  4277.53566   4277.5282   4.0  1  0
		 34  109   864.47  4277.31773   4277.3139   4.0  1  0
		 34  109   875.57   4276.8092   4276.8073   4.0  1  1
		 34  109   911.32  4275.15882   4275.1596   4.0  1  1
		 34  109   935.64  4274.02564   4274.0246   4.0  1  1
		 34  109   949.87  4273.35798   4273.3574   4.0  1  1
		 34  109   960.19  4272.87194   4272.8745   4.0  1  1
		 34  109   975.11  4272.16677   4272.1689   4.0  1  1
		 34  109  1021.68  4269.94293   4269.9426   4.0  1  1
		 34  109  1091.91  4266.52683   4266.5271   4.0  1  1
		 34  109  1096.78  4266.28683   4266.2864   4.0  1  1
		 34  109  1215.48  4260.33187    4260.333   4.0  1  1
		 34  109  1234.42  4259.36148   4259.3619   4.0  1  1
		 34  109  1250.70  4258.52266   4258.5204   4.0  1  1
		 34  109  1270.50  4257.49738   4257.4963   4.0  1  1
		 34  109  1294.38  4256.25268   4256.2537   4.0  1  1
		 34  109  1313.77  4255.23514   4255.2373   4.0  1  1
		 34  109  1345.85  4253.53908   4253.5385   4.0  1  1
		 35  108    64.29  4349.07693   4349.0722   4.0  1  0
		 35  108    93.51  4348.06742    4348.064   4.0  1  1
		 35  108   140.08  4346.43354   4346.4367   4.0  1  1
		 35  108   175.54  4345.16817    4345.168   4.0  1  1
		 35  108   198.85  4344.32697   4344.3265   4.0  1  1
		 35  108   209.27  4343.94818   4343.9515   4.0  1  1
		 35  108   250.28  4342.44253   4342.4442   4.0  1  1
		 35  108   291.74   4340.8958   4340.8954   4.0  1  1
		 35  108   364.82  4338.10874   4338.1078   4.0  1  1
		 35  108   386.28  4337.27521   4337.2774   4.0  1  1
		 35  108   391.55  4337.06965   4337.0708   4.0  1  1
		 35  108   435.52  4335.33761   4335.3379   4.0  1  1
		 35  108   479.89  4333.56158   4333.5612   4.0  1  1
		 35  108   510.01    4332.339   4332.3395   4.0  1  1
		 35  108   517.55  4332.03091   4332.0297   4.0  1  1
		 35  108   537.74  4331.20165   4331.1995   4.0  1  1
		 35  108   546.41  4330.84377   4330.8438   4.0  1  1
		 35  108   556.78  4330.41412    4330.412   4.0  1  1
		 35  108   592.62  4328.91725   4328.9154   4.0  1  1
		 35  108   678.00  4325.27426   4325.2741   4.0  1  1
		 35  108   794.48  4320.12744   4320.1264   4.0  1  1
		 35  108   832.25  4318.41438   4318.4157   4.0  1  1
		 35  108   900.68  4315.25585   4315.2543   4.0  1  1
		 35  108   920.67  4314.31973   4314.3195   4.0  1  1
		 35  108   948.78  4312.99332   4312.9975   4.0  1  0
		 35  108   973.87  4311.79888   4311.7994   4.0  1  1
		 35  108  1027.02  4309.23644   4309.2392   4.0  1  1
		 35  108  1040.31   4308.5891   4308.6001   4.0  1  0
		 35  108  1049.87  4308.12167    4308.122   4.0  1  1
		 35  108  1069.17   4307.1736   4307.1762   4.0  1  1
		 35  108  1113.89  4304.95488   4304.9565   4.0  1  1
		 35  108  1198.93   4300.6503   4300.6495   4.0  1  1
		 35  108  1209.61  4300.10161   4300.1008   4.0  1  1
		 35  108  1214.73  4299.83762   4299.8393   4.0  1  1
		 35  108  1263.47  4297.30764   4297.3066   4.0  1  1
		 35  108  1366.80  4291.81988   4291.8098   4.0  1  0
		 36  107    24.10  4391.10954   4391.1105   4.0  1  1
		 36  107   195.51  4385.05677   4385.0566   4.0  1  1
		 36  107   281.51  4381.85963   4381.8601   4.0  1  1
		 36  107   293.64  4381.40008   4381.4018   4.0  1  1
		 36  107   338.87  4379.66711   4379.6668   4.0  1  1
		 36  107   377.21  4378.17484   4378.1768   4.0  1  1
		 36  107   433.29  4375.95275   4375.9542   4.0  1  1
		 36  107   478.57   4374.1247   4374.1239   4.0  1  1
		 36  107   546.40  4371.32906    4371.329   4.0  1  1
		 36  107   560.18  4370.75258   4370.7532   4.0  1  1
		 36  107   581.02  4369.87592   4369.8756   4.0  1  1
		 36  107   628.99  4367.83236   4367.8316   4.0  1  1
		 36  107   638.59  4367.41911    4367.418   4.0  1  1
		 36  107   672.89   4365.9317   4365.9301   4.0  1  1
		 36  107   760.18  4362.06626   4362.0662   4.0  1  1
		 36  107   802.16   4360.1657   4360.1672   4.0  1  1
		 36  107   819.50  4359.37305   4359.3719   4.0  1  1
		 36  107   842.38  4358.31989     4358.32   4.0  1  1
		 36  107   924.38  4354.47964   4354.4824   4.0  1  1
		 36  107   946.07  4353.44641   4353.4487   4.0  1  1
		 36  107   963.44  4352.61418   4352.6122   4.0  1  1
		 36  107   971.94  4352.20471   4352.2049   4.0  1  1
		 36  107  1036.32  4349.06951   4349.0722   4.0  1  1
		 36  107  1045.84  4348.60052   4348.5982   4.0  1  1
		 36  107  1056.67  4348.06553    4348.064   4.0  1  1
		 36  107  1089.48  4346.43249   4346.4367   4.0  1  0
		 36  107  1114.64  4345.16862    4345.168   4.0  1  1
		 36  107  1131.35  4344.32412   4344.3265   4.0  1  1
		 36  107  1138.66  4343.95288   4343.9515   4.0  1  1
		 36  107  1168.27  4342.44214   4342.4442   4.0  1  1
		 36  107  1198.34  4340.89362   4340.8954   4.0  1  1
		 36  107  1251.72  4338.10919   4338.1078   4.0  1  1
		 36  107  1267.44  4337.28043   4337.2774   4.0  1  1
		 36  107  1304.02   4335.3374   4335.3379   4.0  1  1
		 36  107  1337.11  4333.56173   4333.5612   4.0  1  1
		 36  107  1365.21  4332.03967   4332.0297   4.0  1  0
		 36  107  1387.04  4330.84841   4330.8438   4.0  1  0
		 37  106    32.59  4432.24904   4432.2523   4.0  1  1
		 37  106    68.53  4430.99882   4430.9963   4.0  1  1
		 37  106    91.45  4430.19188    4430.189   4.0  1  1
		 37  106   207.19  4426.00039   4426.0011   4.0  1  1
		 37  106   268.02  4423.71905   4423.7202   4.0  1  1
		 37  106   311.67  4422.04841   4422.0479   4.0  1  1
		 37  106   443.23  4416.84208   4416.8447   4.0  1  1
		 37  106   500.66  4414.48814   4414.4863   4.0  1  1
		 37  106   609.39  4409.89616   4409.8991   4.0  1  1
		 37  106   632.78  4408.88488   4408.8828   4.0  1  1
		 37  106   766.82  4402.92926   4402.9271   4.0  1  1
		 37  106   796.35  4401.58001    4401.581   4.0  1  1
		 37  106   809.29  4400.98472   4400.9863   4.0  1  1
		 37  106   828.46  4400.09754   4400.0968   4.0  1  1
		 37  106   875.19  4397.91218   4397.9149   4.0  1  1
		 37  106   962.09  4393.75779    4393.759   4.0  1  1
		 37  106   978.24  4392.97289    4392.974   4.0  1  1
		 37  106  1016.25  4391.10874   4391.1105   4.0  1  1
		 37  106  1136.61  4385.05767   4385.0566   4.0  1  1
		 37  106  1198.44  4381.85986   4381.8601   4.0  1  1
		 37  106  1207.29  4381.39701   4381.4018   4.0  1  0
		 37  106  1240.18   4379.6668   4379.6668   4.0  1  1
		 37  106  1268.24  4378.17699   4378.1768   4.0  1  1
		 37  106  1309.65  4375.95498   4375.9542   4.0  1  1
		 38  105   170.43  4469.52566   4469.5253   4.0  1  1
		 38  105   281.50   4465.3399   4465.3406   4.0  1  1
		 38  105   324.60  4463.66617    4463.666   4.0  1  1
		 38  105   378.66  4461.52807   4461.5278   4.0  1  1
		 38  105   402.82  4460.55806   4460.5574   4.0  1  1
		 38  105   465.51  4458.00091   4458.0015   4.0  1  1
		 38  105   594.22  4452.56363   4452.5655   4.0  1  1
		 38  105   634.72  4450.80064    4450.804   4.0  1  1
		 38  105   678.24  4448.87789   4448.8792   4.0  1  1
		 38  105   744.40  4445.89958   4445.9012   4.0  1  1
		 38  105   793.06  4443.66558   4443.6657   4.0  1  1
		 38  105   837.17  4441.60898   4441.6084   4.0  1  1
		 38  105   852.91  4440.86783   4440.8659   4.0  1  1
		 38  105   873.74  4439.88083   4439.8793   4.0  1  1
		 38  105   882.53  4439.46244   4439.4614   4.0  1  1
		 38  105   897.49  4438.74712   4438.7464   4.0  1  1
		 38  105   998.31  4433.83639    4433.838   4.0  1  1
		 38  105  1015.91  4432.96311   4432.9628   4.0  1  1
		 38  105  1030.20  4432.24989   4432.2523   4.0  1  1
		 38  105  1055.21  4430.99429   4430.9963   4.0  1  1
		 38  105  1071.19  4430.18711    4430.189   4.0  1  1
		 38  105  1152.74  4426.00275   4426.0011   4.0  1  1
		 38  105  1196.42  4423.71807   4423.7202   4.0  1  1
		 38  105  1227.96   4422.0492   4422.0479   4.0  1  1
		 38  105  1324.46  4416.84373   4416.8447   4.0  1  1
		 39  104    99.37  4515.11701   4515.1182   4.0  1  1
		 39  104   138.75  4513.68145   4513.6799   4.0  1  1
		 39  104   151.16  4513.22412   4513.2231   4.0  1  1
		 39  104   217.72  4510.73332   4510.7332   4.0  1  1
		 39  104   223.23  4510.52398   4510.5259   4.0  1  1
		 39  104   327.49   4506.4806    4506.473   4.0  1  0
		 39  104   359.31  4505.21415   4505.2167   4.0  1  1
		 39  104   415.82   4502.9272   4502.9268   4.0  1  1
		 39  104   486.86  4499.98338   4499.9832   4.0  1  1
		 39  104   511.53  4498.94284   4498.9401   4.0  1  1
		 39  104   521.07  4498.53807   4498.5384   4.0  1  1
		 39  104   640.92  4493.33408   4493.3337   4.0  1  1
		 39  104   693.47  4490.98203   4490.9816   4.0  1  1
		 39  104   722.50  4489.66457   4489.6645   4.0  1  1
		 39  104   744.05  4488.67785   4488.6803   4.0  1  1
		 39  104   769.62  4487.49761   4487.4955   4.0  1  1
		 39  104   782.52  4486.89835   4486.8973   4.0  1  1
		 39  104   857.82  4483.34864   4483.3468   4.0  1  1
		 39  104   889.84  4481.81244   4481.8107   4.0  1  1
		 39  104   955.78  4478.59666   4478.5958   4.0  1  1
		 39  104  1023.52  4475.22162   4475.2214   4.0  1  1
		 39  104  1032.66  4474.76108   4474.7594   4.0  1  1
		 39  104  1134.64  4469.52651   4469.5253   4.0  1  1
		 39  104  1245.14  4463.66557    4463.666   4.0  1  1
		 39  104  1284.50     4461.53   4461.5278   4.0  1  1
		 39  104  1348.44  4458.00685   4458.0015   4.0  1  0
	offset	143
	slope	-1
	niterate 2
	lowreject 2.
	highreject 2.
	coefficients	24
		1.
		4.
		4.
		1.
		1.
		1500.
		104.
		141.
		466538.2579140407
		-3622.935329899428
		-231.2448534283662
		-2.181661390459591
		-24.31636229299715
		-28.82886829492271
		-3.260453151944666
		0.06627331790914446
		0.9047361208582319
		-2.580219378144406
		-0.1338330959183577
		-0.2294160700187915
		-0.08187757085927827
		0.1489249064334329
		-0.04151188409218992
		-0.05628850716761036

