# Fri 18:08:21 04-Apr-2003
begin	ecidentify refThAr_860_r_2148x4096
	id	refThAr_860_r_2148x4096
	task	ecidentify
	image	refThAr_860_r_2148x4096
	units	angstroms
	features	61
		  6   78  3846.57  7868.19581   7868.1946   4.0  1  1
		  7   79    21.19  7886.28333    7886.283   4.0  1  1
		  7   79  1651.40  7841.78839   7841.7911   4.0  1  1
		  7   79  3440.90  7782.31599   7782.3165   4.0  1  1
		  8   80   192.16  7782.31663   7782.3165   4.0  1  1
		  8   80  2006.89   7731.7431   7731.7385   4.0  1  1
		  8   80  2675.08  7710.26879   7710.2692   4.0  1  1
		  8   80  3598.92  7678.12252   7678.1267   4.0  1  1
		  9   81   182.15  7685.30737   7685.3075   4.0  1  1
		  9   81  1373.69  7653.83063   7653.8284   4.0  1  1
		  9   81  2858.58  7607.82444    7607.823   4.0  1  1
		  9   81  3497.42  7585.78312    7585.743   4.0  1  0
		 10   82   229.26  7589.31547   7589.3151   4.0  1  1
		 10   82  1004.84  7569.50574   7569.5115   4.0  1  1
		 10   82  1723.55  7549.31495   7549.3138   4.0  1  1
		 10   82  2964.27  7510.40622   7510.4082   4.0  1  1
		 10   82  3800.53  7481.35743   7481.3545   4.0  1  1
		 11   83   588.61  7487.97431   7487.9738   4.0  1  1
		 11   83  1562.99  7461.87625   7461.8746   4.0  1  1
		 11   83  2995.72  7417.79224   7417.7908   4.0  1  1
		 11   83  3455.42  7402.24406   7402.2521   4.0  1  0
		 12   84   406.29  7402.25218   7402.2521   4.0  1  1
		 12   84  1387.30  7376.87629   7376.8772   4.0  1  1
		 12   84  2599.26  7341.15001   7341.1515   4.0  1  1
		 12   84  3677.81  7305.40362   7305.4043   4.0  1  1
		 13   85   328.44  7316.00509    7316.005   4.0  1  1
		 13   85  2039.46  7270.66453   7270.6636   4.0  1  1
		 13   85  2842.34  7246.12736   7246.1277   4.0  1  1
		 13   85  3843.74   7212.6915   7212.6896   4.0  1  1
		 14   86   289.57   7230.8629   7230.8623   4.0  1  1
		 14   86  1509.20  7200.04377   7200.0454   4.0  1  1
		 14   86  2437.53  7173.37417   7173.3725   4.0  1  1
		 14   86  3416.34  7142.32649    7142.331   4.0  1  1
		 15   87   136.59  7150.28427   7150.2844   4.0  1  1
		 15   87  1580.99  7114.39887   7114.3984   4.0  1  1
		 15   87  2916.31  7075.33356   7075.3336   4.0  1  1
		 15   87  3819.59  7045.79777    7045.797   4.0  1  1
		 16   88   108.71  7068.73654   7068.7358   4.0  1  1
		 16   88   299.45  7064.45246   7064.4515   4.0  1  1
		 16   88  1444.37  7036.28133   7036.2831   4.0  1  1
		 16   88  2625.94  7002.88576   7002.8829   4.0  1  1
		 16   88  3056.39  6989.65383   6989.6553   4.0  1  1
		 17   89    52.52  6989.65576   6989.6553   4.0  1  1
		 17   89  1508.59  6954.65681    6954.656   4.0  1  1
		 17   89  1957.15  6942.53696    6942.538   4.0  1  1
		 17   89  3710.44  6889.30283   6889.3032   4.0  1  1
		 18   90   112.47  6909.84652   6909.8491   4.0  1  1
		 18   90  1002.81  6889.30338   6889.3032   4.0  1  1
		 18   90  1813.50  6868.45126   6868.4508   4.0  1  1
		 18   90  3311.59  6824.67823   6824.6774   4.0  1  1
		 18   90  3512.84   6818.2913    6818.265   4.0  1  0
		 19   91    26.24  6834.92473   6834.9246   4.0  1  1
		 19   91  1847.70  6791.23609   6791.2351   4.0  1  1
		 19   91  3006.68   6758.2052   6758.2035   4.0  1  1
		 19   91  3502.07  6742.88326   6742.8845   4.0  1  1
		 19   91  3786.85  6733.75483   6733.7488   4.0  1  0
		 20   92   103.68  6758.20383   6758.2035   4.0  1  1
		 20   92   792.74  6742.88539   6742.8845   4.0  1  1
		 20   92  2048.26  6711.24971   6711.2521   4.0  1  1
		 20   92  3311.82  6674.69732   6674.6969   4.0  1  1
		 20   92  3579.53  6666.36154   6668.8163   4.0  1  0
	offset	72
	niterate 3
	lowreject 3.
	highreject 3.
	coefficients	24
		1.
		4.
		4.
		1.
		1.
		3881.
		72.99999999999999
		91.99999999999999
		618262.4110150081
		-4770.501450371502
		-256.8253323511298
		1.824089978218603
		-866.4706645074073
		1.241932627658328
		-0.5582361196246919
		0.6589106520374759
		50.02539068574063
		0.1037159606141378
		0.1556971450840999
		-0.3830852904627684
		-2.545307253458841
		-0.08298054919276015
		0.03082146982970747
		0.2329989190049887

# Fri 18:13:41 04-Apr-2003
begin	ecidentify refThAr_860_r_2148x4096
	id	refThAr_860_r_2148x4096
	task	ecidentify
	image	refThAr_860_r_2148x4096
	units	angstroms
	features	63
		  6   78  1841.53   7937.7301   7937.7335   4.0  1  1
		  6   78  3361.30  7886.28165    7886.283   4.0  1  1
		  6   78  3846.57  7868.19577   7868.1946   4.0  1  1
		  7   79    21.19  7886.28341    7886.283   4.0  1  1
		  7   79  1651.40   7841.7883   7841.7911   4.0  1  1
		  7   79  3440.90  7782.31607   7782.3165   4.0  1  1
		  8   80   192.16  7782.31654   7782.3165   4.0  1  1
		  8   80  2006.89  7731.74309   7731.7385   4.0  1  1
		  8   80  2675.08  7710.26867   7710.2692   4.0  1  1
		  8   80  3598.92  7678.12251   7678.1267   4.0  1  1
		  9   81   182.15  7685.30737   7685.3075   4.0  1  1
		  9   81  1373.69  7653.83076   7653.8284   4.0  1  1
		  9   81  2858.58  7607.82445    7607.823   4.0  1  1
		  9   81  3497.42  7585.78323    7585.743   4.0  1  0
		 10   82   229.26  7589.31559   7589.3151   4.0  1  1
		 10   82  1004.84  7569.50579   7569.5115   4.0  1  1
		 10   82  1723.55  7549.31488   7549.3138   4.0  1  1
		 10   82  2964.27  7510.40616   7510.4082   4.0  1  1
		 10   82  3800.53  7481.35729   7481.3545   4.0  1  1
		 11   83   588.61  7487.97436   7487.9738   4.0  1  1
		 11   83  1562.99  7461.87614   7461.8746   4.0  1  1
		 11   83  2995.72   7417.7924   7417.7908   4.0  1  1
		 11   83  3455.42  7402.24405   7402.2521   4.0  1  0
		 12   84   406.29  7402.25215   7402.2521   4.0  1  1
		 12   84  1387.30  7376.87639   7376.8772   4.0  1  1
		 12   84  2599.26  7341.15003   7341.1515   4.0  1  1
		 12   84  3677.81  7305.40347   7305.4043   4.0  1  1
		 13   85   328.44  7316.00511    7316.005   4.0  1  1
		 13   85  2039.46  7270.66465   7270.6636   4.0  1  1
		 13   85  2842.34  7246.12728   7246.1277   4.0  1  1
		 13   85  3843.74  7212.69135   7212.6896   4.0  1  1
		 14   86   289.57  7230.86283   7230.8623   4.0  1  1
		 14   86  1509.20  7200.04384   7200.0454   4.0  1  1
		 14   86  2437.53  7173.37402   7173.3725   4.0  1  1
		 14   86  3416.34  7142.32665    7142.331   4.0  1  1
		 15   87   136.59  7150.28425   7150.2844   4.0  1  1
		 15   87  1580.99  7114.39896   7114.3984   4.0  1  1
		 15   87  2916.31  7075.33348   7075.3336   4.0  1  1
		 15   87  3819.59  7045.79794    7045.797   4.0  1  1
		 16   88   108.71  7068.73662   7068.7358   4.0  1  1
		 16   88   299.45   7064.4524   7064.4515   4.0  1  1
		 16   88  1444.37   7036.2812   7036.2831   4.0  1  1
		 16   88  2625.94  7002.88582   7002.8829   4.0  1  1
		 16   88  3056.39  6989.65379   6989.6553   4.0  1  1
		 17   89    52.52  6989.65573   6989.6553   4.0  1  1
		 17   89  1508.59   6954.6567    6954.656   4.0  1  1
		 17   89  1957.15  6942.53692    6942.538   4.0  1  1
		 17   89  3710.44  6889.30287   6889.3032   4.0  1  1
		 18   90   112.47  6909.84645   6909.8491   4.0  1  1
		 18   90  1002.81  6889.30338   6889.3032   4.0  1  1
		 18   90  1813.50  6868.45116   6868.4508   4.0  1  1
		 18   90  3311.59  6824.67834   6824.6774   4.0  1  1
		 18   90  3512.84   6818.2912    6818.265   4.0  1  0
		 19   91    26.24  6834.92477   6834.9246   4.0  1  1
		 19   91  1847.70   6791.2361   6791.2351   4.0  1  1
		 19   91  3006.68  6758.20507   6758.2035   4.0  1  1
		 19   91  3502.07  6742.88317   6742.8845   4.0  1  1
		 19   91  3786.85  6733.75481   6733.7488   4.0  1  0
		 20   92   103.68  6758.20379   6758.2035   4.0  1  1
		 20   92   792.74   6742.8855   6742.8845   4.0  1  1
		 20   92  2048.26  6711.24973   6711.2521   4.0  1  1
		 20   92  3311.82  6674.69724   6674.6969   4.0  1  1
		 20   92  3579.53  6666.36163   6668.8163   4.0  1  0
	offset	72
	niterate 3
	lowreject 3.
	highreject 3.
	coefficients	24
		1.
		4.
		4.
		1.
		1.
		3881.
		72.99999999999998
		91.99999999999999
		618262.4110150081
		-4770.501450371503
		-256.8253323511298
		1.824089978218603
		-866.4706645074073
		1.241932627658328
		-0.5582361196246918
		0.6589106520374759
		50.02539068574063
		0.1037159606141378
		0.1556971450840999
		-0.3830852904627684
		-2.545307253458841
		-0.08298054919276015
		0.03082146982970747
		0.2329989190049887

# Fri 18:23:07 04-Apr-2003
begin	ecidentify refThAr_860_r_2148x4096
	id	refThAr_860_r_2148x4096
	task	ecidentify
	image	refThAr_860_r_2148x4096
	units	angstroms
	features	82
		  1   73  1162.25  8510.56111    8510.624   4.0  1  1
		  1   73  2550.46   8464.2135   8464.2367   4.0  1  1
		  1   73  3761.11  8417.94864   8417.9982   4.0  1  1
		  2   74   331.94  8417.96853   8417.9982   4.0  1  1
		  2   74  2252.65  8358.70625    8358.726   4.0  1  1
		  2   74  2993.36  8332.22089     8332.21   4.0  1  1
		  2   74  3295.53  8320.84273   8320.8554   4.0  1  1
		  3   75  1328.71  8275.60088   8275.6266   4.0  1  1
		  3   75  2667.08  8231.40411   8231.4069   4.0  1  1
		  3   75  3427.34  8203.42452    8203.201   4.0  1  1
		  3   75  3852.35  8186.88799   8186.9113   4.0  1  1
		  4   76   867.97  8178.81981     8178.84   4.0  1  1
		  4   76  1179.31  8169.76755   8169.7865   4.0  1  1
		  4   76  1511.73  8159.71297   8159.7277   4.0  1  1
		  4   76  3660.20  8085.20537    8085.219   4.0  1  1
		  5   77    26.61  8093.62102         10.   4.0  1  1
		  5   77  1168.54  8062.62101   8062.6304   4.0  1  1
		  5   77  3416.86  7987.97378   7987.9731   4.0  1  1
		  6   78    49.48  7987.97332   7987.9731   4.0  1  1
		  6   78  1841.53  7937.72995   7937.7335   4.0  1  1
		  6   78  3361.30  7886.28148    7886.283   4.0  1  1
		  6   78  3846.57  7868.19577   7868.1946   4.0  1  1
		  7   79    21.19  7886.28341    7886.283   4.0  1  1
		  7   79  1651.40   7841.7883   7841.7911   4.0  1  1
		  7   79  3440.90  7782.31607   7782.3165   4.0  1  1
		  8   80   192.16  7782.31654   7782.3165   4.0  1  1
		  8   80  2006.89  7731.74309   7731.7385   4.0  1  1
		  8   80  2675.08  7710.26867   7710.2692   4.0  1  1
		  8   80  3598.92  7678.12251   7678.1267   4.0  1  1
		  9   81   182.15  7685.30737   7685.3075   4.0  1  1
		  9   81  1373.69  7653.83076   7653.8284   4.0  1  1
		  9   81  2858.58  7607.82445    7607.823   4.0  1  1
		  9   81  3497.42  7585.78323    7585.743   4.0  1  0
		 10   82   229.26  7589.31559   7589.3151   4.0  1  1
		 10   82  1004.84  7569.50579   7569.5115   4.0  1  1
		 10   82  1723.55  7549.31488   7549.3138   4.0  1  1
		 10   82  2964.27  7510.40616   7510.4082   4.0  1  1
		 10   82  3800.53  7481.35729   7481.3545   4.0  1  1
		 11   83   588.61  7487.97436   7487.9738   4.0  1  1
		 11   83  1562.99  7461.87614   7461.8746   4.0  1  1
		 11   83  2995.72   7417.7924   7417.7908   4.0  1  1
		 11   83  3455.42  7402.24405   7402.2521   4.0  1  0
		 12   84   406.29  7402.25215   7402.2521   4.0  1  1
		 12   84  1387.30  7376.87639   7376.8772   4.0  1  1
		 12   84  2599.26  7341.15003   7341.1515   4.0  1  1
		 12   84  3677.81  7305.40347   7305.4043   4.0  1  1
		 13   85   328.44  7316.00511    7316.005   4.0  1  1
		 13   85  2039.46  7270.66465   7270.6636   4.0  1  1
		 13   85  2842.34  7246.12728   7246.1277   4.0  1  1
		 13   85  3843.74  7212.69135   7212.6896   4.0  1  1
		 14   86   289.57  7230.86283   7230.8623   4.0  1  1
		 14   86  1509.20  7200.04384   7200.0454   4.0  1  1
		 14   86  2437.53  7173.37402   7173.3725   4.0  1  1
		 14   86  3416.34  7142.32665    7142.331   4.0  1  1
		 15   87   136.59  7150.28425   7150.2844   4.0  1  1
		 15   87  1580.99  7114.39896   7114.3984   4.0  1  1
		 15   87  2916.31  7075.33348   7075.3336   4.0  1  1
		 15   87  3819.59  7045.79794    7045.797   4.0  1  1
		 16   88   108.71  7068.73662   7068.7358   4.0  1  1
		 16   88   299.45   7064.4524   7064.4515   4.0  1  1
		 16   88  1444.37   7036.2812   7036.2831   4.0  1  1
		 16   88  2625.94  7002.88582   7002.8829   4.0  1  1
		 16   88  3056.39  6989.65379   6989.6553   4.0  1  1
		 17   89    52.52  6989.65573   6989.6553   4.0  1  1
		 17   89  1508.59   6954.6567    6954.656   4.0  1  1
		 17   89  1957.15  6942.53692    6942.538   4.0  1  1
		 17   89  3710.44  6889.30287   6889.3032   4.0  1  1
		 18   90   112.47  6909.84645   6909.8491   4.0  1  1
		 18   90  1002.81  6889.30338   6889.3032   4.0  1  1
		 18   90  1813.50  6868.45116   6868.4508   4.0  1  1
		 18   90  3311.59  6824.67834   6824.6774   4.0  1  1
		 18   90  3512.84   6818.2912    6818.265   4.0  1  0
		 19   91    26.24  6834.92477   6834.9246   4.0  1  1
		 19   91  1847.70   6791.2361   6791.2351   4.0  1  1
		 19   91  3006.68  6758.20507   6758.2035   4.0  1  1
		 19   91  3502.07  6742.88317   6742.8845   4.0  1  1
		 19   91  3786.85  6733.75481   6733.7488   4.0  1  0
		 20   92   103.68  6758.20379   6758.2035   4.0  1  1
		 20   92   792.74   6742.8855   6742.8845   4.0  1  1
		 20   92  2048.26  6711.24973   6711.2521   4.0  1  1
		 20   92  3311.82  6674.69724   6674.6969   4.0  1  1
		 20   92  3579.53  6666.36163   6668.8163   4.0  1  0
	offset	72
	niterate 3
	lowreject 3.
	highreject 3.
	coefficients	24
		1.
		4.
		4.
		1.
		1.
		3881.
		72.99999999999998
		91.99999999999999
		618262.4110150081
		-4770.501450371503
		-256.8253323511298
		1.824089978218603
		-866.4706645074073
		1.241932627658328
		-0.5582361196246917
		0.6589106520374759
		50.02539068574063
		0.1037159606141378
		0.1556971450840999
		-0.3830852904627684
		-2.545307253458841
		-0.08298054919276015
		0.03082146982970747
		0.2329989190049887

# Fri 18:26:24 04-Apr-2003
begin	ecidentify refThAr_860_r_2148x4096
	id	refThAr_860_r_2148x4096
	task	ecidentify
	image	refThAr_860_r_2148x4096
	units	angstroms
	features	518
		  1   72     4.30  8543.72181   8543.7225   4.0  1  1
		  1   72   967.45  8516.55371   8516.5542   4.0  1  1
		  1   72  1162.25  8510.62518    8510.624   4.0  1  1
		  1   72  1478.89  8500.68067   8500.6797   4.0  1  1
		  1   72  1797.10  8490.30564   8490.3065   4.0  1  1
		  1   72  2149.97  8478.35749    8478.358   4.0  1  1
		  1   72  2337.33  8471.82557    8471.826   4.0  1  1
		  1   72  2510.53  8465.67182   8465.6706   4.0  1  1
		  1   72  2550.46  8464.23764   8464.2367   4.0  1  1
		  1   72  2767.30  8456.34618   8456.3468   4.0  1  1
		  1   72  2920.30  8450.67492   8450.6754   4.0  1  1
		  1   72  3031.23  8446.50986   8446.5116   4.0  1  1
		  1   72  3058.27  8445.48772    8445.487   4.0  1  1
		  1   72  3396.19   8432.4921   8432.4935   4.0  1  1
		  1   72  3761.11  8417.99726   8417.9982   4.0  1  1
		  1   72  3792.53  8416.72706   8416.7269   4.0  1  1
		  2   73   212.55  8421.22599   8421.2254   4.0  1  1
		  2   73   378.55  8416.72753   8416.7269   4.0  1  1
		  2   73   835.66   8403.7967   8403.7965   4.0  1  1
		  2   73   897.40  8401.98931    8401.989   4.0  1  1
		  2   73  1025.96  8398.17991    8398.178   4.0  1  1
		  2   73  1342.48  8388.53544   8388.5363   4.0  1  1
		  2   73  1388.44   8387.1038   8387.1053   4.0  1  1
		  2   73  1432.37  8385.72811    8385.728   4.0  1  1
		  2   73  1464.31  8384.72337    8384.724   4.0  1  1
		  2   73  1636.97  8379.22604   8379.2261   4.0  1  1
		  2   73  1939.18  8369.33843   8369.3404   4.0  1  1
		  2   73  1997.48  8367.39187   8367.3936   4.0  1  1
		  2   73  2036.70  8366.07573   8366.0741   4.0  1  1
		  2   73  2201.30  8360.48982   8360.4915   4.0  1  1
		  2   73  2252.65  8358.72694    8358.726   4.0  1  1
		  2   73  2899.28  8335.70672   8335.7067   4.0  1  1
		  2   73  3041.31  8330.44849   8330.4494   4.0  1  1
		  2   73  3295.53  8320.85661   8320.8554   4.0  1  1
		  2   73  3534.50   8311.6306   8311.6306   4.0  1  1
		  2   73  3717.64   8304.4235   8304.4244   4.0  1  1
		  3   74    52.73  8311.63237   8311.6306   4.0  1  1
		  3   74   326.54  8304.42248   8304.4244   4.0  1  1
		  3   74   591.49  8297.17578   8297.1765   4.0  1  1
		  3   74   649.69  8295.54855   8295.5497   4.0  1  1
		  3   74   756.52  8292.52838   8292.5272   4.0  1  1
		  3   74   899.63  8288.41577   8288.4143   4.0  1  1
		  3   74  1328.71  8275.62852   8275.6266   4.0  1  1
		  3   74  1793.41  8261.01347   8261.0143   4.0  1  1
		  3   74  1839.73   8259.5132    8259.511   4.0  1  1
		  3   74  1985.51  8254.74113   8254.7422   4.0  1  1
		  3   74  2019.57   8253.6149   8253.6156   4.0  1  1
		  3   74  2056.41  8252.39231   8252.3936   4.0  1  1
		  3   74  3059.39  8217.22876   8217.2264   4.0  1  1
		  3   74  3268.50  8209.44725   8209.4461   4.0  1  1
		  3   74  3461.05  8202.14594   8202.1469   4.0  1  1
		  3   74  3751.55  8190.88612   8190.8849   4.0  1  1
		  3   74  3852.35  8186.91058   8186.9113   4.0  1  1
		  4   75   146.31  8198.44283    8198.442   4.0  1  1
		  4   75   301.31  8194.39564   8194.3943   4.0  1  1
		  4   75   579.35  8186.91116   8186.9113   4.0  1  1
		  4   75   867.97  8178.83826     8178.84   4.0  1  1
		  4   75  1179.31  8169.78568   8169.7865   4.0  1  1
		  4   75  1291.15  8166.44697   8166.4477   4.0  1  1
		  4   75  1401.08  8163.12087    8163.121   4.0  1  1
		  4   75  1511.73  8159.72876   8159.7277   4.0  1  1
		  4   75  1830.64  8149.70401   8149.7021   4.0  1  1
		  4   75  2033.49  8143.13689    8143.138   4.0  1  1
		  4   75  2131.70  8139.90453   8139.9032   4.0  1  1
		  4   75  2174.78   8138.4755   8138.4753   4.0  1  1
		  4   75  2443.76  8129.40541   8129.4051   4.0  1  1
		  4   75  2637.23  8122.72288   8122.7234   4.0  1  1
		  4   75  2738.29     8119.18   8119.1811   4.0  1  1
		  4   75  3427.73  8094.05588   8094.0559   4.0  1  1
		  4   75  3475.89  8092.23928   8092.2373   4.0  1  1
		  5   76     9.30  8094.05536   8094.0559   4.0  1  1
		  5   76    26.61  8093.62269   8093.6238   4.0  1  1
		  5   76    81.77  8092.23582   8092.2373   4.0  1  1
		  5   76   354.32   8085.2187    8085.219   4.0  1  1
		  5   76  1168.54  8062.63152   8062.6304   4.0  1  1
		  5   76  1441.09  8054.53335   8054.5355   4.0  1  1
		  5   76  1481.56  8053.30807   8053.3085   4.0  1  1
		  5   76  1568.75  8050.64827    8050.648   4.0  1  1
		  5   76  1715.34  8046.11549   8046.1169   4.0  1  1
		  5   76  1996.22  8037.21639   8037.2183   4.0  1  1
		  5   76  2143.69  8032.43268   8032.4313   4.0  1  1
		  5   76  2211.69  8030.20068   8030.2004   4.0  1  1
		  5   76  2331.91  8026.21537   8026.2135   4.0  1  1
		  5   76  2346.52   8025.7274   8025.7271   4.0  1  1
		  5   76  2390.57  8024.25218    8024.253   4.0  1  1
		  5   76  2451.46  8022.20164   8022.2014   4.0  1  1
		  5   76  2588.80   8017.5295   8017.5275   4.0  1  1
		  5   76  3261.96  7993.68267   7993.6808   4.0  1  1
		  5   76  3325.09  7991.36629   7991.3655   4.0  1  1
		  5   76  3416.86  7987.97494   7987.9731   4.0  1  1
		  5   76  3823.64  7972.59753    7972.596   4.0  1  1
		  6   77    49.48  7987.97385   7987.9731   4.0  1  1
		  6   77   316.39  7981.22508   7981.2262   4.0  1  1
		  6   77   403.27  7978.97229   7978.9731   4.0  1  1
		  6   77   585.45  7974.15903   7974.1592   4.0  1  1
		  6   77   643.65  7972.59613    7972.596   4.0  1  1
		  6   77  1202.26  7956.97425    7956.974   4.0  1  1
		  6   77  1284.09   7954.5921   7954.5923   4.0  1  1
		  6   77  1712.68  7941.72734   7941.7259   4.0  1  1
		  6   77  1841.53  7937.73319   7937.7335   4.0  1  1
		  6   77  2240.62  7924.99278   7924.9914   4.0  1  1
		  6   77  2499.25  7916.44109    7916.442   4.0  1  1
		  6   77  2968.99  7900.32037     7900.32   4.0  1  1
		  6   77  2988.81  7899.62379   7899.6229   4.0  1  1
		  6   77  3228.96  7891.07552    7891.075   4.0  1  1
		  6   77  3361.30  7886.28135    7886.283   4.0  1  1
		  6   77  3654.18  7875.46189   7875.4626   4.0  1  1
		  6   77  3729.51  7872.63271   7872.6316   4.0  1  1
		  7   78    21.19  7886.28307    7886.283   4.0  1  1
		  7   78   451.36   7875.4628   7875.4626   4.0  1  1
		  7   78   559.78  7872.63047   7872.6316   4.0  1  1
		  7   78   726.41  7868.19564   7868.1946   4.0  1  1
		  7   78   808.64  7865.97076   7865.9698   4.0  1  1
		  7   78   879.92  7864.02254   7864.0218   4.0  1  1
		  7   78   956.47  7861.91026     7861.91   4.0  1  1
		  7   78  1427.57  7848.45518   7848.4547   4.0  1  1
		  7   78  1458.67  7847.53966   7847.5394   4.0  1  1
		  7   78  1635.59  7842.26624   7842.2656   4.0  1  1
		  7   78  1651.40  7841.78977   7841.7911   4.0  1  1
		  7   78  1700.67  7840.29906   7840.2981   4.0  1  1
		  7   78  1826.37  7836.45784   7836.4597   4.0  1  1
		  7   78  1853.51  7835.62129   7835.6209   4.0  1  1
		  7   78  1891.16  7834.45651   7834.4578   4.0  1  1
		  7   78  2272.39  7822.38731   7822.3877   4.0  1  1
		  7   78  2414.28  7817.76809   7817.7669   4.0  1  1
		  7   78  2463.45  7816.15113   7816.1534   4.0  1  1
		  7   78  2518.71  7814.32436    7814.323   4.0  1  1
		  7   78  2529.34  7813.97173   7813.9729   4.0  1  1
		  7   78  2544.32  7813.47399   7813.4761   4.0  1  1
		  7   78  2629.63  7810.62604   7810.6245   4.0  1  1
		  7   78  2989.02  7798.35703   7798.3579   4.0  1  1
		  7   78  3256.74  7788.93552   7788.9342   4.0  1  1
		  7   78  3288.55  7787.80015   7787.8002   4.0  1  1
		  7   78  3440.90  7782.31575   7782.3165   4.0  1  1
		  7   78  3545.93   7778.4899   7778.4922   4.0  1  1
		  7   78  3723.33  7771.94523   7771.9468   4.0  1  1
		  8   79   192.16  7782.31654   7782.3165   4.0  1  1
		  8   79   345.46  7778.49127   7778.4922   4.0  1  1
		  8   79   417.17  7776.67304   7776.6727   4.0  1  1
		  8   79   600.35  7771.94617   7771.9468   4.0  1  1
		  8   79   944.94  7762.73331    7762.732   4.0  1  1
		  8   79   982.11  7761.71454   7761.7133   4.0  1  1
		  8   79  1604.09  7743.95549   7743.9552   4.0  1  1
		  8   79  1650.92  7742.56409   7742.5628   4.0  1  1
		  8   79  2096.51  7728.95024    7728.951   4.0  1  1
		  8   79  2564.14  7713.93785   7713.9378   4.0  1  1
		  8   79  2610.56  7712.40737    7712.405   4.0  1  1
		  8   79  2675.08  7710.26824   7710.2692   4.0  1  1
		  8   79  2837.60  7704.81824   7704.8169   4.0  1  1
		  8   79  2871.02  7703.68666    7703.685   4.0  1  1
		  8   79  2946.71  7701.10984   7701.1081   4.0  1  1
		  8   79  2985.55  7699.78018   7699.7794   4.0  1  1
		  8   79  2996.49  7699.40485   7699.4034   4.0  1  1
		  8   79  3216.45  7691.77271   7691.7706   4.0  1  1
		  8   79  3399.30  7685.30701   7685.3075   4.0  1  1
		  8   79  3463.33  7683.01665   7683.0189   4.0  1  1
		  8   79  3651.27  7676.21716   7676.2195   4.0  1  1
		  8   79  3759.34  7672.25511   7672.2552   4.0  1  1
		  8   79  3818.81  7670.05867   7670.0575   4.0  1  1
		  9   80   182.15  7685.30726   7685.3075   4.0  1  1
		  9   80   275.56  7683.01848   7683.0189   4.0  1  1
		  9   80   471.18  7678.12623   7678.1267   4.0  1  1
		  9   80   545.94  7676.22098   7676.2195   4.0  1  1
		  9   80   699.19  7672.25467   7672.2552   4.0  1  1
		  9   80   782.69  7670.05917   7670.0575   4.0  1  1
		  9   80   824.16  7668.95964   7668.9608   4.0  1  1
		  9   80   913.59  7666.56839   7666.5679   4.0  1  1
		  9   80  1121.90  7660.89139   7660.8903   4.0  1  1
		  9   80  1153.23   7660.0246   7660.0234   4.0  1  1
		  9   80  1214.41  7658.32221   7658.3246   4.0  1  1
		  9   80  1343.08  7654.70025   7654.6998   4.0  1  1
		  9   80  1373.69  7653.82999   7653.8284   4.0  1  1
		  9   80  1426.53  7652.32079   7652.3202   4.0  1  1
		  9   80  1446.65  7651.74334   7651.7451   4.0  1  1
		  9   80  1597.28  7647.37783   7647.3794   4.0  1  1
		  9   80  1886.51  7638.77939   7638.7805   4.0  1  1
		  9   80  2162.51  7630.31081   7630.3106   4.0  1  1
		  9   80  2208.33  7628.88026   7628.8818   4.0  1  1
		  9   80  2262.62  7627.17602   7627.1749   4.0  1  1
		  9   80  2309.28  7625.70345   7625.7053   4.0  1  1
		  9   80  2485.49  7620.07713   7620.0773   4.0  1  1
		  9   80  2539.18  7618.34225   7618.3443   4.0  1  1
		  9   80  2858.58  7607.82431    7607.823   4.0  1  1
		  9   80  3142.20  7598.20353   7598.2054   4.0  1  1
		  9   80  3397.64  7589.31384   7589.3151   4.0  1  1
		 10   81   229.26  7589.31543   7589.3151   4.0  1  1
		 10   81   860.68  7573.34375   7573.3437   4.0  1  1
		 10   81   947.81  7571.03219   7571.0326   4.0  1  1
		 10   81   965.52  7570.55908    7570.559   4.0  1  1
		 10   81  1070.19  7567.74151   7567.7417   4.0  1  1
		 10   81  1114.73  7566.53108   7566.5296   4.0  1  1
		 10   81  1139.60  7565.85246   7565.8515   4.0  1  1
		 10   81  1515.94  7555.32548   7555.3254   4.0  1  1
		 10   81  1723.55  7549.31403   7549.3138   4.0  1  1
		 10   81  2120.22  7537.42729   7537.4287   4.0  1  1
		 10   81  2323.19  7531.14304   7531.1437   4.0  1  1
		 10   81  2407.55  7528.49122   7528.4892   4.0  1  1
		 10   81  2501.56  7525.50839   7525.5079   4.0  1  1
		 10   81  2575.68  7523.13629   7523.1347   4.0  1  1
		 10   81  2964.27  7510.40663   7510.4082   4.0  1  1
		 10   81  3021.81  7508.48007   7508.4787   4.0  1  1
		 10   81  3252.35  7500.65338   7500.6556   4.0  1  1
		 10   81  3300.35  7499.00228   7499.0024   4.0  1  1
		 10   81  3399.58  7495.56586   7495.5641   4.0  1  1
		 10   81  3460.91    7493.426   7493.4276   4.0  1  1
		 10   81  3615.63  7487.97428   7487.9738   4.0  1  1
		 10   81  3717.98  7484.32627   7484.3267   4.0  1  1
		 10   81  3737.52  7483.62623   7483.6256   4.0  1  1
		 11   82    65.56  7500.65453   7500.6556   4.0  1  1
		 11   82   135.90  7499.00395   7499.0024   4.0  1  1
		 11   82   368.37  7493.42779   7493.4276   4.0  1  1
		 11   82   588.61   7487.9741   7487.9738   4.0  1  1
		 11   82   732.33  7484.32621   7484.3267   4.0  1  1
		 11   82   759.62  7483.62536   7483.6256   4.0  1  1
		 11   82   847.45  7481.35334   7481.3545   4.0  1  1
		 11   82  1229.60  7471.16426   7471.1641   4.0  1  1
		 11   82  1562.99  7461.87536   7461.8746   4.0  1  1
		 11   82  1672.09  7458.75524   7458.7541   4.0  1  1
		 11   82  1794.50  7455.20753    7455.208   4.0  1  1
		 11   82  2043.20  7447.84743   7447.8488   4.0  1  1
		 11   82  2145.83  7444.75079   7444.7489   4.0  1  1
		 11   82  2285.12  7440.49331   7440.4933   4.0  1  1
		 11   82  2420.43   7436.2967    7436.297   4.0  1  1
		 11   82  2450.14  7435.36734   7435.3683   4.0  1  1
		 11   82  2612.01  7430.25314   7430.2533   4.0  1  1
		 11   82  2653.17  7428.93919   7428.9405   4.0  1  1
		 11   82  2766.48  7425.29399   7425.2942   4.0  1  1
		 11   82  2812.46  7423.80323   7423.8044   4.0  1  1
		 11   82  2972.79    7418.551   7418.5499   4.0  1  1
		 11   82  2995.72  7417.79298   7417.7908   4.0  1  1
		 11   82  3159.38  7412.33512   7412.3368   4.0  1  1
		 11   82  3707.44  7393.43932   7393.4377   4.0  1  1
		 11   82  3720.41  7392.98079   7392.9801   4.0  1  1
		 12   83     3.33  7411.73703   7411.7363   4.0  1  1
		 12   83   406.29  7402.25239   7402.2521   4.0  1  1
		 12   83   761.44  7393.43738   7393.4377   4.0  1  1
		 12   83   779.42  7392.97975   7392.9801   4.0  1  1
		 12   83  1067.50  7385.50112   7385.5006   4.0  1  1
		 12   83  1387.30   7376.8759   7376.8772   4.0  1  1
		 12   83  1558.54  7372.11855   7372.1184   4.0  1  1
		 12   83  1604.49  7370.82563   7370.8255   4.0  1  1
		 12   83  1934.20  7361.34522   7361.3472   4.0  1  1
		 12   83  2036.13  7358.34256   7358.3449   4.0  1  1
		 12   83  2205.08  7353.29178    7353.293   4.0  1  1
		 12   83  2286.81  7350.81525    7350.814   4.0  1  1
		 12   83  2377.19   7348.0518    7348.053   4.0  1  1
		 12   83  2463.11  7345.40001   7345.3996   4.0  1  1
		 12   83  2599.26  7341.14995   7341.1515   4.0  1  1
		 12   83  2648.28  7339.60505   7339.6035   4.0  1  1
		 12   83  2775.00  7335.57643   7335.5772   4.0  1  1
		 12   83  2963.43  7329.49146   7329.4916   4.0  1  1
		 12   83  3000.42  7328.28367    7328.285   4.0  1  1
		 12   83  3106.20  7324.80607   7324.8073   4.0  1  1
		 12   83  3154.31  7323.21292   7323.2106   4.0  1  1
		 12   83  3396.99  7315.06506   7315.0661   4.0  1  1
		 13   84    17.27  7323.20929   7323.2106   4.0  1  1
		 13   84   328.44  7316.00551    7316.005   4.0  1  1
		 13   84   367.98  7315.06684   7315.0661   4.0  1  1
		 13   84   507.39  7311.71543   7311.7159   4.0  1  1
		 13   84   762.91  7305.40466   7305.4043   4.0  1  1
		 13   84  1046.65  7298.14337   7298.1434   4.0  1  1
		 13   84  1118.41  7296.26511   7296.2659   4.0  1  1
		 13   84  1519.88  7285.44446   7285.4437   4.0  1  1
		 13   84  1539.48  7284.90294   7284.9033   4.0  1  1
		 13   84  2039.46  7270.66392   7270.6636   4.0  1  1
		 13   84  2225.15  7265.17133   7265.1724   4.0  1  1
		 13   84  2456.40  7258.17699    7258.177   4.0  1  1
		 13   84  2495.28  7256.98457    7256.986   4.0  1  1
		 13   84  2548.17  7255.35434   7255.3541   4.0  1  1
		 13   84  2602.41  7253.67382    7253.676   4.0  1  1
		 13   84  2701.14   7250.5904   7250.5895   4.0  1  1
		 13   84  2842.34  7246.12757   7246.1277   4.0  1  1
		 13   84  2887.22  7244.69583   7244.6965   4.0  1  1
		 13   84  2968.36  7242.09143   7242.0919   4.0  1  1
		 13   84  3027.38  7240.18448   7240.1848   4.0  1  1
		 13   84  3230.52   7233.5369   7233.5365   4.0  1  1
		 13   84  3311.17  7230.86213   7230.8623   4.0  1  1
		 13   84  3338.87  7229.93896    7229.938   4.0  1  1
		 13   84  3482.64  7225.10862   7225.1099   4.0  1  1
		 13   84  3604.06  7220.97977   7220.9809   4.0  1  1
		 13   84  3657.41  7219.15111   7219.1515   4.0  1  1
		 13   84  3689.32  7218.05344   7218.0542   4.0  1  1
		 14   85   173.73  7233.53627   7233.5365   4.0  1  1
		 14   85   289.57   7230.8632   7230.8623   4.0  1  1
		 14   85   329.14   7229.9398   7229.9386   4.0  1  1
		 14   85   532.64  7225.10968   7225.1099   4.0  1  1
		 14   85   702.23  7220.97997   7220.9809   4.0  1  1
		 14   85   776.14  7219.15083   7219.1515   4.0  1  1
		 14   85   820.13  7218.05353   7218.0542   4.0  1  1
		 14   85  1031.59   7212.6905   7212.6896   4.0  1  1
		 14   85  1211.74  7208.00699   7208.0063   4.0  1  1
		 14   85  1250.67   7206.9811   7206.9804   4.0  1  1
		 14   85  1269.51  7206.48291    7206.483   4.0  1  1
		 14   85  1417.94  7202.51702   7202.5166   4.0  1  1
		 14   85  1430.04  7202.19067    7202.191   4.0  1  1
		 14   85  1444.23  7201.80732   7201.8091   4.0  1  1
		 14   85  1509.20  7200.04369   7200.0454   4.0  1  1
		 14   85  1830.19  7191.13145   7191.1328   4.0  1  1
		 14   85  1921.60  7188.53336    7188.532   4.0  1  1
		 14   85  2325.98  7176.72218   7176.7213   4.0  1  1
		 14   85  2437.53  7173.37333   7173.3725   4.0  1  1
		 14   85  2536.73   7170.3624   7170.3607   4.0  1  1
		 14   85  2584.65  7168.89707   7168.8952   4.0  1  1
		 14   85  2789.32  7162.55724   7162.5569   4.0  1  1
		 14   85  2872.45  7159.94505    7159.947   4.0  1  1
		 14   85  2907.47  7158.83829   7158.8387   4.0  1  1
		 14   85  3071.93  7153.58986   7153.5877   4.0  1  1
		 14   85  3174.24  7150.28247   7150.2844   4.0  1  1
		 14   85  3227.21  7148.55776   7148.5589   4.0  1  1
		 14   85  3416.34  7142.32882    7142.331   4.0  1  1
		 14   85  3472.40  7140.46158   7140.4617   4.0  1  1
		 14   85  3705.01  7132.61142     7132.61   4.0  1  1
		 15   86   136.59  7150.28405   7150.2844   4.0  1  1
		 15   86   212.80  7148.56008   7148.5589   4.0  1  1
		 15   86   481.42  7142.33168    7142.331   4.0  1  1
		 15   86   560.08  7140.46298   7140.4617   4.0  1  1
		 15   86   881.85  7132.61032     7132.61   4.0  1  1
		 15   86   931.84  7131.36017   7131.3586   4.0  1  1
		 15   86   957.22  7130.72235   7130.7236   4.0  1  1
		 15   86   978.57  7130.18423   7130.1846   4.0  1  1
		 15   86  1149.60  7125.82072     7125.82   4.0  1  1
		 15   86  1198.37  7124.55926   7124.5607   4.0  1  1
		 15   86  1580.99   7114.3987   7114.3984   4.0  1  1
		 15   86  1596.09  7113.98831   7113.9879   4.0  1  1
		 15   86  1635.32  7112.91838   7112.9189   4.0  1  1
		 15   86  1746.49  7109.85991   7109.8602   4.0  1  1
		 15   86  1770.96  7109.18126   7109.1819   4.0  1  1
		 15   86  1832.12  7107.47738   7107.4778   4.0  1  1
		 15   86  2077.71  7100.51654   7100.5144   4.0  1  1
		 15   86  2458.82  7089.34142   7089.3395   4.0  1  1
		 15   86  2476.15  7088.82251   7088.8232   4.0  1  1
		 15   86  2546.54  7086.70556   7086.7044   4.0  1  1
		 15   86  2630.25  7084.16771    7084.169   4.0  1  1
		 15   86  2916.31  7075.33317   7075.3336   4.0  1  1
		 15   86  2950.57  7074.25811   7074.2563   4.0  1  1
		 15   86  3009.67  7072.39544   7072.3939   4.0  1  1
		 15   86  3038.53   7071.4821     7071.48   4.0  1  1
		 15   86  3050.72   7071.0955   7071.0942   4.0  1  1
		 15   86  3124.81  7068.73589   7068.7358   4.0  1  1
		 15   86  3258.03  7064.45145   7064.4515   4.0  1  1
		 15   86  3352.11  7061.39345   7061.3942   4.0  1  1
		 15   86  3374.78  7060.65258   7060.6538   4.0  1  1
		 15   86  3393.50  7060.03963   7060.0417   4.0  1  1
		 15   86  3409.23  7059.52361   7059.5253   4.0  1  1
		 15   86  3440.69  7058.48955   7058.4895   4.0  1  1
		 15   86  3563.71  7054.41751   7054.4177   4.0  1  1
		 15   86  3587.65  7053.61977   7053.6196   4.0  1  1
		 16   87   108.71  7068.73582   7068.7358   4.0  1  1
		 16   87   299.45  7064.45226   7064.4515   4.0  1  1
		 16   87   432.48  7061.39484   7061.3942   4.0  1  1
		 16   87   464.35  7060.65394   7060.6538   4.0  1  1
		 16   87   490.57  7060.04192   7060.0417   4.0  1  1
		 16   87   512.64  7059.52479   7059.5253   4.0  1  1
		 16   87   556.64  7058.48958   7058.4895   4.0  1  1
		 16   87   727.25  7054.41683   7054.4177   4.0  1  1
		 16   87   760.23  7053.61858   7053.6196   4.0  1  1
		 16   87  1076.24  7045.79502    7045.797   4.0  1  1
		 16   87  1351.53  7038.72086   7038.7202   4.0  1  1
		 16   87  1444.37  7036.28135   7036.2831   4.0  1  1
		 16   87  1570.22   7032.9309    7032.931   4.0  1  1
		 16   87  1669.52  7030.25206   7030.2514   4.0  1  1
		 16   87  1751.34  7028.02187   7028.0228   4.0  1  1
		 16   87  1808.13  7026.46145   7026.4616   4.0  1  1
		 16   87  1852.82  7025.22646   7025.2251   4.0  1  1
		 16   87  1994.02  7021.28375   7021.2832   4.0  1  1
		 16   87  2022.44  7020.48288   7020.4841   4.0  1  1
		 16   87  2090.03  7018.56768   7018.5675   4.0  1  1
		 16   87  2203.57  7015.31872   7015.3172   4.0  1  1
		 16   87  2215.66  7014.97049   7014.9689   4.0  1  1
		 16   87  2484.87  7007.09848   7007.0961   4.0  1  1
		 16   87  2625.94  7002.88464   7002.8829   4.0  1  1
		 16   87  2694.84   7000.8047   7000.8036   4.0  1  1
		 16   87  2733.75  6999.62339   6999.6238   4.0  1  1
		 16   87  2917.37  6993.98787   6993.9873   4.0  1  1
		 16   87  2948.03  6993.03686   6993.0371   4.0  1  1
		 16   87  2958.99  6992.69625   6992.6966   4.0  1  1
		 16   87  2974.50  6992.21371   6992.2126   4.0  1  1
		 16   87  3056.39  6989.65331   6989.6553   4.0  1  1
		 16   87  3325.90   6981.0842   6981.0831   4.0  1  1
		 16   87  3685.91  6969.29913   6969.2976   4.0  1  1
		 17   88    52.52  6989.65441   6989.6553   4.0  1  1
		 17   88   217.43  6986.02947   6986.0298   4.0  1  1
		 17   88   436.31   6981.0831   6981.0831   4.0  1  1
		 17   88   932.83  6969.29672   6969.2976   4.0  1  1
		 17   88  1212.54  6962.31402   6962.3117   4.0  1  1
		 17   88  1293.40  6960.24963     6960.25   4.0  1  1
		 17   88  1483.53  6955.31543    6955.315   4.0  1  1
		 17   88  1508.59  6954.65661    6954.656   4.0  1  1
		 17   88  1572.53  6952.96702   6952.9666   4.0  1  1
		 17   88  1628.48  6951.47807   6951.4776   4.0  1  1
		 17   88  1849.90  6945.49076   6945.4902   4.0  1  1
		 17   88  1918.36  6943.60891   6943.6105   4.0  1  1
		 17   88  1957.15  6942.53634    6942.538   4.0  1  1
		 17   88  2131.30  6937.66373   6937.6642   4.0  1  1
		 17   88  2735.65  6920.03857   6920.0394   4.0  1  1
		 17   88  2864.74  6916.13106   6916.1289   4.0  1  1
		 17   88  2911.17  6914.71327   6914.7127   4.0  1  1
		 17   88  3024.52  6911.22518   6911.2264   4.0  1  1
		 17   88  3068.93  6909.84811   6909.8491   4.0  1  1
		 17   88  3096.54  6908.98909   6908.9905   4.0  1  1
		 17   88  3560.06  6894.22856   6894.2303   4.0  1  1
		 17   88  3620.71  6892.25029   6892.2502   4.0  1  1
		 17   88  3710.44  6889.30371   6889.3032   4.0  1  1
		 17   88  3744.61  6888.17532   6888.1742   4.0  1  1
		 17   88  3777.41  6887.08904   6887.0881   4.0  1  1
		 17   88  3797.87  6886.41007   6886.4082   4.0  1  1
		 18   89    48.47  6911.22513   6911.2264   4.0  1  1
		 18   89   151.85  6908.98961   6908.9905   4.0  1  1
		 18   89   456.18  6902.21117   6902.2105   4.0  1  1
		 18   89   798.78  6894.23076   6894.2303   4.0  1  1
		 18   89   881.50  6892.24862   6892.2502   4.0  1  1
		 18   89  1002.81  6889.30327   6889.3032   4.0  1  1
		 18   89  1048.80  6888.17473   6888.1742   4.0  1  1
		 18   89  1092.80  6887.08878   6887.0881   4.0  1  1
		 18   89  1120.31  6886.40684   6886.4082   4.0  1  1
		 18   89  1263.80  6882.81135   6882.8114   4.0  1  1
		 18   89  1390.55  6879.58258   6879.5824   4.0  1  1
		 18   89  1576.59  6874.75375    6874.753   4.0  1  1
		 18   89  1707.56  6871.29054   6871.2891   4.0  1  1
		 18   89  1813.50  6868.45095   6868.4508   4.0  1  1
		 18   89  1875.82  6866.76448   6866.7634   4.0  1  1
		 18   89  1890.47  6866.36641   6866.3666   4.0  1  1
		 18   89  1993.95  6863.53548    6863.535   4.0  1  1
		 18   89  2018.22  6862.86679   6862.8685   4.0  1  1
		 18   89  2075.92  6861.26971   6861.2688   4.0  1  1
		 18   89  2316.23  6854.51063   6854.5128   4.0  1  1
		 18   89  2330.32  6854.10902   6854.1093   4.0  1  1
		 18   89  2391.59  6852.35517   6852.3545   4.0  1  1
		 18   89  2836.12  6839.29505   6839.2949   4.0  1  1
		 18   89  2980.58  6834.92426   6834.9246   4.0  1  1
		 18   89  3047.02  6832.89324   6832.8927   4.0  1  1
		 18   89  3161.96  6829.34905   6829.3472   4.0  1  1
		 18   89  3229.49  6827.24888   6827.2488   4.0  1  1
		 18   89  3311.59  6824.67697   6824.6774   4.0  1  1
		 18   89  3348.70  6823.50809   6823.5084   4.0  1  1
		 18   89  3683.64   6812.7766   6812.7752   4.0  1  1
		 18   89  3692.42  6812.49075   6812.4915   4.0  1  1
		 18   89  3796.08  6809.10077      6809.1   4.0  1  1
		 18   89  3813.40   6808.5314   6808.5311   4.0  1  1
		 19   90    26.24  6834.92356   6834.9246   4.0  1  1
		 19   90   284.83  6829.34813   6829.3472   4.0  1  1
		 19   90   299.02  6829.03621   6829.0355   4.0  1  1
		 19   90   379.69  6827.25031   6827.2488   4.0  1  1
		 19   90   494.33  6824.67734   6824.6774   4.0  1  1
		 19   90   545.83  6823.50818   6823.5084   4.0  1  1
		 19   90   884.59  6815.61189   6815.6123   4.0  1  1
		 19   90  1002.72  6812.77494   6812.7752   4.0  1  1
		 19   90  1014.44  6812.49114   6812.4915   4.0  1  1
		 19   90  1094.14  6810.54981   6810.5494   4.0  1  1
		 19   90  1136.49  6809.51037   6809.5094   4.0  1  1
		 19   90  1144.38  6809.31609   6809.3173   4.0  1  1
		 19   90  1153.18  6809.09915      6809.1   4.0  1  1
		 19   90  1176.22  6808.53029   6808.5311   4.0  1  1
		 19   90  1225.12  6807.31713    6807.319   4.0  1  1
		 19   90  1496.03  6800.46454   6800.4645   4.0  1  1
		 19   90  1572.58  6798.48774   6798.4868   4.0  1  1
		 19   90  1675.70  6795.79654   6795.7982   4.0  1  1
		 19   90  1847.70  6791.23644   6791.2351   4.0  1  1
		 19   90  1936.71  6788.84162   6788.8403   4.0  1  1
		 19   90  1977.48  6787.73656   6787.7364   4.0  1  1
		 19   90  2243.23  6780.41234   6780.4131   4.0  1  1
		 19   90  2253.47  6780.12572   6780.1252   4.0  1  1
		 19   90  2282.08  6779.32399   6779.3242   4.0  1  1
		 19   90  2318.03  6778.31257   6778.3123   4.0  1  1
		 19   90  2501.31  6773.09778   6773.0973   4.0  1  1
		 19   90  2533.33  6772.17637   6772.1745   4.0  1  1
		 19   90  2604.80   6770.1092   6770.1069   4.0  1  1
		 19   90  2724.51  6766.61267   6766.6117   4.0  1  1
		 19   90  3006.68  6758.20438   6758.2035   4.0  1  1
		 19   90  3042.83  6757.11037   6757.1092   4.0  1  1
		 19   90  3064.52  6756.45194   6756.4528   4.0  1  1
		 19   90  3156.03  6753.65955   6753.6598   4.0  1  1
		 19   90  3183.03  6752.83112   6752.8335   4.0  1  1
		 19   90  3228.60  6751.42787   6751.4267   4.0  1  1
		 19   90  3532.42  6741.91873   6741.9212   4.0  1  1
		 19   90  3649.65  6738.17823     6738.18   4.0  1  1
		 19   90  3786.85  6733.75044   6733.7488   4.0  1  1
		 19   90  3820.70  6732.64984   6732.6491   4.0  1  1
		 20   91   103.68  6758.20329   6758.2035   4.0  1  1
		 20   91   155.15  6757.10987   6757.1092   4.0  1  1
		 20   91   185.86  6756.45345   6756.4528   4.0  1  1
		 20   91   315.06  6753.66001   6753.6598   4.0  1  1
		 20   91   352.79  6752.83463   6752.8335   4.0  1  1
		 20   91   416.66  6751.42706   6751.4267   4.0  1  1
		 20   91   792.74  6742.88425   6742.8845   4.0  1  1
		 20   91   833.95  6741.92181   6741.9212   4.0  1  1
		 20   91   992.18    6738.178     6738.18   4.0  1  1
		 20   91  1175.39  6733.74783   6733.7488   4.0  1  1
		 20   91  1220.24   6732.6478   6732.6491   4.0  1  1
		 20   91  1329.81  6729.93494   6729.9328   4.0  1  1
		 20   91  1376.83  6728.75951   6728.7595   4.0  1  1
		 20   91  1402.42  6728.11698   6728.1183   4.0  1  1
		 20   91  1428.61  6727.45742   6727.4583   4.0  1  1
		 20   91  1474.09  6726.30723   6726.3091   4.0  1  1
		 20   91  1607.68  6722.89226   6722.8899   4.0  1  1
		 20   91  1818.82  6717.38602   6717.3851   4.0  1  1
		 20   91  1947.34   6713.9691     6713.97   4.0  1  1
		 20   91  2048.26  6711.25154   6711.2521   4.0  1  1
		 20   91  2428.21  6700.75007   6700.7499   4.0  1  1
		 20   91  2535.36  6697.71184   6697.7123   4.0  1  1
		 20   91  2590.29  6696.14121     6696.14   4.0  1  1
		 20   91  2647.44  6694.49775   6694.4967   4.0  1  1
		 20   91  2664.40  6694.00803   6694.0068   4.0  1  1
		 20   91  2708.60  6692.72834   6692.7262   4.0  1  1
		 20   91  2995.24  6684.29058   6684.2929   4.0  1  1
		 20   91  3026.17  6683.36592   6683.3673   4.0  1  1
		 20   91  3135.35  6680.07961   6680.0811   4.0  1  1
		 20   91  3180.62  6678.70696   6678.7067   4.0  1  1
		 20   91  3227.47  6677.28024   6677.2817   4.0  1  1
		 20   91  3311.82  6674.69535   6674.6969   4.0  1  1
		 20   91  3348.04  6673.57902   6673.5797   4.0  1  1
		 20   91  3501.32  6668.81386   6668.8163   4.0  1  1
		 20   91  3579.53  6666.35664   6666.3588   4.0  1  1
		 20   91  3652.46  6664.04953    6664.051   4.0  1  1
		 20   91  3663.58  6663.69641   6663.6966   4.0  1  1
		 20   91  3708.42  6662.26928   6662.2686   4.0  1  1
		 20   91  3758.18  6660.67844   6660.6761   4.0  1  1
		 20   91  3820.40  6658.67967   6658.6774   4.0  1  1
	offset	71
	niterate 3
	lowreject 3.
	highreject 3.
	coefficients	24
		1.
		4.
		4.
		1.
		1.
		3881.
		71.99999999999999
		90.99999999999999
		610718.0914484077
		-4712.355670423175
		-253.7266013353187
		2.140491461527645
		14.71122546940163
		-5.418354051095349
		-0.9373339461852602
		0.0367223798120118
		-0.8547127662725213
		0.3146144847880036
		0.03448175954590388
		-0.04907621056794146
		-0.0144477903282961
		-0.1755098967595551
		-0.06483311767136646
		-0.01700241365299588

