begin ecidentify refCalib_UVES_red_r_860_1931x20
 refCalib_UVES_red_r_860_1931x20
task	ecidentify
 refCalib_UVES_red_r_860_1931x20
units	angstroms
features	563
1 1   66.14   66.14 8539.793   4.0  1  1
1 1  474.10  474.10 8516.5542   4.0  1  1
1 1  550.65  550.65 8511.9091   4.0  1  1
1 1  570.92  570.92 8510.624   4.0  1  1
1 1  729.14  729.14 8500.6797   4.0  1  1
1 1  888.91  888.91 8490.3065   4.0  1  1
1 1 1064.89 1064.89 8478.358   4.0  1  1
1 1 1159.04 1159.04 8471.826   4.0  1  1
1 1 1245.32 1245.32 8465.6706   4.0  1  1
1 1 1265.20 1265.20 8464.2367   4.0  1  1
1 1 1374.01 1374.01 8456.3468   4.0  1  1
1 1 1449.69 1449.69 8450.6754   4.0  1  0
1 1 1505.80 1505.80 8446.5116   4.0  1  1
1 1 1519.18 1519.18 8445.487   4.0  1  1
1 1 1688.57 1688.57 8432.4935   4.0  1  1
1 1 1830.61 1830.61 8421.2254   4.0  1  1
1 1 1870.73 1870.73 8417.9982   4.0  1  1
1 1 1886.36 1886.36 8416.7269   4.0  1  1
2 2   96.81   96.81 8421.2254   4.0  1  1
2 2  156.11  156.11 8417.9982   4.0  1  1
2 2  179.92  179.92 8416.7269   4.0  1  1
2 2  266.19  266.19 8411.9172   4.0  1  1
2 2  408.12  408.12 8403.7965   4.0  1  1
2 2  438.99  438.99 8401.989   4.0  1  1
2 2  484.17  484.17 8399.2578   4.0  1  0
2 2  502.97  502.97 8398.178   4.0  1  1
2 2  661.72  661.72 8388.5363   4.0  1  1
2 2  684.72  684.72 8387.1053   4.0  1  1
2 2  706.16  706.16 8385.728   4.0  1  1
2 2  722.13  722.13 8384.724   4.0  1  1
2 2  809.00  809.00 8379.2261   4.0  1  1
2 2  960.04  960.04 8369.3404   4.0  1  1
2 2  989.09  989.09 8367.3936   4.0  1  1
2 2 1008.38 1008.38 8366.0741   4.0  1  1
2 2 1090.97 1090.97 8360.4915   4.0  1  1
2 2 1116.32 1116.32 8358.726   4.0  1  1
2 2 1155.04 1155.04 8356.0627   4.0  1  1
2 2 1361.17 1361.17 8341.477   4.0  1  1
2 2 1439.92 1439.92 8335.7067   4.0  1  1
2 2 1486.92 1486.92 8332.21   4.0  1  1
2 2 1510.86 1510.86 8330.4494   4.0  1  1
2 2 1637.98 1637.98 8320.8554   4.0  1  1
2 2 1757.38 1757.38 8311.6306   4.0  1  1
2 2 1848.93 1848.93 8304.4244   4.0  1  1
3 3   16.96   16.96 8311.6306   4.0  1  1
3 3  154.23  154.23 8304.4244   4.0  1  1
3 3  285.90  285.90 8297.1765   4.0  1  1
3 3  315.27  315.27 8295.5497   4.0  1  1
3 3  367.88  367.88 8292.5272   4.0  1  1
3 3  440.21  440.21 8288.4143   4.0  1  1
3 3  654.84  654.84 8275.6266   4.0  1  1
3 3  886.91  886.91 8261.0143   4.0  1  1
3 3  910.07  910.07 8259.511   4.0  1  1
3 3  982.95  982.95 8254.7422   4.0  1  1
3 3  999.93  999.93 8253.6156   4.0  1  1
3 3 1018.04 1018.04 8252.3936   4.0  1  1
3 3 1273.74 1273.74 8234.9381   4.0  1  1
3 3 1323.92 1323.92 8231.4069   4.0  1  1
3 3 1519.98 1519.98 8217.2264   4.0  1  1
3 3 1561.47 1561.47 8214.1472   4.0  1  1
3 3 1624.32 1624.32 8209.4461   4.0  1  1
3 3 1650.60 1650.60 8207.4785   4.0  1  1
3 3 1720.80 1720.80 8202.1469   4.0  1  1
3 3 1768.80 1768.80 8198.442   4.0  1  1
3 3 1821.21 1821.21 8194.3943   4.0  1  1
3 3 1865.94 1865.94 8190.8849   4.0  1  1
3 3 1916.24 1916.24 8186.9113   4.0  1  1
4 4   63.73   63.73 8198.442   4.0  1  1
4 4  141.20  141.20 8194.3943   4.0  1  1
4 4  206.55  206.55 8190.8849   4.0  1  1
4 4  280.10  280.10 8186.9113   4.0  1  1
4 4  452.75  452.75 8177.1788   4.0  1  1
4 4  580.00  580.00 8169.7865   4.0  1  1
4 4  636.23  636.23 8166.4477   4.0  1  1
4 4  691.03  691.03 8163.121   4.0  1  1
4 4  746.02  746.02 8159.7277   4.0  1  1
4 4  781.85  781.85 8157.5434   4.0  1  1
4 4  862.98  862.98 8152.3818   4.0  1  1
4 4  905.15  905.15 8149.7021   4.0  1  1
4 4 1007.02 1007.02 8143.138   4.0  1  1
4 4 1055.83 1055.83 8139.9032   4.0  1  1
4 4 1077.79 1077.79 8138.4753   4.0  1  1
4 4 1212.08 1212.08 8129.4051   4.0  1  1
4 4 1308.89 1308.89 8122.7234   4.0  1  1
4 4 1359.19 1359.19 8119.1811   4.0  1  1
4 4 1704.01 1704.01 8094.0559   4.0  1  1
4 4 1709.87 1709.87 8093.6238   4.0  1  1
4 4 1728.08 1728.08 8092.2373   4.0  1  1
4 4 1764.45 1764.45 8089.4852   4.0  1  1
4 4 1820.16 1820.16 8085.219   4.0  1  1
4 4 1891.84 1891.84 8079.68   4.0  1  1
5 5    3.89    3.89 8093.6238   4.0  1  1
5 5   31.09   31.09 8092.2373   4.0  1  1
5 5   85.90   85.90 8089.4852   4.0  1  1
5 5  167.27  167.27 8085.219   4.0  1  1
5 5  344.88  344.88 8075.6518   4.0  1  1
5 5  574.09  574.09 8062.6304   4.0  1  1
5 5  710.22  710.22 8054.5355   4.0  1  1
5 5  731.00  731.00 8053.3085   4.0  1  1
5 5  774.87  774.87 8050.648   4.0  1  1
5 5  848.02  848.02 8046.1169   4.0  1  1
5 5  988.06  988.06 8037.2183   4.0  1  1
5 5 1061.97 1061.97 8032.4313   4.0  1  1
5 5 1095.94 1095.94 8030.2004   4.0  1  1
5 5 1156.04 1156.04 8026.2135   4.0  1  1
5 5 1163.04 1163.04 8025.7271   4.0  1  1
5 5 1185.39 1185.39 8024.253   4.0  1  1
5 5 1215.37 1215.37 8022.2014   4.0  1  1
5 5 1284.73 1284.73 8017.5275   4.0  1  1
5 5 1533.52 1533.52 8000.0449   4.0  1  1
5 5 1621.05 1621.05 7993.6808   4.0  1  1
5 5 1652.71 1652.71 7991.3655   4.0  1  1
5 5 1698.61 1698.61 7987.9731   4.0  1  1
5 5 1788.90 1788.90 7981.2262   4.0  1  1
5 5 1818.61 1818.61 7978.9731   4.0  1  1
5 5 1881.72 1881.72 7974.1592   4.0  1  1
5 5 1902.00 1902.00 7972.596   4.0  1  1
6 6   14.94   14.94 7987.9731   4.0  1  1
6 6  148.55  148.55 7981.2262   4.0  1  1
6 6  192.07  192.07 7978.9731   4.0  1  1
6 6  283.00  283.00 7974.1592   4.0  1  1
6 6  311.94  311.94 7972.596   4.0  1  1
6 6  590.85  590.85 7956.974   4.0  1  1
6 6  631.99  631.99 7954.5923   4.0  1  1
6 6  846.84  846.84 7941.7259   4.0  1  1
6 6  911.02  911.02 7937.7335   4.0  1  1
6 6 1099.02 1099.02 7925.7478   4.0  1  1
6 6 1111.08 1111.08 7924.9914   4.0  1  1
6 6 1239.89 1239.89 7916.442   4.0  1  1
6 6 1474.77 1474.77 7900.32   4.0  1  1
6 6 1484.68 1484.68 7899.6229   4.0  1  1
6 6 1529.42 1529.42 7896.4528   4.0  1  1
6 6 1569.04 1569.04 7893.6191   4.0  1  1
6 6 1604.66 1604.66 7891.075   4.0  1  1
6 6 1670.86 1670.86 7886.283   4.0  1  1
6 6 1795.76 1795.76 7877.0756   4.0  1  1
6 6 1817.51 1817.51 7875.4626   4.0  1  1
6 6 1854.99 1854.99 7872.6316   4.0  1  1
6 6 1913.37 1913.37 7868.1946   4.0  1  1
7 7  185.29  185.29 7877.0756   4.0  1  1
7 7  216.46  216.46 7875.4626   4.0  1  1
7 7  270.26  270.26 7872.6316   4.0  1  1
7 7  352.96  352.96 7868.1946   4.0  1  1
7 7  394.13  394.13 7865.9698   4.0  1  1
7 7  430.09  430.09 7864.0218   4.0  1  1
7 7  468.08  468.08 7861.911   4.0  1  1
7 7  704.05  704.05 7848.4547   4.0  1  1
7 7  719.86  719.86 7847.5394   4.0  1  1
7 7  808.00  808.00 7842.2656   4.0  1  1
7 7  816.02  816.02 7841.7911   4.0  1  1
7 7  839.64  839.64 7840.2981   4.0  1  0
7 7  902.99  902.99 7836.4597   4.0  1  1
7 7  917.01  917.01 7835.6209   4.0  1  1
7 7  935.99  935.99 7834.4578   4.0  1  1
7 7 1126.01 1126.01 7822.3877   4.0  1  1
7 7 1197.05 1197.05 7817.7669   4.0  1  1
7 7 1221.99 1221.99 7816.1534   4.0  1  1
7 7 1249.68 1249.68 7814.323   4.0  1  1
7 7 1255.04 1255.04 7813.9729   4.0  1  1
7 7 1262.02 1262.02 7813.4761   4.0  1  1
7 7 1305.09 1305.09 7810.6245   4.0  1  1
7 7 1484.57 1484.57 7798.3579   4.0  1  1
7 7 1618.51 1618.51 7788.9342   4.0  1  1
7 7 1635.06 1635.06 7787.8002   4.0  1  1
7 7 1710.64 1710.64 7782.3165   4.0  1  1
7 7 1763.20 1763.20 7778.4922   4.0  1  1
7 7 1788.01 1788.01 7776.6727   4.0  1  1
7 7 1851.89 1851.89 7771.9468   4.0  1  1
8 8   86.00   86.00 7782.3165   4.0  1  1
8 8  163.24  163.24 7778.4922   4.0  1  1
8 8  198.09  198.09 7776.6727   4.0  1  1
8 8  290.01  290.01 7771.9468   4.0  1  1
8 8  463.14  463.14 7762.732   4.0  1  1
8 8  480.84  480.84 7761.7133   4.0  1  1
8 8  791.60  791.60 7743.9552   4.0  1  1
8 8  816.08  816.08 7742.5628   4.0  1  1
8 8 1038.02 1038.02 7728.951   4.0  1  1
8 8 1160.06 1160.06 7721.2023   4.0  1  1
8 8 1272.04 1272.04 7713.9378   4.0  1  1
8 8 1295.27 1295.27 7712.405   4.0  1  1
8 8 1327.86 1327.86 7710.2692   4.0  1  1
8 8 1409.00 1409.00 7704.8169   4.0  1  1
8 8 1425.81 1425.81 7703.685   4.0  1  1
8 8 1463.50 1463.50 7701.1081   4.0  1  1
8 8 1483.23 1483.23 7699.7794   4.0  1  1
8 8 1488.25 1488.25 7699.4034   4.0  1  1
8 8 1569.14 1569.14 7693.8016   4.0  1  1
8 8 1598.21 1598.21 7691.7706   4.0  1  1
8 8 1689.92 1689.92 7685.3075   4.0  1  1
8 8 1722.01 1722.01 7683.0189   4.0  1  1
8 8 1789.67 1789.67 7678.1267   4.0  1  1
8 8 1815.88 1815.88 7676.2195   4.0  1  1
8 8 1869.79 1869.79 7672.2552   4.0  1  1
8 8 1899.58 1899.58 7670.0575   4.0  1  1
8 8 1914.18 1914.18 7668.9608   4.0  1  1
9 9   81.08   81.08 7685.3075   4.0  1  1
9 9  128.09  128.09 7683.0189   4.0  1  1
9 9  225.97  225.97 7678.1267   4.0  1  1
9 9  263.35  263.35 7676.2195   4.0  1  1
9 9  340.09  340.09 7672.2552   4.0  1  1
9 9  381.79  381.79 7670.0575   4.0  1  1
9 9  401.76  401.76 7668.9608   4.0  1  1
9 9  447.02  447.02 7666.5679   4.0  1  1
9 9  551.01  551.01 7660.8903   4.0  1  1
9 9  567.08  567.08 7660.0234   4.0  1  1
9 9  597.14  597.14 7658.3246   4.0  1  1
9 9  661.28  661.28 7654.6998   4.0  1  1
9 9  677.01  677.01 7653.8284   4.0  1  1
9 9  713.28  713.28 7651.7451   4.0  1  1
9 9  789.02  789.02 7647.3794   4.0  1  1
9 9  933.93  933.93 7638.7805   4.0  1  1
9 9  956.89  956.89 7637.3852   4.0  1  1
9 9 1041.37 1041.37 7632.1305   4.0  1  0
9 9 1071.25 1071.25 7630.3106   4.0  1  1
9 9 1094.16 1094.16 7628.8818   4.0  1  1
9 9 1121.77 1121.77 7627.1749   4.0  1  1
9 9 1145.03 1145.03 7625.7053   4.0  1  1
9 9 1233.01 1233.01 7620.0773   4.0  1  1
9 9 1259.91 1259.91 7618.3443   4.0  1  1
9 9 1419.25 1419.25 7607.823   4.0  1  1
9 9 1561.22 1561.22 7598.2054   4.0  1  1
9 9 1689.12 1689.12 7589.3151   4.0  1  1
9 9 1739.11 1739.11 7585.74   4.0  1  1
9 9 1911.30 1911.30 7573.3437   4.0  1  1
10 10  104.99  104.99 7589.3151   4.0  1  1
10 10  421.04  421.04 7573.3437   4.0  1  1
10 10  463.95  463.95 7571.0326   4.0  1  1
10 10  472.95  472.95 7570.559   4.0  1  1
10 10  491.80  491.80 7569.5115   4.0  1  1
10 10  525.22  525.22 7567.7417   4.0  1  1
10 10  548.01  548.01 7566.5296   4.0  1  1
10 10  560.03  560.03 7565.8515   4.0  1  1
10 10  747.96  747.96 7555.3254   4.0  1  1
10 10  851.99  851.99 7549.3138   4.0  1  1
10 10 1050.31 1050.31 7537.4287   4.0  1  1
10 10 1066.88 1066.88 7536.4365   4.0  1  1
10 10 1151.98 1151.98 7531.1437   4.0  1  1
10 10 1193.96 1193.96 7528.4892   4.0  1  1
10 10 1241.08 1241.08 7525.5079   4.0  1  1
10 10 1278.06 1278.06 7523.1347   4.0  1  1
10 10 1345.15 1345.15 7518.7824   4.0  1  1
10 10 1451.32 1451.32 7511.7902   4.0  1  1
10 10 1458.02 1458.02 7511.3498   4.0  1  1
10 10 1472.11 1472.11 7510.4082   4.0  1  1
10 10 1501.05 1501.05 7508.4787   4.0  1  1
10 10 1616.24 1616.24 7500.6556   4.0  1  1
10 10 1640.18 1640.18 7499.0024   4.0  1  1
10 10 1689.85 1689.85 7495.5641   4.0  1  1
10 10 1720.68 1720.68 7493.4276   4.0  1  1
10 10 1798.05 1798.05 7487.9738   4.0  1  1
10 10 1849.07 1849.07 7484.3267   4.0  1  1
10 10 1859.01 1859.01 7483.6256   4.0  1  1
10 10 1890.48 1890.48 7481.3545   4.0  1  1
11 11   22.97   22.97 7500.6556   4.0  1  1
11 11   57.66   57.66 7499.0024   4.0  1  1
11 11  130.42  130.42 7495.5641   4.0  1  1
11 11  173.74  173.74 7493.4276   4.0  1  1
11 11  284.82  284.82 7487.9738   4.0  1  1
11 11  356.08  356.08 7484.3267   4.0  1  1
11 11  370.04  370.04 7483.6256   4.0  1  1
11 11  414.02  414.02 7481.3545   4.0  1  1
11 11  604.97  604.97 7471.1641   4.0  1  1
11 11  643.88  643.88 7469.0566   4.0  1  1
11 11  751.61  751.61 7462.991   4.0  1  1
11 11  771.95  771.95 7461.8746   4.0  1  1
11 11  825.81  825.81 7458.7541   4.0  1  1
11 11  887.13  887.13 7455.208   4.0  1  1
11 11 1012.00 1012.00 7447.8488   4.0  1  1
11 11 1063.00 1063.00 7444.7489   4.0  1  1
11 11 1132.89 1132.89 7440.4933   4.0  1  1
11 11 1200.21 1200.21 7436.297   4.0  1  1
11 11 1215.05 1215.05 7435.3683   4.0  1  1
11 11 1296.05 1296.05 7430.2533   4.0  1  1
11 11 1316.92 1316.92 7428.9405   4.0  1  1
11 11 1373.42 1373.42 7425.2942   4.0  1  1
11 11 1396.39 1396.39 7423.8044   4.0  1  1
11 11 1419.03 1419.03 7422.3118   4.0  1  1
11 11 1476.70 1476.70 7418.5499   4.0  1  1
11 11 1488.06 1488.06 7417.7908   4.0  1  1
11 11 1569.91 1569.91 7412.3368   4.0  1  1
11 11 1578.63 1578.63 7411.7363   4.0  1  1
11 11 1590.51 1590.51 7410.9683   4.0  1  1
11 11 1717.94 1717.94 7402.2521   4.0  1  1
11 11 1844.00 1844.00 7393.4377   4.0  1  1
11 11 1850.30 1850.30 7392.9801   4.0  1  1
12 12    7.73    7.73 7410.9683   4.0  1  1
12 12  193.23  193.23 7402.2521   4.0  1  1
12 12  371.00  371.00 7393.4377   4.0  1  1
12 12  379.94  379.94 7392.9801   4.0  1  1
12 12  524.05  524.05 7385.5006   4.0  1  1
12 12  618.95  618.95 7380.4263   4.0  1  1
12 12  684.02  684.02 7376.8772   4.0  1  1
12 12  768.86  768.86 7372.1184   4.0  1  1
12 12  793.06  793.06 7370.8255   4.0  1  1
12 12  956.92  956.92 7361.3472   4.0  1  1
12 12 1008.00 1008.00 7358.3449   4.0  1  1
12 12 1093.03 1093.03 7353.293   4.0  1  1
12 12 1133.77 1133.77 7350.814   4.0  1  1
12 12 1178.93 1178.93 7348.053   4.0  1  1
12 12 1206.03 1206.03 7346.3428   4.0  1  1
12 12 1221.95 1221.95 7345.3996   4.0  1  1
12 12 1267.12 1267.12 7342.5769   4.0  1  1
12 12 1289.96 1289.96 7341.1515   4.0  1  1
12 12 1314.07 1314.07 7339.6035   4.0  1  1
12 12 1377.99 1377.99 7335.5772   4.0  1  1
12 12 1472.08 1472.08 7329.4916   4.0  1  1
12 12 1490.22 1490.22 7328.285   4.0  1  1
12 12 1523.14 1523.14 7326.1491   4.0  1  1
12 12 1543.11 1543.11 7324.8073   4.0  1  1
12 12 1567.91 1567.91 7323.2106   4.0  1  1
12 12 1674.88 1674.88 7316.005   4.0  1  1
12 12 1688.77 1688.77 7315.0661   4.0  1  1
12 12 1737.90 1737.90 7311.7159   4.0  1  1
12 12 1829.20 1829.20 7305.4043   4.0  1  1
13 13  154.13  154.13 7316.005   4.0  1  1
13 13  174.33  174.33 7315.0661   4.0  1  1
13 13  243.92  243.92 7311.7159   4.0  1  1
13 13  371.13  371.13 7305.4043   4.0  1  1
13 13  513.97  513.97 7298.1434   4.0  1  1
13 13  549.95  549.95 7296.2659   4.0  1  1
13 13  750.04  750.04 7285.4437   4.0  1  1
13 13  760.02  760.02 7284.9033   4.0  1  1
13 13  970.07  970.07 7272.9359   4.0  1  0
13 13 1010.26 1010.26 7270.6636   4.0  1  1
13 13 1102.96 1102.96 7265.1724   4.0  1  1
13 13 1218.09 1218.09 7258.177   4.0  1  1
13 13 1238.01 1238.01 7256.986   4.0  1  1
13 13 1264.09 1264.09 7255.3541   4.0  1  1
13 13 1290.86 1290.86 7253.676   4.0  1  1
13 13 1341.16 1341.16 7250.5895   4.0  1  1
13 13 1411.15 1411.15 7246.1277   4.0  1  1
13 13 1433.93 1433.93 7244.6965   4.0  1  1
13 13 1474.14 1474.14 7242.0919   4.0  1  1
13 13 1504.02 1504.02 7240.1848   4.0  1  1
13 13 1605.92 1605.92 7233.5365   4.0  1  1
13 13 1645.86 1645.86 7230.8623   4.0  1  1
13 13 1659.68 1659.68 7229.938   4.0  1  1
13 13 1731.41 1731.41 7225.1099   4.0  1  1
13 13 1792.29 1792.29 7220.9809   4.0  1  1
13 13 1818.97 1818.97 7219.1515   4.0  1  1
13 13 1835.01 1835.01 7218.0542   4.0  1  1
13 13 1912.07 1912.07 7212.6896   4.0  1  1
14 14   77.90   77.90 7233.5365   4.0  1  1
14 14  135.14  135.14 7230.8623   4.0  1  1
14 14  154.91  154.91 7229.938   4.0  1  1
14 14  256.22  256.22 7225.1099   4.0  1  1
14 14  340.90  340.90 7220.9809   4.0  1  1
14 14  378.08  378.08 7219.1515   4.0  1  1
14 14  400.68  400.68 7218.0542   4.0  1  1
14 14  505.98  505.98 7212.6896   4.0  1  1
14 14  595.99  595.99 7208.0063   4.0  1  1
14 14  615.13  615.13 7206.9804   4.0  1  1
14 14  624.97  624.97 7206.483   4.0  1  1
14 14  699.15  699.15 7202.5166   4.0  1  1
14 14  705.09  705.09 7202.191   4.0  1  1
14 14  711.92  711.92 7201.8091   4.0  1  1
14 14  745.00  745.00 7200.0454   4.0  1  1
14 14  905.03  905.03 7191.1328   4.0  1  1
14 14  951.11  951.11 7188.532   4.0  1  1
14 14 1153.14 1153.14 7176.7213   4.0  1  1
14 14 1161.96 1161.96 7176.186   4.0  1  1
14 14 1209.00 1209.00 7173.3725   4.0  1  1
14 14 1258.97 1258.97 7170.3607   4.0  1  1
14 14 1283.14 1283.14 7168.8952   4.0  1  1
14 14 1310.16 1310.16 7167.2028   4.0  1  1
14 14 1384.94 1384.94 7162.5569   4.0  1  1
14 14 1426.56 1426.56 7159.947   4.0  1  1
14 14 1443.96 1443.96 7158.8387   4.0  1  1
14 14 1473.96 1473.96 7156.9416   4.0  1  1
14 14 1526.19 1526.19 7153.5877   4.0  1  1
14 14 1577.15 1577.15 7150.2844   4.0  1  1
14 14 1603.93 1603.93 7148.5589   4.0  1  1
14 14 1627.07 1627.07 7147.0416   4.0  1  1
14 14 1698.25 1698.25 7142.331   4.0  1  1
14 14 1726.54 1726.54 7140.4617   4.0  1  1
14 14 1842.81 1842.81 7132.61   4.0  1  1
14 14 1860.99 1860.99 7131.3586   4.0  1  1
14 14 1870.31 1870.31 7130.7236   4.0  1  1
14 14 1877.93 1877.93 7130.1846   4.0  1  1
15 15   58.52   58.52 7150.2844   4.0  1  1
15 15   96.74   96.74 7148.5589   4.0  1  1
15 15  130.17  130.17 7147.0416   4.0  1  1
15 15  231.18  231.18 7142.331   4.0  1  1
15 15  270.20  270.20 7140.4617   4.0  1  1
15 15  431.29  431.29 7132.61   4.0  1  1
15 15  456.04  456.04 7131.3586   4.0  1  1
15 15  469.09  469.09 7130.7236   4.0  1  1
15 15  478.72  478.72 7130.1846   4.0  1  1
15 15  565.00  565.00 7125.82   4.0  1  1
15 15  588.97  588.97 7124.5607   4.0  1  1
15 15  807.74  807.74 7112.9189   4.0  1  1
15 15  863.08  863.08 7109.8602   4.0  1  1
15 15  876.08  876.08 7109.1819   4.0  1  1
15 15  905.99  905.99 7107.4778   4.0  1  1
15 15 1028.93 1028.93 7100.5144   4.0  1  1
15 15 1219.82 1219.82 7089.3395   4.0  1  1
15 15 1228.08 1228.08 7088.8232   4.0  1  1
15 15 1263.29 1263.29 7086.7044   4.0  1  1
15 15 1305.07 1305.07 7084.169   4.0  1  1
15 15 1415.86 1415.86 7077.369   4.0  1  1
15 15 1448.14 1448.14 7075.3336   4.0  1  1
15 15 1465.34 1465.34 7074.2563   4.0  1  1
15 15 1495.02 1495.02 7072.3939   4.0  1  1
15 15 1509.25 1509.25 7071.48   4.0  1  1
15 15 1515.93 1515.93 7071.0942   4.0  1  1
15 15 1552.64 1552.64 7068.7358   4.0  1  1
15 15 1576.76 1576.76 7067.2181   4.0  1  1
15 15 1619.10 1619.10 7064.4515   4.0  1  1
15 15 1666.16 1666.16 7061.3942   4.0  1  1
15 15 1677.63 1677.63 7060.6538   4.0  1  1
15 15 1687.02 1687.02 7060.0417   4.0  1  1
15 15 1694.74 1694.74 7059.5253   4.0  1  1
15 15 1710.65 1710.65 7058.4895   4.0  1  1
15 15 1772.10 1772.10 7054.4177   4.0  1  1
15 15 1784.01 1784.01 7053.6196   4.0  1  1
15 15 1900.00 1900.00 7045.797   4.0  1  1
16 16   44.42   44.42 7068.7358   4.0  1  1
16 16  139.82  139.82 7064.4515   4.0  1  1
16 16  206.30  206.30 7061.3942   4.0  1  1
16 16  222.00  222.00 7060.6538   4.0  1  1
16 16  235.03  235.03 7060.0417   4.0  1  1
16 16  246.83  246.83 7059.5253   4.0  1  1
16 16  268.92  268.92 7058.4895   4.0  1  1
16 16  353.87  353.87 7054.4177   4.0  1  1
16 16  369.92  369.92 7053.6196   4.0  1  1
16 16  527.97  527.97 7045.797   4.0  1  1
16 16  666.00  666.00 7038.7202   4.0  1  1
16 16  712.05  712.05 7036.2831   4.0  1  1
16 16  774.74  774.74 7032.931   4.0  1  1
16 16  824.99  824.99 7030.2514   4.0  1  1
16 16  865.89  865.89 7028.0228   4.0  1  1
16 16  893.88  893.88 7026.4616   4.0  1  1
16 16  987.03  987.03 7021.2832   4.0  1  1
16 16 1000.98 1000.98 7020.4841   4.0  1  1
16 16 1034.99 1034.99 7018.5675   4.0  1  1
16 16 1092.02 1092.02 7015.3172   4.0  1  1
16 16 1098.30 1098.30 7014.9689   4.0  1  1
16 16 1232.92 1232.92 7007.0961   4.0  1  1
16 16 1303.01 1303.01 7002.8829   4.0  1  1
16 16 1337.79 1337.79 7000.8036   4.0  1  1
16 16 1356.96 1356.96 6999.6238   4.0  1  1
16 16 1404.08 1404.08 6996.7573   4.0  1  1
16 16 1449.09 1449.09 6993.9873   4.0  1  1
16 16 1464.05 1464.05 6993.0371   4.0  1  1
16 16 1469.96 1469.96 6992.6966   4.0  1  1
16 16 1477.40 1477.40 6992.2126   4.0  1  1
16 16 1518.22 1518.22 6989.6553   4.0  1  1
16 16 1576.02 1576.02 6986.0298   4.0  1  1
16 16 1584.86 1584.86 6985.4718   4.0  1  1
16 16 1653.26 1653.26 6981.0831   4.0  1  1
16 16 1833.20 1833.20 6969.2976   4.0  1  1
16 16 1891.22 1891.22 6965.4307   4.0  1  1
17 17   16.28   16.28 6989.6553   4.0  1  1
17 17   97.78   97.78 6986.0298   4.0  1  0
17 17  111.16  111.16 6985.4718   4.0  1  1
17 17  208.31  208.31 6981.0831   4.0  1  1
17 17  455.86  455.86 6969.2976   4.0  1  1
17 17  595.88  595.88 6962.3117   4.0  1  1
17 17  637.02  637.02 6960.25   4.0  1  1
17 17  732.13  732.13 6955.315   4.0  1  1
17 17  743.96  743.96 6954.656   4.0  1  1
17 17  777.12  777.12 6952.9666   4.0  1  1
17 17  901.84  901.84 6946.2134   4.0  1  1
17 17  914.98  914.98 6945.4902   4.0  1  1
17 17  949.01  949.01 6943.6105   4.0  1  1
17 17  969.02  969.02 6942.538   4.0  1  1
17 17 1055.98 1055.98 6937.6642   4.0  1  1
17 17 1073.96 1073.96 6936.6528   4.0  1  1
17 17 1274.81 1274.81 6925.0094   4.0  1  1
17 17 1358.05 1358.05 6920.0394   4.0  1  1
17 17 1422.65 1422.65 6916.1289   4.0  1  1
17 17 1445.97 1445.97 6914.7127   4.0  1  1
17 17 1502.27 1502.27 6911.2264   4.0  1  1
17 17 1524.89 1524.89 6909.8491   4.0  1  1
17 17 1538.49 1538.49 6908.9905   4.0  1  1
17 17 1646.04 1646.04 6902.2105   4.0  1  1
17 17 1668.56 1668.56 6900.7632   4.0  1  1
17 17 1800.64 1800.64 6892.2502   4.0  1  1
17 17 1845.48 1845.48 6889.3032   4.0  1  1
17 17 1862.56 1862.56 6888.1742   4.0  1  1
17 17 1878.95 1878.95 6887.0881   4.0  1  1
17 17 1889.12 1889.12 6886.4082   4.0  1  1
18 18   14.20   14.20 6911.2264   4.0  1  1
18 18   46.49   46.49 6909.8491   4.0  1  1
18 18   66.35   66.35 6908.9905   4.0  1  1
18 18  218.51  218.51 6902.2105   4.0  1  1
18 18  249.00  249.00 6900.7632   4.0  1  1
18 18  389.80  389.80 6894.2303   4.0  1  1
18 18  431.17  431.17 6892.2502   4.0  1  1
18 18  492.06  492.06 6889.3032   4.0  1  1
18 18  514.93  514.93 6888.1742   4.0  1  1
18 18  536.28  536.28 6887.0881   4.0  1  1
18 18  549.87  549.87 6886.4082   4.0  1  1
18 18  622.01  622.01 6882.8114   4.0  1  1
18 18  685.18  685.18 6879.5824   4.0  1  1
18 18  778.89  778.89 6874.753   4.0  1  1
18 18  844.00  844.00 6871.2891   4.0  1  1
18 18  896.99  896.99 6868.4508   4.0  1  1
18 18  928.01  928.01 6866.7634   4.0  1  1
18 18  935.02  935.02 6866.3666   4.0  1  1
18 18  986.99  986.99 6863.535   4.0  1  1
18 18  999.11  999.11 6862.8685   4.0  1  1
18 18 1028.01 1028.01 6861.2688   4.0  1  1
18 18 1127.86 1127.86 6855.6891   4.0  1  1
18 18 1134.00 1134.00 6855.315   4.0  1  1
18 18 1148.94 1148.94 6854.5128   4.0  1  1
18 18 1155.01 1155.01 6854.1093   4.0  1  1
18 18 1165.72 1165.72 6853.5234   4.0  1  1
18 18 1186.27 1186.27 6852.3545   4.0  1  1
18 18 1193.98 1193.98 6851.8842   4.0  1  1
18 18 1286.93 1286.93 6846.479   4.0  1  1
18 18 1408.49 1408.49 6839.2949   4.0  1  1
18 18 1480.40 1480.40 6834.9246   4.0  1  1
18 18 1513.55 1513.55 6832.8927   4.0  1  1
18 18 1576.13 1576.13 6829.0355   4.0  1  1
18 18 1604.99 1604.99 6827.2488   4.0  1  1
18 18 1646.07 1646.07 6824.6774   4.0  1  1
18 18 1664.55 1664.55 6823.5084   4.0  1  1
18 18 1788.44 1788.44 6815.6123   4.0  1  1
18 18 1832.12 1832.12 6812.7752   4.0  1  1
18 18 1836.60 1836.60 6812.4915   4.0  1  1
18 18 1866.14 1866.14 6810.5494   4.0  1  1
18 18 1884.79 1884.79 6809.3173   4.0  1  1
18 18 1896.91 1896.91 6808.5311   4.0  1  1
18 18 1915.48 1915.48 6807.319   4.0  1  1
19 19   52.12   52.12 6832.8927   4.0  1  1
19 19  132.49  132.49 6829.3472   4.0  1  1
19 19  139.72  139.72 6829.0355   4.0  1  1
19 19  180.12  180.12 6827.2488   4.0  1  1
19 19  237.06  237.06 6824.6774   4.0  1  1
19 19  262.92  262.92 6823.5084   4.0  1  1
19 19  431.86  431.86 6815.6123   4.0  1  1
19 19  491.99  491.99 6812.7752   4.0  1  1
19 19  498.21  498.21 6812.4915   4.0  1  1
19 19  537.10  537.10 6810.5494   4.0  1  1
19 19  562.07  562.07 6809.3173   4.0  1  1
19 19  578.06  578.06 6808.5311   4.0  1  1
19 19  603.13  603.13 6807.319   4.0  1  1
19 19  739.15  739.15 6800.4645   4.0  1  0
19 19  775.94  775.94 6798.4868   4.0  1  1
19 19  827.76  827.76 6795.7982   4.0  1  1
19 19  914.00  914.00 6791.2351   4.0  1  1
19 19  958.96  958.96 6788.8403   4.0  1  1
19 19  979.01  979.01 6787.7364   4.0  1  1
19 19 1112.02 1112.02 6780.4131   4.0  1  1
19 19 1117.04 1117.04 6780.1252   4.0  1  1
19 19 1149.00 1149.00 6778.3123   4.0  1  1
19 19 1241.09 1241.09 6773.0973   4.0  1  1
19 19 1256.55 1256.55 6772.1745   4.0  1  1
19 19 1292.91 1292.91 6770.1069   4.0  1  1
19 19 1352.32 1352.32 6766.6117   4.0  1  1
19 19 1493.63 1493.63 6758.2035   4.0  1  1
19 19 1511.72 1511.72 6757.1092   4.0  1  1
19 19 1522.29 1522.29 6756.4528   4.0  1  1
19 19 1568.14 1568.14 6753.6598   4.0  1  1
19 19 1581.78 1581.78 6752.8335   4.0  1  1
19 19 1604.61 1604.61 6751.4267   4.0  1  1
19 19 1689.42 1689.42 6746.1355   4.0  1  1
19 19 1741.29 1741.29 6742.8845   4.0  1  1
19 19 1756.45 1756.45 6741.9212   4.0  1  1
19 19 1815.09 1815.09 6738.18   4.0  1  1
19 19 1883.75 1883.75 6733.7488   4.0  1  1
19 19 1900.68 1900.68 6732.6491   4.0  1  1
slope 0
# Sun 20:03:23 30-Jul-2006
begin	ecidentify refCalib_UVES_red_r_860_1931x20
	id	refCalib_UVES_red_r_860_1931x20
	task	ecidentify
	image	refCalib_UVES_red_r_860_1931x20
	units	angstroms
	features	605
		  1   72    66.14  8539.80594    8539.793   4.0  1  1
		  1   72   474.01   8516.5485   8516.5542   4.0  1  1
		  1   72   550.65  8511.89439   8511.9091   4.0  1  1
		  1   72   570.96  8510.64621    8510.624   4.0  1  1
		  1   72   729.81   8500.6672   8500.6797   4.0  1  1
		  1   72   888.76  8490.30172   8490.3065   4.0  1  1
		  1   72  1064.89  8478.37472    8478.358   4.0  1  1
		  1   72  1158.97  8471.81554    8471.826   4.0  1  1
		  1   72  1245.32  8465.67996   8465.6706   4.0  1  1
		  1   72  1265.20   8464.2519   8464.2367   4.0  1  1
		  1   72  1373.80  8456.34867   8456.3468   4.0  1  1
		  1   72  1449.69  8450.72299   8450.6754   4.0  1  0
		  1   72  1505.80  8446.50989   8446.5116   4.0  1  1
		  1   72  1519.18  8445.49847    8445.487   4.0  1  1
		  1   72  1688.37  8432.48572   8432.4935   4.0  1  1
		  1   72  1830.61  8421.22639   8421.2254   4.0  1  1
		  1   72  1870.73  8417.99825   8417.9982   4.0  1  1
		  1   72  1886.36  8416.73441   8416.7269   4.0  1  1
		  2   73    96.81   8421.2184   8421.2254   4.0  1  1
		  2   73   156.14  8418.01114   8417.9982   4.0  1  1
		  2   73   179.68  8416.72409   8416.7269   4.0  1  1
		  2   73   266.23  8411.91817   8411.9172   4.0  1  1
		  2   73   408.07  8403.79624   8403.7965   4.0  1  1
		  2   73   438.99  8401.98545    8401.989   4.0  1  1
		  2   73   503.32  8398.17196    8398.178   4.0  1  1
		  2   73   661.10  8388.55457   8388.5363   4.0  1  1
		  2   73   684.25  8387.11239   8387.1053   4.0  1  1
		  2   73   706.17  8385.73979    8385.728   4.0  1  1
		  2   73   722.13  8384.73527    8384.724   4.0  1  1
		  2   73   808.91  8379.20863   8379.2261   4.0  1  1
		  2   73   959.97  8369.32304   8369.3404   4.0  1  1
		  2   73   989.04  8367.38192   8367.3936   4.0  1  1
		  2   73  1008.38  8366.08354   8366.0741   4.0  1  1
		  2   73  1090.97  8360.47787   8360.4915   4.0  1  1
		  2   73  1116.32  8358.73727    8358.726   4.0  1  1
		  2   73  1155.04   8356.0603   8356.0627   4.0  1  1
		  2   73  1360.90  8341.46357    8341.477   4.0  1  1
		  2   73  1439.90  8335.69962   8335.7067   4.0  1  1
		  2   73  1486.92  8332.22594     8332.21   4.0  1  1
		  2   73  1510.85  8330.44585   8330.4494   4.0  1  1
		  2   73  1637.98   8320.8529   8320.8554   4.0  1  1
		  2   73  1757.38  8311.63367   8311.6306   4.0  1  1
		  2   73  1849.02  8304.42124   8304.4244   4.0  1  1
		  3   74    16.96  8311.62331   8311.6306   4.0  1  1
		  3   74   153.74  8304.41551   8304.4244   4.0  1  1
		  3   74   286.06  8297.17377   8297.1765   4.0  1  1
		  3   74   315.27  8295.53973   8295.5497   4.0  1  1
		  3   74   368.08  8292.55309   8292.5272   4.0  1  1
		  3   74   440.16  8288.40894   8288.4143   4.0  1  1
		  3   74   654.74  8275.61573   8275.6266   4.0  1  1
		  3   74   886.91   8261.0099   8261.0143   4.0  1  1
		  3   74   910.07  8259.50965    8259.511   4.0  1  1
		  3   74   982.94  8254.73813   8254.7422   4.0  1  1
		  3   74   999.93   8253.6149   8253.6156   4.0  1  1
		  3   74  1018.05  8252.41183   8252.3936   4.0  1  1
		  3   74  1273.74  8234.93393   8234.9381   4.0  1  1
		  3   74  1323.90  8231.39495   8231.4069   4.0  1  1
		  3   74  1519.96  8217.21998   8217.2264   4.0  1  1
		  3   74  1561.47  8214.14891   8214.1472   4.0  1  1
		  3   74  1624.32  8209.45299   8209.4461   4.0  1  1
		  3   74  1650.60    8207.473   8207.4785   4.0  1  1
		  3   74  1720.69   8202.1449   8202.1469   4.0  1  1
		  3   74  1768.80  8198.44801    8198.442   4.0  1  1
		  3   74  1821.20  8194.38462   8194.3943   4.0  1  1
		  3   74  1865.94  8190.88522   8190.8849   4.0  1  1
		  3   74  1916.24  8186.91769   8186.9113   4.0  1  1
		  4   75    63.73  8198.43178    8198.442   4.0  1  1
		  4   75   141.20  8194.38422   8194.3943   4.0  1  1
		  4   75   206.55  8190.90018   8190.8849   4.0  1  1
		  4   75   280.02  8186.90741   8186.9113   4.0  1  1
		  4   75   452.92  8177.19527   8177.1788   4.0  1  1
		  4   75   580.00  8169.77681   8169.7865   4.0  1  1
		  4   75   636.05  8166.42958   8166.4477   4.0  1  1
		  4   75   691.02   8163.1023    8163.121   4.0  1  1
		  4   75   746.02  8159.72962   8159.7277   4.0  1  1
		  4   75   781.85  8157.50875   8157.5434   4.0  1  1
		  4   75   862.98  8152.41144   8152.3818   4.0  1  1
		  4   75   905.15  8149.72446   8149.7021   4.0  1  1
		  4   75  1007.00  8143.12981    8143.138   4.0  1  1
		  4   75  1055.97  8139.90596   8139.9032   4.0  1  1
		  4   75  1077.56  8138.47369   8138.4753   4.0  1  1
		  4   75  1212.08  8129.40089   8129.4051   4.0  1  1
		  4   75  1308.88  8122.71371   8122.7234   4.0  1  1
		  4   75  1359.19  8119.18599   8119.1811   4.0  1  1
		  4   75  1704.01  8094.05563   8094.0559   4.0  1  1
		  4   75  1709.82  8093.61831   8093.6238   4.0  1  1
		  4   75  1728.08  8092.23984   8092.2373   4.0  1  1
		  4   75  1764.45  8089.48102   8089.4852   4.0  1  1
		  4   75  1820.16  8085.21993    8085.219   4.0  1  1
		  4   75  1891.84  8079.67478     8079.68   4.0  1  1
		  5   76     3.72     8093.62   8093.6238   4.0  1  1
		  5   76    31.19  8092.23841   8092.2373   4.0  1  1
		  5   76    85.57  8089.46988   8089.4852   4.0  1  1
		  5   76   167.27  8085.22868    8085.219   4.0  1  1
		  5   76   344.93  8075.66683   8075.6518   4.0  1  1
		  5   76   574.09  8062.65348   8062.6304   4.0  1  1
		  5   76   711.10  8054.51015   8054.5355   4.0  1  1
		  5   76   731.00  8053.30503   8053.3085   4.0  1  1
		  5   76   774.87  8050.62813    8050.648   4.0  1  1
		  5   76   847.95  8046.10781   8046.1169   4.0  1  1
		  5   76   988.06  8037.22902   8037.2183   4.0  1  1
		  5   76  1061.99  8032.43241   8032.4313   4.0  1  1
		  5   76  1096.00  8030.19937   8030.2004   4.0  1  1
		  5   76  1156.04  8026.21852   8026.2135   4.0  1  1
		  5   76  1163.14  8025.74472   8025.7271   4.0  1  1
		  5   76  1185.39  8024.25405    8024.253   4.0  1  1
		  5   76  1215.37  8022.23498   8022.2014   4.0  1  1
		  5   76  1284.64  8017.52188   8017.5275   4.0  1  1
		  5   76  1533.52  8000.03874   8000.0449   4.0  1  1
		  5   76  1621.09  7993.68431   7993.6808   4.0  1  1
		  5   76  1652.71  7991.36399   7991.3655   4.0  1  1
		  5   76  1698.61  7987.97157   7987.9731   4.0  1  1
		  5   76  1788.88  7981.21589   7981.2262   4.0  1  1
		  5   76  1818.54  7978.97222   7978.9731   4.0  1  1
		  5   76  1881.64  7974.15921   7974.1592   4.0  1  1
		  5   76  1902.00  7972.59502    7972.596   4.0  1  1
		  6   77    14.99  7987.97814   7987.9731   4.0  1  1
		  6   77   148.55  7981.22163   7981.2262   4.0  1  1
		  6   77   191.98  7978.96856   7978.9731   4.0  1  1
		  6   77   283.00  7974.15791   7974.1592   4.0  1  1
		  6   77   312.02  7972.59867    7972.596   4.0  1  1
		  6   77   591.01  7956.99192    7956.974   4.0  1  1
		  6   77   632.03  7954.60373   7954.5923   4.0  1  1
		  6   77   846.84  7941.70614   7941.7259   4.0  1  1
		  6   77   910.99  7937.72804   7937.7335   4.0  1  1
		  6   77  1098.82  7925.75022   7925.7478   4.0  1  1
		  6   77  1110.83  7924.96819   7924.9914   4.0  1  1
		  6   77  1239.85  7916.43483    7916.442   4.0  1  1
		  6   77  1474.70  7900.31509     7900.32   4.0  1  1
		  6   77  1484.56  7899.62178   7899.6229   4.0  1  1
		  6   77  1529.42   7896.4512   7896.4528   4.0  1  1
		  6   77  1569.04   7893.6281   7893.6191   4.0  1  1
		  6   77  1604.66  7891.07188    7891.075   4.0  1  1
		  6   77  1670.82   7886.2786    7886.283   4.0  1  1
		  6   77  1795.60  7877.07824   7877.0756   4.0  1  1
		  6   77  1817.26  7875.45979   7875.4626   4.0  1  1
		  6   77  1854.97  7872.62724   7872.6316   4.0  1  1
		  6   77  1913.37  7868.20323   7868.1946   4.0  1  1
		  7   78   185.07  7877.05684   7877.0756   4.0  1  1
		  7   78   216.19  7875.44917   7875.4626   4.0  1  1
		  7   78   270.22  7872.62582   7872.6316   4.0  1  1
		  7   78   352.96  7868.22074   7868.1946   4.0  1  1
		  7   78   394.14  7865.99174   7865.9698   4.0  1  1
		  7   78   430.09  7864.02663   7864.0218   4.0  1  1
		  7   78   468.10   7861.9286    7861.911   4.0  1  1
		  7   78   704.05  7848.44966   7848.4547   4.0  1  1
		  7   78   719.86  7847.51829   7847.5394   4.0  1  1
		  7   78   808.00  7842.26329   7842.2656   4.0  1  1
		  7   78   816.02  7841.77976   7841.7911   4.0  1  1
		  7   78   902.99  7836.47888   7836.4597   4.0  1  1
		  7   78   917.01  7835.61479   7835.6209   4.0  1  1
		  7   78   935.94  7834.44287   7834.4578   4.0  1  1
		  7   78  1126.01  7822.40815   7822.3877   4.0  1  1
		  7   78  1197.05  7817.78269   7817.7669   4.0  1  1
		  7   78  1221.99  7816.14261   7816.1534   4.0  1  1
		  7   78  1249.42  7814.32909    7814.323   4.0  1  1
		  7   78  1255.02  7813.95759   7813.9729   4.0  1  1
		  7   78  1262.13  7813.48519   7813.4761   4.0  1  1
		  7   78  1305.08  7810.61718   7810.6245   4.0  1  1
		  7   78  1484.57  7798.36234   7798.3579   4.0  1  1
		  7   78  1618.51  7788.93535   7788.9342   4.0  1  1
		  7   78  1635.04  7787.75551   7787.8002   4.0  1  0
		  7   78  1710.63  7782.31287   7782.3165   4.0  1  1
		  7   78  1763.15  7778.48671   7778.4922   4.0  1  1
		  7   78  1788.01  7776.66299   7776.6727   4.0  1  1
		  7   78  1851.84   7771.9426   7771.9468   4.0  1  1
		  8   79    86.21  7782.32374   7782.3165   4.0  1  1
		  8   79   163.08    7778.486   7778.4922   4.0  1  1
		  8   79   198.70  7776.67959   7776.6727   4.0  1  1
		  8   79   290.08   7771.9627   7771.9468   4.0  1  1
		  8   79   463.14  7762.70689    7762.732   4.0  1  1
		  8   79   480.88   7761.7342   7761.7133   4.0  1  1
		  8   79   791.74  7743.98272   7743.9552   4.0  1  1
		  8   79   816.01  7742.54056   7742.5628   4.0  1  1
		  8   79  1038.06  7728.97115    7728.951   4.0  1  1
		  8   79  1160.06  7721.23068   7721.2023   4.0  1  1
		  8   79  1272.07  7713.94706   7713.9378   4.0  1  1
		  8   79  1295.30  7712.41541    7712.405   4.0  1  1
		  8   79  1327.76  7710.26258   7710.2692   4.0  1  1
		  8   79  1409.00  7704.81418   7704.8169   4.0  1  1
		  8   79  1425.69  7703.68364    7703.685   4.0  1  1
		  8   79  1463.50  7701.10965   7701.1081   4.0  1  1
		  8   79  1483.07  7699.76977   7699.7794   4.0  1  1
		  8   79  1488.25  7699.41428   7699.4034   4.0  1  1
		  8   79  1569.14  7693.81673   7693.8016   4.0  1  1
		  8   79  1598.26  7691.78053   7691.7706   4.0  1  1
		  8   79  1689.84  7685.30409   7685.3075   4.0  1  1
		  8   79  1721.75    7683.021   7683.0189   4.0  1  1
		  8   79  1789.60  7678.12344   7678.1267   4.0  1  1
		  8   79  1815.77  7676.21823   7676.2195   4.0  1  1
		  8   79  1869.85   7672.2533   7672.2552   4.0  1  1
		  8   79  1899.58  7670.05707   7670.0575   4.0  1  1
		  8   79  1914.27  7668.96787   7668.9608   4.0  1  1
		  9   80    81.16  7685.31569   7685.3075   4.0  1  1
		  9   80   128.09  7683.01533   7683.0189   4.0  1  1
		  9   80   225.97  7678.11788   7678.1267   4.0  1  1
		  9   80   263.10    7676.225   7676.2195   4.0  1  1
		  9   80   340.09  7672.23878   7672.2552   4.0  1  1
		  9   80   381.79  7670.04531   7670.0575   4.0  1  1
		  9   80   401.91  7668.97809   7668.9608   4.0  1  1
		  9   80   446.94  7666.56983   7666.5679   4.0  1  1
		  9   80   551.06  7660.89441   7660.8903   4.0  1  1
		  9   80   566.99   7660.0126   7660.0234   4.0  1  1
		  9   80   597.14  7658.33479   7658.3246   4.0  1  1
		  9   80   661.28  7654.72361   7654.6998   4.0  1  1
		  9   80   677.01  7653.82938   7653.8284   4.0  1  1
		  9   80   713.28  7651.75461   7651.7451   4.0  1  1
		  9   80   789.01  7647.36475   7647.3794   4.0  1  1
		  9   80   933.48  7638.77411   7638.7805   4.0  1  1
		  9   80   956.86  7637.35787   7637.3852   4.0  1  1
		  9   80  1041.43  7632.17161   7632.1305   4.0  1  0
		  9   80  1071.25  7630.32012   7630.3106   4.0  1  1
		  9   80  1094.16  7628.88955   7628.8818   4.0  1  1
		  9   80  1121.64  7627.16429   7627.1749   4.0  1  1
		  9   80  1145.00  7625.68999   7625.7053   4.0  1  1
		  9   80  1232.93  7620.07433   7620.0773   4.0  1  1
		  9   80  1259.88  7618.33316   7618.3443   4.0  1  1
		  9   80  1419.25  7607.83714    7607.823   4.0  1  1
		  9   80  1561.22  7598.20592   7598.2054   4.0  1  1
		  9   80  1689.03  7589.31029   7589.3151   4.0  1  1
		  9   80  1739.11  7585.76679     7585.74   4.0  1  1
		  9   80  1911.23  7573.34137   7573.3437   4.0  1  1
		 10   81   104.86  7589.31587   7589.3151   4.0  1  1
		 10   81   421.04  7573.31545   7573.3437   4.0  1  1
		 10   81   463.95  7571.03813   7571.0326   4.0  1  1
		 10   81   472.94  7570.55779    7570.559   4.0  1  1
		 10   81   491.80  7569.54662   7569.5115   4.0  1  1
		 10   81   525.22  7567.74287   7567.7417   4.0  1  1
		 10   81   548.01  7566.50412   7566.5296   4.0  1  1
		 10   81   559.98  7565.85071   7565.8515   4.0  1  1
		 10   81   747.96  7555.33419   7555.3254   4.0  1  1
		 10   81   851.99  7549.30993   7549.3138   4.0  1  1
		 10   81  1050.31  7537.42407   7537.4287   4.0  1  1
		 10   81  1066.72  7536.41738   7536.4365   4.0  1  1
		 10   81  1151.92  7531.13206   7531.1437   4.0  1  1
		 10   81  1194.00  7528.48645   7528.4892   4.0  1  1
		 10   81  1241.05    7525.501   7525.5079   4.0  1  1
		 10   81  1278.06  7523.13232   7523.1347   4.0  1  1
		 10   81  1345.15  7518.79246   7518.7824   4.0  1  1
		 10   81  1451.32   7511.8047   7511.7902   4.0  1  1
		 10   81  1458.33  7511.33823   7511.3498   4.0  1  1
		 10   81  1472.11  7510.41922   7510.4082   4.0  1  1
		 10   81  1501.08  7508.47941   7508.4787   4.0  1  1
		 10   81  1616.24  7500.66049   7500.6556   4.0  1  1
		 10   81  1640.19   7499.0132   7499.0024   4.0  1  1
		 10   81  1690.02   7495.5615   7495.5641   4.0  1  1
		 10   81  1720.65  7493.42393   7493.4276   4.0  1  1
		 10   81  1798.00  7487.97357   7487.9738   4.0  1  1
		 10   81  1849.07  7484.33255   7484.3267   4.0  1  1
		 10   81  1858.93  7483.62617   7483.6256   4.0  1  1
		 10   81  1890.48  7481.35616   7481.3545   4.0  1  1
		 11   82    22.97  7500.65773   7500.6556   4.0  1  1
		 11   82    58.03   7499.0117   7499.0024   4.0  1  1
		 11   82   130.42  7495.55946   7495.5641   4.0  1  1
		 11   82   174.43  7493.42551   7493.4276   4.0  1  1
		 11   82   284.82  7487.95675   7487.9738   4.0  1  1
		 11   82   356.08   7484.3384   7484.3267   4.0  1  1
		 11   82   370.04  7483.62149   7483.6256   4.0  1  1
		 11   82   414.02  7481.34566   7481.3545   4.0  1  1
		 11   82   604.97  7471.16225   7471.1641   4.0  1  1
		 11   82   642.92  7469.08013   7469.0566   4.0  1  1
		 11   82   751.70   7463.0055    7462.991   4.0  1  1
		 11   82   771.95  7461.85699   7461.8746   4.0  1  1
		 11   82   825.88   7458.7724   7458.7541   4.0  1  1
		 11   82   887.13  7455.22249    7455.208   4.0  1  1
		 11   82  1011.99  7447.83295   7447.8488   4.0  1  1
		 11   82  1063.00  7444.75473   7444.7489   4.0  1  1
		 11   82  1132.72   7440.4928   7440.4933   4.0  1  1
		 11   82  1200.21  7436.30686    7436.297   4.0  1  1
		 11   82  1215.05  7435.37845   7435.3683   4.0  1  1
		 11   82  1296.05  7430.26093   7430.2533   4.0  1  1
		 11   82  1316.88  7428.93145   7428.9405   4.0  1  1
		 11   82  1373.42  7425.29352   7425.2942   4.0  1  1
		 11   82  1396.39  7423.80391   7423.8044   4.0  1  1
		 11   82  1419.03  7422.32907   7422.3118   4.0  1  1
		 11   82  1476.59  7418.54961   7418.5499   4.0  1  1
		 11   82  1488.06  7417.79163   7417.7908   4.0  1  1
		 11   82  1569.88  7412.33455   7412.3368   4.0  1  1
		 11   82  1578.69  7411.74214   7411.7363   4.0  1  1
		 11   82  1590.50  7410.94546   7410.9683   4.0  1  1
		 11   82  1717.87  7402.24761   7402.2521   4.0  1  1
		 11   82  1843.94  7393.43663   7393.4377   4.0  1  1
		 11   82  1850.30  7392.98646   7392.9801   4.0  1  1
		 12   83     8.01   7410.9999   7410.9683   4.0  1  1
		 12   83   193.23  7402.25689   7402.2521   4.0  1  1
		 12   83   371.00  7393.42998   7393.4377   4.0  1  1
		 12   83   379.93  7392.97564   7392.9801   4.0  1  1
		 12   83   524.03  7385.49261   7385.5006   4.0  1  1
		 12   83   618.92  7380.41458   7380.4263   4.0  1  1
		 12   83   684.01  7376.86253   7376.8772   4.0  1  1
		 12   83   768.90  7372.14594   7372.1184   4.0  1  1
		 12   83   793.06  7370.78657   7370.8255   4.0  1  0
		 12   83   956.96  7361.36131   7361.3472   4.0  1  1
		 12   83  1008.00  7358.35502   7358.3449   4.0  1  1
		 12   83  1093.00  7353.27339    7353.293   4.0  1  1
		 12   83  1133.66  7350.80936    7350.814   4.0  1  1
		 12   83  1178.89  7348.04375    7348.053   4.0  1  1
		 12   83  1206.19   7346.3615   7346.3428   4.0  1  1
		 12   83  1221.87  7345.39089   7345.3996   4.0  1  1
		 12   83  1267.11   7342.5732   7342.5769   4.0  1  1
		 12   83  1289.92   7341.1426   7341.1515   4.0  1  1
		 12   83  1314.13  7339.61668   7339.6035   4.0  1  1
		 12   83  1377.87  7335.56424   7335.5772   4.0  1  1
		 12   83  1471.95  7329.48862   7329.4916   4.0  1  1
		 12   83  1490.22   7328.2954    7328.285   4.0  1  1
		 12   83  1523.14  7326.13522   7326.1491   4.0  1  1
		 12   83  1543.11  7324.81813   7324.8073   4.0  1  1
		 12   83  1567.77  7323.18505   7323.2106   4.0  1  1
		 12   83  1674.85  7316.00385    7316.005   4.0  1  1
		 12   83  1688.72  7315.06285   7315.0661   4.0  1  1
		 12   83  1737.85   7311.7111   7311.7159   4.0  1  1
		 12   83  1829.20  7305.39977   7305.4043   4.0  1  1
		 13   84   154.22  7316.01409    7316.005   4.0  1  1
		 13   84   174.09  7315.07016   7315.0661   4.0  1  1
		 13   84   243.92  7311.71174   7311.7159   4.0  1  1
		 13   84   371.13  7305.42709   7305.4043   4.0  1  1
		 13   84   513.96  7298.11611   7298.1434   4.0  1  1
		 13   84   549.95  7296.23136   7296.2659   4.0  1  1
		 13   84   750.04  7285.44527   7285.4437   4.0  1  1
		 13   84   760.01  7284.89406   7284.9033   4.0  1  1
		 13   84   970.07  7272.98471   7272.9359   4.0  1  0
		 13   84  1010.24  7270.64269   7270.6636   4.0  1  1
		 13   84  1102.91  7265.16072   7265.1724   4.0  1  1
		 13   84  1218.09   7258.1943    7258.177   4.0  1  1
		 13   84  1238.01  7256.97243    7256.986   4.0  1  1
		 13   84  1264.09  7255.36511   7255.3541   4.0  1  1
		 13   84  1290.86   7253.7062    7253.676   4.0  1  1
		 13   84  1340.94  7250.57873   7250.5895   4.0  1  1
		 13   84  1411.15  7246.14103   7246.1277   4.0  1  1
		 13   84  1433.90  7244.68994   7244.6965   4.0  1  1
		 13   84  1474.14  7242.10691   7242.0919   4.0  1  1
		 13   84  1503.94  7240.18124   7240.1848   4.0  1  1
		 13   84  1605.83  7233.51286   7233.5365   4.0  1  1
		 13   84  1645.80  7230.86138   7230.8623   4.0  1  1
		 13   84  1659.66  7229.93734   7229.9386   4.0  1  1
		 13   84  1731.47  7225.11209   7225.1099   4.0  1  1
		 13   84  1792.19  7220.98265   7220.9809   4.0  1  1
		 13   84  1818.89  7219.15249   7219.1515   4.0  1  1
		 13   84  1834.95  7218.04703   7218.0542   4.0  1  1
		 13   84  1912.07  7212.69604   7212.6896   4.0  1  1
		 14   85    77.82  7233.50171   7233.5365   4.0  1  1
		 14   85   135.12  7230.85588   7230.8623   4.0  1  1
		 14   85   154.91   7229.9317    7229.938   4.0  1  1
		 14   85   256.22  7225.12078   7225.1099   4.0  1  1
		 14   85   340.97  7220.99288   7220.9809   4.0  1  1
		 14   85   378.08  7219.15546   7219.1515   4.0  1  1
		 14   85   400.52  7218.03557   7218.0542   4.0  1  1
		 14   85   505.98  7212.68594   7212.6896   4.0  1  1
		 14   85   596.00  7208.00526   7208.0063   4.0  1  1
		 14   85   615.13  7206.99689   7206.9804   4.0  1  1
		 14   85   624.97  7206.47645    7206.483   4.0  1  1
		 14   85   699.15  7202.51285   7202.5166   4.0  1  1
		 14   85   705.09   7202.1924    7202.191   4.0  1  1
		 14   85   711.94  7201.82224   7201.8091   4.0  1  1
		 14   85   745.00  7200.02758   7200.0454   4.0  1  1
		 14   85   905.03  7191.14233   7191.1328   4.0  1  1
		 14   85   951.08  7188.52481    7188.532   4.0  1  1
		 14   85  1153.14  7176.72304   7176.7213   4.0  1  1
		 14   85  1162.07  7176.18962    7176.186   4.0  1  1
		 14   85  1209.00  7173.36956   7173.3725   4.0  1  1
		 14   85  1258.89   7170.3415   7170.3607   4.0  1  1
		 14   85  1283.14  7168.85823   7168.8952   4.0  1  0
		 14   85  1310.07  7167.20265   7167.2028   4.0  1  1
		 14   85  1384.92  7162.55324   7162.5569   4.0  1  1
		 14   85  1426.43  7159.94489    7159.947   4.0  1  1
		 14   85  1443.96  7158.83683   7158.8387   4.0  1  1
		 14   85  1473.95  7156.93225   7156.9416   4.0  1  1
		 14   85  1526.19  7153.58869   7153.5877   4.0  1  1
		 14   85  1577.15  7150.29438   7150.2844   4.0  1  1
		 14   85  1603.90  7148.55235   7148.5589   4.0  1  1
		 14   85  1627.07   7147.0363   7147.0416   4.0  1  1
		 14   85  1698.26  7142.33735    7142.331   4.0  1  1
		 14   85  1726.40  7140.46224   7140.4617   4.0  1  1
		 14   85  1842.77   7132.6079     7132.61   4.0  1  1
		 14   85  1860.99  7131.36284   7131.3586   4.0  1  1
		 14   85  1870.31  7130.72456   7130.7236   4.0  1  1
		 14   85  1877.93  7130.20193   7130.1846   4.0  1  1
		 15   86    58.43  7150.28693   7150.2844   4.0  1  1
		 15   86    96.74  7148.55278   7148.5589   4.0  1  1
		 15   86   130.11  7147.02632   7147.0416   4.0  1  1
		 15   86   231.05  7142.32146    7142.331   4.0  1  1
		 15   86   270.20  7140.46088   7140.4617   4.0  1  1
		 15   86   431.29  7132.59663     7132.61   4.0  1  1
		 15   86   456.04   7131.3584   7131.3586   4.0  1  1
		 15   86   469.04  7130.70522   7130.7236   4.0  1  1
		 15   86   478.72  7130.21705   7130.1846   4.0  1  1
		 15   86   564.98  7125.81587     7125.82   4.0  1  1
		 15   86   588.97  7124.57468   7124.5607   4.0  1  1
		 15   86   787.94  7113.99973   7113.9879   4.0  1  1
		 15   86   807.74  7112.91967   7112.9189   4.0  1  1
		 15   86   863.08  7109.87524   7109.8602   4.0  1  1
		 15   86   876.08  7109.15447   7109.1819   4.0  1  1
		 15   86   906.00   7107.4877   7107.4778   4.0  1  1
		 15   86  1028.98   7100.5174   7100.5144   4.0  1  1
		 15   86  1219.76  7089.33111   7089.3395   4.0  1  1
		 15   86  1228.08  7088.83286   7088.8232   4.0  1  1
		 15   86  1263.29  7086.71524   7086.7044   4.0  1  1
		 15   86  1305.07  7084.18259    7084.169   4.0  1  1
		 15   86  1415.86  7077.36248    7077.369   4.0  1  1
		 15   86  1448.16  7075.34561   7075.3336   4.0  1  1
		 15   86  1465.34  7074.26783   7074.2563   4.0  1  1
		 15   86  1495.02  7072.39715   7072.3939   4.0  1  1
		 15   86  1509.42  7071.48585     7071.48   4.0  1  1
		 15   86  1515.78  7071.08212   7071.0942   4.0  1  1
		 15   86  1552.64  7068.73474   7068.7358   4.0  1  1
		 15   86  1576.76  7067.18961   7067.2181   4.0  1  1
		 15   86  1619.10  7064.46019   7064.4515   4.0  1  1
		 15   86  1666.16  7061.40094   7061.3942   4.0  1  1
		 15   86  1677.63  7060.65124   7060.6538   4.0  1  1
		 15   86  1686.96  7060.03995   7060.0417   4.0  1  1
		 15   86  1694.80  7059.52578   7059.5253   4.0  1  1
		 15   86  1710.56  7058.49016   7058.4895   4.0  1  1
		 15   86  1772.10  7054.41593   7054.4177   4.0  1  1
		 15   86  1784.01  7053.62213   7053.6196   4.0  1  1
		 15   86  1900.00  7045.80282    7045.797   4.0  1  1
		 16   87    44.43  7068.74144   7068.7358   4.0  1  1
		 16   87   139.93  7064.44946   7064.4515   4.0  1  1
		 16   87   206.30  7061.39774   7061.3942   4.0  1  1
		 16   87   222.04  7060.66546   7060.6538   4.0  1  1
		 16   87   235.11  7060.05526   7060.0417   4.0  1  1
		 16   87   246.83  7059.50615   7059.5253   4.0  1  1
		 16   87   268.92  7058.46629   7058.4895   4.0  1  1
		 16   87   353.87  7054.40911   7054.4177   4.0  1  1
		 16   87   369.93  7053.63166   7053.6196   4.0  1  1
		 16   87   527.99  7045.80554    7045.797   4.0  1  1
		 16   87   666.00  7038.71293   7038.7202   4.0  1  1
		 16   87   712.05  7036.29269   7036.2831   4.0  1  1
		 16   87   774.75  7032.95516    7032.931   4.0  1  1
		 16   87   824.98   7030.2458   7030.2514   4.0  1  1
		 16   87   865.89  7028.01562   7028.0228   4.0  1  1
		 16   87   893.95  7026.47377   7026.4616   4.0  1  1
		 16   87   916.94  7025.20353   7025.2251   4.0  1  1
		 16   87   987.03  7021.28994   7021.2832   4.0  1  1
		 16   87  1000.98  7020.50374   7020.4841   4.0  1  1
		 16   87  1034.99  7018.57665   7018.5675   4.0  1  1
		 16   87  1091.99  7015.31521   7015.3172   4.0  1  1
		 16   87  1098.24  7014.95544   7014.9689   4.0  1  1
		 16   87  1232.86   7007.0836   7007.0961   4.0  1  1
		 16   87  1303.01  7002.89347   7002.8829   4.0  1  1
		 16   87  1337.68  7000.80038   7000.8036   4.0  1  1
		 16   87  1357.07   6999.6233   6999.6238   4.0  1  1
		 16   87  1404.08  6996.75101   6996.7573   4.0  1  1
		 16   87  1449.09   6993.9756   6993.9873   4.0  1  1
		 16   87  1464.05  6993.04768   6993.0371   4.0  1  1
		 16   87  1469.89  6992.68464   6992.6966   4.0  1  1
		 16   87  1477.40  6992.21736   6992.2126   4.0  1  1
		 16   87  1518.22  6989.66511   6989.6553   4.0  1  1
		 16   87  1576.02  6986.01679   6986.0298   4.0  1  1
		 16   87  1584.86  6985.45527   6985.4718   4.0  1  1
		 16   87  1653.26  6981.07866   6981.0831   4.0  1  1
		 16   87  1833.20  6969.29764   6969.2976   4.0  1  1
		 16   87  1891.22  6965.41676   6965.4307   4.0  1  1
		 17   88    16.29  6989.66192   6989.6553   4.0  1  1
		 17   88    98.07  6986.06513   6986.0298   4.0  1  1
		 17   88   111.16  6985.48132   6985.4718   4.0  1  1
		 17   88   208.31  6981.08121   6981.0831   4.0  1  1
		 17   88   455.91  6969.32493   6969.2976   4.0  1  1
		 17   88   595.88  6962.33757   6962.3117   4.0  1  1
		 17   88   636.98  6960.23902     6960.25   4.0  1  1
		 17   88   731.98  6955.30873    6955.315   4.0  1  1
		 17   88   744.00  6954.67677    6954.656   4.0  1  1
		 17   88   775.98  6952.98668   6952.9666   4.0  1  1
		 17   88   804.04  6951.49354   6951.4776   4.0  1  1
		 17   88   901.84  6946.21354   6946.2134   4.0  1  1
		 17   88   915.00  6945.49381   6945.4902   4.0  1  1
		 17   88   949.01  6943.62474   6943.6105   4.0  1  1
		 17   88   969.01  6942.51902    6942.538   4.0  1  1
		 17   88  1055.96  6937.65373   6937.6642   4.0  1  1
		 17   88  1073.90  6936.63878   6936.6528   4.0  1  1
		 17   88  1274.81  6925.00124   6925.0094   4.0  1  1
		 17   88  1358.04  6920.03692   6920.0394   4.0  1  1
		 17   88  1422.65  6916.12595   6916.1289   4.0  1  1
		 17   88  1445.84  6914.71002   6914.7127   4.0  1  1
		 17   88  1502.27  6911.23735   6911.2264   4.0  1  1
		 17   88  1524.76  6909.84285   6909.8491   4.0  1  1
		 17   88  1538.49  6908.98839   6908.9905   4.0  1  1
		 17   88  1646.04   6902.2183   6902.2105   4.0  1  1
		 17   88  1668.56  6900.78331   6900.7632   4.0  1  1
		 17   88  1800.64  6892.24629   6892.2502   4.0  1  1
		 17   88  1845.48  6889.30128   6889.3032   4.0  1  1
		 17   88  1862.56  6888.17329   6888.1742   4.0  1  1
		 17   88  1878.95  6887.08764   6887.0881   4.0  1  1
		 17   88  1889.12  6886.41241   6886.4082   4.0  1  1
		 18   89    14.20  6911.23441   6911.2264   4.0  1  1
		 18   89    46.49  6909.84124   6909.8491   4.0  1  1
		 18   89    66.35  6908.97779   6908.9905   4.0  1  1
		 18   89   218.51  6902.19682   6902.2105   4.0  1  1
		 18   89   249.00  6900.80293   6900.7632   4.0  1  0
		 18   89   389.80  6894.21477   6894.2303   4.0  1  1
		 18   89   431.01   6892.2396   6892.2502   4.0  1  1
		 18   89   491.99  6889.27815   6889.3032   4.0  1  1
		 18   89   514.89  6888.15425   6888.1742   4.0  1  1
		 18   89   536.28  6887.09821   6887.0881   4.0  1  1
		 18   89   549.90  6886.42281   6886.4082   4.0  1  1
		 18   89   622.01  6882.80961   6882.8114   4.0  1  1
		 18   89   685.18  6879.59148   6879.5824   4.0  1  1
		 18   89   778.86  6874.72887    6874.753   4.0  1  1
		 18   89   843.99  6871.28454   6871.2891   4.0  1  1
		 18   89   896.99  6868.44352   6868.4508   4.0  1  1
		 18   89   928.01  6866.76487   6866.7634   4.0  1  1
		 18   89   935.07  6866.38128   6866.3666   4.0  1  1
		 18   89   987.02  6863.53951    6863.535   4.0  1  1
		 18   89   999.11  6862.87316   6862.8685   4.0  1  1
		 18   89  1028.01  6861.27377   6861.2688   4.0  1  1
		 18   89  1127.52  6855.68929   6855.6891   4.0  1  1
		 18   89  1134.00  6855.32167    6855.315   4.0  1  1
		 18   89  1148.09  6854.52024   6854.5128   4.0  1  1
		 18   89  1155.01  6854.12573   6854.1093   4.0  1  1
		 18   89  1165.66  6853.51749   6853.5234   4.0  1  1
		 18   89  1186.01  6852.35137   6852.3545   4.0  1  1
		 18   89  1193.98   6851.8934   6851.8842   4.0  1  1
		 18   89  1286.93   6846.4954    6846.479   4.0  1  1
		 18   89  1408.39  6839.28645   6839.2949   4.0  1  1
		 18   89  1480.40  6834.92934   6834.9246   4.0  1  1
		 18   89  1513.73  6832.89194   6832.8927   4.0  1  1
		 18   89  1576.13  6829.04235   6829.0355   4.0  1  1
		 18   89  1604.99   6827.2464   6827.2488   4.0  1  1
		 18   89  1646.07   6824.6731   6824.6774   4.0  1  1
		 18   89  1664.57  6823.50752   6823.5084   4.0  1  1
		 18   89  1788.44  6815.60196   6815.6123   4.0  1  1
		 18   89  1832.12  6812.77147   6812.7752   4.0  1  1
		 18   89  1836.30  6812.49969   6812.4915   4.0  1  1
		 18   89  1866.14   6810.5516   6810.5494   4.0  1  1
		 18   89  1884.88    6809.323   6809.3173   4.0  1  1
		 18   89  1896.92  6808.53145   6808.5311   4.0  1  1
		 18   89  1915.23  6807.32449    6807.319   4.0  1  1
		 19   90    51.03  6832.88845   6832.8927   4.0  1  1
		 19   90   132.49  6829.35014   6829.3472   4.0  1  1
		 19   90   139.72  6829.03209   6829.0355   4.0  1  1
		 19   90   180.12  6827.24286   6827.2488   4.0  1  1
		 19   90   237.07  6824.68594   6824.6774   4.0  1  1
		 19   90   262.97  6823.50975   6823.5084   4.0  1  1
		 19   90   431.86  6815.63634   6815.6123   4.0  1  1
		 19   90   491.97  6812.74882   6812.7752   4.0  1  1
		 19   90   497.97  6812.45851   6812.4915   4.0  1  1
		 19   90   537.10  6810.55203   6810.5494   4.0  1  1
		 19   90   562.07  6809.32572   6809.3173   4.0  1  1
		 19   90   578.06  6808.53642   6808.5311   4.0  1  1
		 19   90   603.07   6807.2956    6807.319   4.0  1  1
		 19   90   738.94  6800.42137   6800.4645   4.0  1  0
		 19   90   775.98  6798.50835   6798.4868   4.0  1  1
		 19   90   828.01  6795.79284   6795.7982   4.0  1  1
		 19   90   914.00  6791.23369   6791.2351   4.0  1  1
		 19   90   958.90  6788.81762   6788.8403   4.0  1  1
		 19   90   979.00  6787.72802   6787.7364   4.0  1  1
		 19   90  1112.01   6780.3972   6780.4131   4.0  1  1
		 19   90  1117.04  6780.11571   6780.1252   4.0  1  1
		 19   90  1130.98  6779.33418   6779.3242   4.0  1  1
		 19   90  1149.00  6778.32077   6778.3123   4.0  1  1
		 19   90  1241.06  6773.08281   6773.0973   4.0  1  1
		 19   90  1256.55  6772.19138   6772.1745   4.0  1  1
		 19   90  1292.71  6770.09987   6770.1069   4.0  1  1
		 19   90  1352.32   6766.6181   6766.6117   4.0  1  1
		 19   90  1493.56  6758.20167   6758.2035   4.0  1  1
		 19   90  1511.72  6757.10265   6757.1092   4.0  1  1
		 19   90  1522.29  6756.46115   6756.4528   4.0  1  1
		 19   90  1568.15   6753.6627   6753.6598   4.0  1  1
		 19   90  1581.73  6752.82941   6752.8335   4.0  1  1
		 19   90  1604.56  6751.42331   6751.4267   4.0  1  1
		 19   90  1689.81  6746.12055   6746.1355   4.0  1  1
		 19   90  1741.27  6742.87907   6742.8845   4.0  1  1
		 19   90  1756.45  6741.91662   6741.9212   4.0  1  1
		 19   90  1815.09  6738.17495     6738.18   4.0  1  1
		 19   90  1883.71  6733.74657   6733.7488   4.0  1  1
		 19   90  1900.56  6732.65027   6732.6491   4.0  1  1
		 20   91    41.86  6758.20759   6758.2035   4.0  1  1
		 20   91    67.57  6757.11513   6757.1092   4.0  1  1
		 20   91    82.83  6756.46283   6756.4528   4.0  1  1
		 20   91   148.04  6753.64246   6753.6598   4.0  1  1
		 20   91   166.37   6752.8402   6752.8335   4.0  1  1
		 20   91   198.72  6751.41448   6751.4267   4.0  1  1
		 20   91   315.49  6746.15974   6746.1355   4.0  1  1
		 20   91   386.91  6742.86333   6742.8845   4.0  1  1
		 20   91   485.97  6738.18791     6738.18   4.0  1  1
		 20   91   577.85   6733.7443   6733.7488   4.0  1  1
		 20   91   599.94  6732.66069   6732.6491   4.0  1  1
		 20   91   654.80  6729.94454   6729.9328   4.0  1  1
		 20   91   690.96   6728.1336   6728.1183   4.0  1  1
		 20   91   704.06   6727.4738   6727.4583   4.0  1  1
		 20   91   727.36  6726.29536   6726.3091   4.0  1  1
		 20   91   793.90  6722.89351   6722.8899   4.0  1  1
		 20   91   864.95  6719.20275   6719.1995   4.0  1  1
		 20   91   900.04  6717.35723   6717.3851   4.0  1  1
		 20   91   964.02  6713.95546     6713.97   4.0  1  1
		 20   91  1013.99  6711.26438   6711.2521   4.0  1  1
		 20   91  1203.92  6700.76681   6700.7499   4.0  1  1
		 20   91  1257.99  6697.70121   6697.7123   4.0  1  1
		 20   91  1285.02  6696.15518     6696.14   4.0  1  1
		 20   91  1313.94  6694.49196   6694.4967   4.0  1  1
		 20   91  1322.26  6694.01214   6694.0068   4.0  1  1
		 20   91  1344.39  6692.73032   6692.7262   4.0  1  1
		 20   91  1433.52  6687.51185   6687.5207   4.0  1  1
		 20   91  1487.84  6684.28632   6684.2929   4.0  1  1
		 20   91  1503.08  6683.37521   6683.3673   4.0  1  1
		 20   91  1557.74  6680.08506   6680.0811   4.0  1  1
		 20   91  1603.94   6677.2776   6677.2817   4.0  1  1
		 20   91  1646.05  6674.69764   6674.6969   4.0  1  1
		 20   91  1664.07  6673.58725   6673.5797   4.0  1  1
		 20   91  1741.01  6668.80405   6668.8163   4.0  1  1
		 20   91  1779.93  6666.35866   6666.3588   4.0  1  1
		 20   91  1815.68  6664.09776    6664.051   4.0  1  0
		 20   91  1822.11  6663.68925   6663.6966   4.0  1  1
		 20   91  1844.27  6662.27841   6662.2686   4.0  1  1
		 20   91  1869.22  6660.68376   6660.6761   4.0  1  1
		 20   91  1900.35  6658.68405   6658.6774   4.0  1  1
	offset	71
	niterate 3
	lowreject 3.
	highreject 3.
	coefficients	24
		1.
		4.
		4.
		1.
		1.
		1931.
		71.99999999999999
		90.99999999999999
		610694.8810166583
		-4693.782423671699
		-250.8074986122347
		2.008765400905435
		14.52712016247595
		-4.993190901453882
		-0.9776997950137643
		0.03801725390996181
		-0.8292434262685176
		0.3169985836542705
		0.1075122903868727
		-0.04449481298856539
		-0.07087859753773589
		-0.2570470329699422
		-0.1035085574756199
		0.08213512280060898

