# Tue 22:04:39 04-Mar-2003
begin	ecidentify refThAr_437_2148x3000
	id	refThAr_437_2148x3000
	task	ecidentify
	image	refThAr_437_2148x3000
	units	angstroms
	features	32
		  1    1   843.27  843.265808   3776.2711   4.0  1  1
		  1    1  1306.45   1306.4541   3767.9007   4.0  1  1
		  1    1  1564.38  1564.37585    3762.933   4.0  1  1
		  1    1  1786.95  1786.95129   3758.4671   4.0  1  1
		  1    1  2140.97  2140.96973   3751.0219   4.0  1  1
		  1    1  2231.73  2231.73193   3749.0843   4.0  1  1
		  1    1  2370.46  2370.46045   3745.9706   4.0  1  1
		  2    2   607.68  607.676208    3810.995   4.0  1  1
		  2    2   791.45  791.447693    3807.874   4.0  1  1
		  2    2  1624.08  1624.08459    3792.374   4.0  1  1
		  2    2  1722.39  1722.38757    3790.356   4.0  1  1
		  2    2  1951.51  1951.51404   3785.6002   4.0  1  1
		  2    2  2646.78   2646.7832    3770.056   4.0  1  1
		  3    3   692.26   692.26416   3840.8004   4.0  1  1
		  3    3  1477.00  1477.00061   3826.3688   4.0  1  1
		  3    3  1753.57  1753.57104   3820.7926   4.0  1  1
		  3    3  2519.32  2519.32251    3803.984   4.0  1  1
		  4    4   262.29   262.28598   3879.6441   4.0  1  1
		  4    4   856.78   856.77533   3869.6633   4.0  1  1
		  4    4  1765.37  1765.37402   3852.1353   4.0  1  1
		  4    4  2286.79  2286.79175   3840.8004   4.0  1  1
		  4    4  2714.79  2714.79077   3830.7736   4.0  1  1
		  4    4  2812.51  2812.51001   3828.3846   4.0  1  1
		  5    5   266.18  266.178589   3911.9091   4.0  1  1
		  5    5   789.94  789.941772   3903.1024   4.0  1  1
		  5    5  1299.54  1299.54309   3893.6519   4.0  1  1
		  5    5  2423.83  2423.82886   3869.6633   4.0  1  1
		  6    6    59.49  59.4886169   3948.0305   4.0  1  1
		  6    6   955.21   955.20813   3932.9113   4.0  1  1
		  6    6  1429.94  1429.94373   3923.7995   4.0  1  1
		  6    6  1865.26  1865.26233     3914.76   4.0  1  1
		  6    6  2705.86   2705.8606   3895.4192   4.0  1  1
	slope	0

# Tue 22:41:07 04-Mar-2003
begin	ecidentify refThAr_437_2148x3000
	id	refThAr_437_2148x3000
	task	ecidentify
	image	refThAr_437_2148x3000
	units	angstroms
	features	119
		  1    1   843.27  843.265808   3776.2711   4.0  1  1
		  1    1  1306.45   1306.4541   3767.9007   4.0  1  1
		  1    1  1564.38  1564.37585    3762.933   4.0  1  1
		  1    1  1786.95  1786.95129   3758.4671   4.0  1  1
		  1    1  2140.97  2140.96973   3751.0219   4.0  1  1
		  1    1  2231.73  2231.73193   3749.0843   4.0  1  1
		  1    1  2370.46  2370.46045   3745.9706   4.0  1  1
		  2    2   607.68  607.676208    3810.995   4.0  1  1
		  2    2   791.45  791.447693    3807.874   4.0  1  1
		  2    2  1624.08  1624.08459    3792.374   4.0  1  1
		  2    2  1722.39  1722.38757    3790.356   4.0  1  1
		  2    2  1951.51  1951.51404   3785.6002   4.0  1  1
		  2    2  2646.78   2646.7832    3770.056   4.0  1  1
		  3    3   692.26   692.26416   3840.8004   4.0  1  1
		  3    3  1477.00  1477.00061   3826.3688   4.0  1  1
		  3    3  1753.57  1753.57104   3820.7926   4.0  1  1
		  3    3  2519.32  2519.32251    3803.984   4.0  1  1
		  4    4   262.29   262.28598   3879.6441   4.0  1  1
		  4    4   856.78   856.77533   3869.6633   4.0  1  1
		  4    4  1765.37  1765.37402   3852.1353   4.0  1  1
		  4    4  2286.79  2286.79175   3840.8004   4.0  1  1
		  4    4  2714.79  2714.79077   3830.7736   4.0  1  1
		  4    4  2812.51  2812.51001   3828.3846   4.0  1  1
		  5    5   266.18  266.178589   3911.9091   4.0  1  1
		  5    5   789.94  789.941772   3903.1024   4.0  1  1
		  5    5  1299.54  1299.54309   3893.6519   4.0  1  1
		  5    5  2423.83  2423.82886   3869.6633   4.0  1  1
		  6    6    59.49  59.4886169   3948.0305   4.0  1  1
		  6    6   955.21   955.20813   3932.9113   4.0  1  1
		  6    6  1429.94  1429.94373   3923.7995   4.0  1  1
		  6    6  1865.26  1865.26233     3914.76   4.0  1  1
		  6    6  2705.86   2705.8606   3895.4192   4.0  1  1
		  7    7   148.74  148.735336   3980.0896   4.0  1  1
		  7    7   194.99  194.994339   3979.3559   4.0  1  1
		  7    7   626.28  626.284058   3972.1545   4.0  1  1
		  7    7  1317.71  1317.70618      3959.3   4.0  1  1
		  7    7  1698.62  1698.62036   3951.5149   4.0  1  1
		  7    7  2656.73  2656.72876   3929.6693   4.0  1  1
		  8    8   110.15  110.152786   4014.7164   4.0  1  1
		  8    8   906.28  906.275574   4001.0581   4.0  1  1
		  8    8  1608.16  1608.16052   3987.2061   4.0  1  1
		  8    8  1939.00  1939.00171   3980.0896   4.0  1  1
		  8    8  2488.43  2488.43066   3967.3921   4.0  1  1
		  9    9    70.97  70.9718323   4049.9447   4.0  1  1
		  9    9   468.65  468.649628   4043.3948   4.0  1  1
		  9    9   670.24  670.237976   4039.8648   4.0  1  1
		  9    9   851.75  851.745178   4036.5652   4.0  1  1
		  9    9  1180.99  1180.98865   4030.2925   4.0  1  1
		  9    9  1454.25  1454.25159   4024.8025   4.0  1  1
		  9    9  2511.24  2511.23706   4001.0581   4.0  1  1
		  9    9  2542.95  2542.94922   4000.2811   4.0  1  1
		 10   10    78.43  78.4301834   4085.0421   4.0  1  1
		 10   10  1480.94  1480.93982   4059.2529   4.0  1  1
		 10   10  2482.84  2482.83862   4036.5652   4.0  1  1
		 11   11   386.30  386.296021   4115.7589   4.0  1  1
		 11   11  1486.75  1486.74866    4094.747   4.0  1  1
		 11   11  2339.15  2339.15039    4075.503   4.0  1  1
		 11   11  2594.99   2594.9917   4069.2014   4.0  1  1
		 11   11  2664.31  2664.31421   4067.4507   4.0  1  1
		 12   12   505.71  505.709412    4149.987   4.0  1  1
		 12   12   906.41  906.409912    4142.701   4.0  1  1
		 12   12  1653.29  1653.28882    4127.412   4.0  1  1
		 12   12  2165.47  2165.46948   4115.7589   4.0  1  1
		 12   12  2784.86  2784.86499   4100.3414   4.0  1  1
		 13   13   165.89  165.890991   4193.0164   4.0  1  1
		 13   13  1361.63  1361.62878   4170.5333   4.0  1  1
		 13   13  2563.80  2563.79736    4142.701   4.0  1  1
		 14   14   187.57  187.567062   4230.4267   4.0  1  1
		 14   14   262.65  262.651825   4229.1477   4.0  1  1
		 14   14   765.21  765.213623   4220.0651   4.0  1  1
		 14   14  1034.33  1034.33264   4214.8285   4.0  1  1
		 14   14  1347.52  1347.52063   4208.4108   4.0  1  1
		 14   14  2036.87  2036.86975   4193.0164   4.0  1  1
		 14   14  2402.20  2402.19824   4184.1376   4.0  1  1
		 14   14  2491.65  2491.65405   4181.8836   4.0  1  1
		 15   15   337.67  337.671112   4266.2864   4.0  1  1
		 15   15   665.08  665.081726    4260.333   4.0  1  1
		 15   15  1015.19  1015.19067   4253.5385   4.0  1  1
		 15   15  1604.57  1604.57373   4241.0948   4.0  1  1
		 15   15  2067.21  2067.21191   4230.4267   4.0  1  1
		 15   15  2687.49  2687.49048   4214.8285   4.0  1  1
		 15   15  2833.86  2833.86255   4210.9232   4.0  1  1
		 16   16   183.40  183.395721    4308.122   4.0  1  1
		 16   16  1052.54  1052.53833   4291.8098   4.0  1  1
		 16   16  1679.65  1679.64502   4278.3232   4.0  1  1
		 16   16  1894.82  1894.81531   4273.3574   4.0  1  1
		 16   16  2584.10  2584.09668   4256.2537   4.0  1  1
		 16   16  2806.77  2806.77319   4250.3146   4.0  1  1
		 17   17   577.48  577.481201   4340.8954   4.0  1  1
		 17   17  1583.68  1583.68457   4320.1264   4.0  1  1
		 17   17  2133.48  2133.47974   4307.1762   4.0  1  1
		 17   17  2522.41  2522.41455   4297.3066   4.0  1  1
		 18   18    40.32  40.3210526   4391.1105   4.0  1  1
		 18   18   580.98   580.97699   4381.4018   4.0  1  1
		 18   18  1679.47  1679.46545     4358.32   4.0  1  1
		 18   18  2391.94  2391.93921   4340.8954   4.0  1  1
		 18   18  2494.25  2494.25366   4338.1078   4.0  1  1
		 19   19    56.84  56.8425369   4432.2523   4.0  1  1
		 19   19   995.38  995.381287   4414.4863   4.0  1  1
		 19   19  1440.57  1440.57031     4404.91   4.0  1  1
		 19   19  1919.07  1919.07141    4393.759   4.0  1  1
		 19   19  2804.24  2804.23755   4370.7532   4.0  1  1
		 20   20    12.90  12.8970547   4475.2214   4.0  1  1
		 20   20   556.37  556.372986   4465.3406   4.0  1  1
		 20   20   750.91  750.908875   4461.5278   4.0  1  1
		 20   20   924.74   924.74176   4458.0015   4.0  1  1
		 20   20  1182.40  1182.40405   4452.5655   4.0  1  1
		 20   20  1580.57  1580.57239   4443.6657   4.0  1  1
		 20   20  1668.85    1668.854   4441.6084   4.0  1  1
		 20   20  2729.66  2729.66162   4414.4863   4.0  1  1
		 21   21   190.77  190.769363   4515.1182   4.0  1  1
		 21   21   294.91  294.906036   4513.2231   4.0  1  1
		 21   21  1439.25   1439.2467   4489.6645   4.0  1  1
		 21   21  1482.36   1482.3606   4488.6803   4.0  1  1
		 21   21  2042.00  2041.99792   4475.2214   4.0  1  1
		 21   21  2423.22  2423.22168   4465.3406   4.0  1  1
		 21   21  2485.60  2485.60376    4463.666   4.0  1  1
		 21   21  2692.40  2692.39648   4458.0015   4.0  1  1
		 22   22  2739.19  2739.18604   4499.9832   4.0  1  1
	slope	0

# Tue 22:54:27 04-Mar-2003
begin	ecidentify refThAr_437_2148x3000
	id	refThAr_437_2148x3000
	task	ecidentify
	image	refThAr_437_2148x3000
	units	angstroms
	features	168
		  1    1   843.27  843.265808   3776.2711   4.0  1  1
		  1    1  1306.45   1306.4541   3767.9007   4.0  1  1
		  1    1  1564.38  1564.37585    3762.933   4.0  1  1
		  1    1  1786.95  1786.95129   3758.4671   4.0  1  1
		  1    1  2140.97  2140.96973   3751.0219   4.0  1  1
		  1    1  2231.73  2231.73193   3749.0843   4.0  1  1
		  1    1  2370.46  2370.46045   3745.9706   4.0  1  1
		  2    2   607.68  607.676208    3810.995   4.0  1  1
		  2    2   791.45  791.447693    3807.874   4.0  1  1
		  2    2  1624.08  1624.08459    3792.374   4.0  1  1
		  2    2  1722.39  1722.38757    3790.356   4.0  1  1
		  2    2  1951.51  1951.51404   3785.6002   4.0  1  1
		  2    2  2646.78   2646.7832    3770.056   4.0  1  1
		  3    3   692.26   692.26416   3840.8004   4.0  1  1
		  3    3  1477.00  1477.00061   3826.3688   4.0  1  1
		  3    3  1753.57  1753.57104   3820.7926   4.0  1  1
		  3    3  2519.32  2519.32251    3803.984   4.0  1  1
		  4    4   262.29   262.28598   3879.6441   4.0  1  1
		  4    4   856.78   856.77533   3869.6633   4.0  1  1
		  4    4  1765.37  1765.37402   3852.1353   4.0  1  1
		  4    4  2286.79  2286.79175   3840.8004   4.0  1  1
		  4    4  2714.79  2714.79077   3830.7736   4.0  1  1
		  4    4  2812.51  2812.51001   3828.3846   4.0  1  1
		  5    5   266.18  266.178589   3911.9091   4.0  1  1
		  5    5   789.94  789.941772   3903.1024   4.0  1  1
		  5    5  1299.54  1299.54309   3893.6519   4.0  1  1
		  5    5  2423.83  2423.82886   3869.6633   4.0  1  1
		  6    6    59.49  59.4886169   3948.0305   4.0  1  1
		  6    6   955.21   955.20813   3932.9113   4.0  1  1
		  6    6  1429.94  1429.94373   3923.7995   4.0  1  1
		  6    6  1865.26  1865.26233     3914.76   4.0  1  1
		  6    6  2705.86   2705.8606   3895.4192   4.0  1  1
		  7    7   148.74  148.735336   3980.0896   4.0  1  1
		  7    7   194.99  194.994339   3979.3559   4.0  1  1
		  7    7   626.28  626.284058   3972.1545   4.0  1  1
		  7    7  1317.71  1317.70618      3959.3   4.0  1  1
		  7    7  1698.62  1698.62036   3951.5149   4.0  1  1
		  7    7  2656.73  2656.72876   3929.6693   4.0  1  1
		  8    8   110.15  110.152786   4014.7164   4.0  1  1
		  8    8   906.28  906.275574   4001.0581   4.0  1  1
		  8    8  1608.16  1608.16052   3987.2061   4.0  1  1
		  8    8  1939.00  1939.00171   3980.0896   4.0  1  1
		  8    8  2488.43  2488.43066   3967.3921   4.0  1  1
		  9    9    70.97  70.9718323   4049.9447   4.0  1  1
		  9    9   468.65  468.649628   4043.3948   4.0  1  1
		  9    9   670.24  670.237976   4039.8648   4.0  1  1
		  9    9   851.75  851.745178   4036.5652   4.0  1  1
		  9    9  1180.99  1180.98865   4030.2925   4.0  1  1
		  9    9  1454.25  1454.25159   4024.8025   4.0  1  1
		  9    9  2511.24  2511.23706   4001.0581   4.0  1  1
		  9    9  2542.95  2542.94922   4000.2811   4.0  1  1
		 10   10    78.43  78.4301834   4085.0421   4.0  1  1
		 10   10  1480.94  1480.93982   4059.2529   4.0  1  1
		 10   10  2482.84  2482.83862   4036.5652   4.0  1  1
		 11   11   386.30  386.296021   4115.7589   4.0  1  1
		 11   11  1486.75  1486.74866    4094.747   4.0  1  1
		 11   11  2339.15  2339.15039    4075.503   4.0  1  1
		 11   11  2594.99   2594.9917   4069.2014   4.0  1  1
		 11   11  2664.31  2664.31421   4067.4507   4.0  1  1
		 12   12   505.71  505.709412    4149.987   4.0  1  1
		 12   12   906.41  906.409912    4142.701   4.0  1  1
		 12   12  1653.29  1653.28882    4127.412   4.0  1  1
		 12   12  2165.47  2165.46948   4115.7589   4.0  1  1
		 12   12  2784.86  2784.86499   4100.3414   4.0  1  1
		 13   13   165.89  165.890991   4193.0164   4.0  1  1
		 13   13  1361.63  1361.62878   4170.5333   4.0  1  1
		 13   13  2563.80  2563.79736    4142.701   4.0  1  1
		 14   14   187.57  187.567062   4230.4267   4.0  1  1
		 14   14   262.65  262.651825   4229.1477   4.0  1  1
		 14   14   765.21  765.213623   4220.0651   4.0  1  1
		 14   14  1034.33  1034.33264   4214.8285   4.0  1  1
		 14   14  1347.52  1347.52063   4208.4108   4.0  1  1
		 14   14  2036.87  2036.86975   4193.0164   4.0  1  1
		 14   14  2402.20  2402.19824   4184.1376   4.0  1  1
		 14   14  2491.65  2491.65405   4181.8836   4.0  1  1
		 15   15   337.67  337.671112   4266.2864   4.0  1  1
		 15   15   665.08  665.081726    4260.333   4.0  1  1
		 15   15  1015.19  1015.19067   4253.5385   4.0  1  1
		 15   15  1604.57  1604.57373   4241.0948   4.0  1  1
		 15   15  2067.21  2067.21191   4230.4267   4.0  1  1
		 15   15  2687.49  2687.49048   4214.8285   4.0  1  1
		 15   15  2833.86  2833.86255   4210.9232   4.0  1  1
		 16   16   183.40  183.395721    4308.122   4.0  1  1
		 16   16  1052.54  1052.53833   4291.8098   4.0  1  1
		 16   16  1679.65  1679.64502   4278.3232   4.0  1  1
		 16   16  1894.82  1894.81531   4273.3574   4.0  1  1
		 16   16  2584.10  2584.09668   4256.2537   4.0  1  1
		 16   16  2806.77  2806.77319   4250.3146   4.0  1  1
		 17   17   577.48  577.481201   4340.8954   4.0  1  1
		 17   17  1583.68  1583.68457   4320.1264   4.0  1  1
		 17   17  2133.48  2133.47974   4307.1762   4.0  1  1
		 17   17  2522.41  2522.41455   4297.3066   4.0  1  1
		 18   18    40.32  40.3210526   4391.1105   4.0  1  1
		 18   18   580.98   580.97699   4381.4018   4.0  1  1
		 18   18  1679.47  1679.46545     4358.32   4.0  1  1
		 18   18  2391.94  2391.93921   4340.8954   4.0  1  1
		 18   18  2494.25  2494.25366   4338.1078   4.0  1  1
		 19   19    56.84  56.8425369   4432.2523   4.0  1  1
		 19   19   995.38  995.381287   4414.4863   4.0  1  1
		 19   19  1440.57  1440.57031     4404.91   4.0  1  1
		 19   19  1919.07  1919.07141    4393.759   4.0  1  1
		 19   19  2804.24  2804.23755   4370.7532   4.0  1  1
		 20   20    12.90  12.8970547   4475.2214   4.0  1  1
		 20   20   556.37  556.372986   4465.3406   4.0  1  1
		 20   20   750.91  750.908875   4461.5278   4.0  1  1
		 20   20   924.74   924.74176   4458.0015   4.0  1  1
		 20   20  1182.40  1182.40405   4452.5655   4.0  1  1
		 20   20  1580.57  1580.57239   4443.6657   4.0  1  1
		 20   20  1668.85    1668.854   4441.6084   4.0  1  1
		 20   20  2729.66  2729.66162   4414.4863   4.0  1  1
		 21   21   190.77  190.769363   4515.1182   4.0  1  1
		 21   21   294.91  294.906036   4513.2231   4.0  1  1
		 21   21  1439.25   1439.2467   4489.6645   4.0  1  1
		 21   21  1482.36   1482.3606   4488.6803   4.0  1  1
		 21   21  2042.00  2041.99792   4475.2214   4.0  1  1
		 21   21  2423.22  2423.22168   4465.3406   4.0  1  1
		 21   21  2485.60  2485.60376    4463.666   4.0  1  1
		 21   21  2692.40  2692.39648   4458.0015   4.0  1  1
		 22   22    57.06  57.0552101   4561.3477   4.0  1  1
		 22   22   360.83  360.833374   4555.8127   4.0  1  1
		 22   22   551.38  551.379456   4552.1536   4.0  1  1
		 22   22  1245.62  1245.62451     4536.67   4.0  1  1
		 22   22  2236.21  2236.21411   4513.6799   4.0  1  1
		 22   22  2739.19  2739.18604   4499.9832   4.0  1  1
		 23   23   218.69  218.686111   4603.1446   4.0  1  1
		 23   23   755.92  755.921936    4592.666   4.0  1  1
		 23   23  1288.49   1288.4939   4581.1732   4.0  1  1
		 23   23  2221.23  2221.22656   4558.3458   4.0  1  1
		 23   23  2451.90  2451.89526   4552.1536   4.0  1  1
		 23   23  2676.32  2676.32227   4545.9156   4.0  1  1
		 24   24   136.74  136.742294   4650.2343   4.0  1  1
		 24   24   729.83  729.825684   4638.6849   4.0  1  1
		 24   24  1519.42  1519.42078   4621.1629   4.0  1  1
		 24   24  2234.41  2234.40723   4603.1446   4.0  1  1
		 24   24  2763.76  2763.76416   4588.4261   4.0  1  1
		 25   25   456.82  456.815216   4690.6219   4.0  1  1
		 25   25   812.10  812.101929   4683.3517   4.0  1  1
		 25   25  1146.37  1146.37427   4676.0555   4.0  1  1
		 25   25  1836.77  1836.77075   4659.5698   4.0  1  1
		 25   25  2613.44  2613.44043   4638.6849   4.0  1  1
		 26   26   163.13  163.127502    4743.687   4.0  1  1
		 26   26   883.59  883.585571   4729.1282   4.0  1  1
		 26   26  1772.13   1772.1261    4708.294   4.0  1  1
		 26   26  2435.44  2435.44092   4690.6219   4.0  1  1
		 26   26  2591.43    2591.427   4686.1946   4.0  1  1
		 27   27   304.44  304.435791   4789.3868   4.0  1  1
		 27   27   448.31  448.312897    4786.531   4.0  1  1
		 27   27  1070.25  1070.25366    4773.241   4.0  1  1
		 27   27  1356.36  1356.36169   4766.6006   4.0  1  1
		 27   27  2017.39  2017.38538   4749.9713   4.0  1  1
		 27   27  2758.09  2758.09131   4729.1282   4.0  1  1
		 28   28    36.38  36.3786125   4843.9413   4.0  1  1
		 28   28   739.50  739.499146   4829.7973   4.0  1  1
		 28   28  1469.52  1469.51904   4813.0069   4.0  1  1
		 28   28  2129.86  2129.86475   4795.9131   4.0  1  1
		 28   28  2745.18  2745.17676    4778.294   4.0  1  1
		 29   29   640.68  640.679871   4882.2432   4.0  1  1
		 29   29   835.59   835.59082   4878.0094   4.0  1  1
		 29   29  1527.36  1527.36292   4861.7173   4.0  1  1
		 29   29  1661.30  1661.30054   4858.3327   4.0  1  1
		 29   29  2156.24  2156.23926   4845.1626   4.0  1  1
		 29   29  2790.79  2790.78638   4826.7004   4.0  1  1
		 30   30    61.31  61.3148422   4945.4587   4.0  1  1
		 30   30   354.32   354.31723   4939.6422   4.0  1  1
		 30   30   906.20  906.199524   4927.7803   4.0  1  1
		 30   30  2045.84   2045.8407   4899.2401   4.0  1  1
		 30   30  2751.70   2751.7041    4878.733   4.0  1  1
		 30   30  2775.33  2775.32739   4878.0094   4.0  1  1
	slope	0

# Tue 23:10:31 04-Mar-2003
begin	ecidentify refThAr_437_2148x3000
	id	refThAr_437_2148x3000
	task	ecidentify
	image	refThAr_437_2148x3000
	units	angstroms
	features	763
		  1  124   223.73   3786.3848   3786.3824   4.0  1  1
		  1  124   421.08  3783.29593   3783.2964   4.0  1  1
		  1  124   843.27  3776.27082   3776.2711   4.0  1  1
		  1  124  1048.40  3772.64988   3772.6498   4.0  1  1
		  1  124  1119.00  3771.37182   3771.3708   4.0  1  1
		  1  124  1165.52  3770.52082     3770.52   4.0  1  1
		  1  124  1190.67  3770.05791    3770.056   4.0  1  1
		  1  124  1306.45  3767.89951   3767.9007   4.0  1  1
		  1  124  1400.23  3766.11882   3766.1186   4.0  1  1
		  1  124  1444.39  3765.27021     3765.27   4.0  1  1
		  1  124  1535.17  3763.50557   3763.5053   4.0  1  1
		  1  124  1564.38  3762.93186    3762.933   4.0  1  1
		  1  124  1786.95  3758.46698   3758.4671   4.0  1  1
		  1  124  1824.65  3757.69416   3757.6941   4.0  1  1
		  1  124  1944.29  3755.21024   3755.2121   4.0  1  1
		  1  124  1973.67  3754.59274    3754.593   4.0  1  1
		  1  124  2024.52  3753.51721   3753.5177   4.0  1  1
		  1  124  2069.09  3752.56729     3752.57   4.0  1  1
		  1  124  2140.97  3751.02116   3751.0219   4.0  1  1
		  1  124  2504.85  3742.92204   3742.9234   4.0  1  1
		  1  124  2580.45  3741.18215    3741.183   4.0  1  1
		  2  123   124.32  3818.68699    3818.686   4.0  1  1
		  2  123   481.96  3813.06762    3813.068   4.0  1  1
		  2  123   607.68  3810.99508    3810.995   4.0  1  1
		  2  123   699.16  3809.45498   3809.4561   4.0  1  1
		  2  123   791.45  3807.87375    3807.874   4.0  1  1
		  2  123  1011.83  3803.98564    3803.984   4.0  1  1
		  2  123  1062.13  3803.07582    3803.075   4.0  1  1
		  2  123  1151.26  3801.44349    3801.443   4.0  1  1
		  2  123  1261.72  3799.38383    3799.382   4.0  1  1
		  2  123  1329.29  3798.10418    3798.103   4.0  1  1
		  2  123  1604.64   3792.7314     3792.73   4.0  1  1
		  2  123  1700.78  3790.79558    3790.795   4.0  1  1
		  2  123  1722.39  3790.35622    3790.356   4.0  1  1
		  2  123  1780.48   3789.1671    3789.168   4.0  1  1
		  2  123  1914.44  3786.38147   3786.3824   4.0  1  1
		  2  123  1951.51  3785.59983   3785.6002   4.0  1  1
		  2  123  2059.49  3783.29628   3783.2964   4.0  1  1
		  2  123  2377.81  3776.27242   3776.2711   4.0  1  1
		  2  123  2590.97  3771.37261   3771.3708   4.0  1  1
		  2  123  2627.27   3770.5224     3770.52   4.0  1  1
		  3  122    85.00  3850.58239   3850.5813   4.0  1  1
		  3  122   323.13  3846.88715   3846.8876   4.0  1  1
		  3  122   415.50  3845.40491   3845.4055   4.0  1  1
		  3  122   456.99  3844.73023   3844.7311   4.0  1  1
		  3  122   568.11  3842.89576   3842.8968   4.0  1  1
		  3  122   623.91  3841.95941   3841.9601   4.0  1  1
		  3  122   650.04  3841.51735   3841.5187   4.0  1  1
		  3  122   692.26  3840.79867   3840.8004   4.0  1  1
		  3  122   756.48  3839.69418   3839.6953   4.0  1  1
		  3  122   860.59  3837.87513   3837.8752   4.0  1  1
		  3  122   933.30  3836.58339   3836.5851   4.0  1  1
		  3  122  1038.72  3834.67994   3834.6787   4.0  1  1
		  3  122  1125.45  3833.08626    3833.086   4.0  1  1
		  3  122  1248.85  3830.77556   3830.7736   4.0  1  1
		  3  122  1286.44  3830.06156   3830.0606   4.0  1  1
		  3  122  1373.69  3828.38631   3828.3846   4.0  1  1
		  3  122  1454.67  3826.80841   3826.8072   4.0  1  1
		  3  122  1477.00  3826.36947   3826.3688   4.0  1  1
		  3  122  1512.24  3825.67334   3825.6729   4.0  1  1
		  3  122  1539.42  3825.13348   3825.1331   4.0  1  1
		  3  122  1642.31   3823.0675   3823.0676   4.0  1  1
		  3  122  1753.57  3820.79285   3820.7926   4.0  1  1
		  3  122  1854.85  3818.68566    3818.686   4.0  1  1
		  3  122  2116.95  3813.06889    3813.068   4.0  1  1
		  3  122  2279.95   3809.4562   3809.4561   4.0  1  1
		  3  122  2350.05  3807.87417    3807.874   4.0  1  1
		  3  122  2519.32  3803.98307    3803.984   4.0  1  1
		  3  122  2558.13  3803.07685    3803.075   4.0  1  1
		  4  121   262.29  3879.64701   3879.6441   4.0  1  1
		  4  121   525.34  3875.37142   3875.3731   4.0  1  1
		  4  121   555.85  3874.86101   3874.8619   4.0  1  1
		  4  121   592.59  3874.24234   3874.2438   4.0  1  1
		  4  121   617.48   3873.8207   3873.8224   4.0  1  1
		  4  121   637.92  3873.47281    3873.474   4.0  1  1
		  4  121   657.05  3873.14607   3873.1479   4.0  1  1
		  4  121   681.83  3872.72105   3872.7222   4.0  1  1
		  4  121   715.74  3872.13627   3872.1371   4.0  1  1
		  4  121   856.78  3869.66289   3869.6633   4.0  1  1
		  4  121   920.30   3868.5274   3868.5284   4.0  1  1
		  4  121  1197.98  3863.40633   3863.4059   4.0  1  1
		  4  121  1249.90  3862.42025   3862.4218   4.0  1  1
		  4  121  1383.53  3859.84035   3859.8396   4.0  1  1
		  4  121  1559.33  3856.35418   3856.3544   4.0  1  1
		  4  121  1650.25  3854.50999   3854.5108   4.0  1  1
		  4  121  1765.37   3852.1343   3852.1353   4.0  1  1
		  4  121  1839.50  3850.58063   3850.5813   4.0  1  1
		  4  121  2080.20  3845.40431   3845.4055   4.0  1  1
		  4  121  2110.83  3844.73129   3844.7311   4.0  1  1
		  4  121  2193.53  3842.89759   3842.8968   4.0  1  1
		  4  121  2235.44   3841.9592   3841.9601   4.0  1  1
		  4  121  2255.04  3841.51807   3841.5187   4.0  1  1
		  4  121  2286.79  3840.80094   3840.8004   4.0  1  1
		  4  121  2335.45   3839.6949   3839.6953   4.0  1  1
		  4  121  2414.68  3837.87623   3837.8752   4.0  1  1
		  4  121  2470.45  3836.58266   3836.5851   4.0  1  1
		  4  121  2551.59  3834.68117   3834.6787   4.0  1  1
		  5  120   287.18   3911.5775    3911.576   4.0  1  1
		  5  120   789.94  3903.10186   3903.1024   4.0  1  1
		  5  120   870.70  3901.66259   3901.6621   4.0  1  1
		  5  120   914.28  3900.87687   3900.8785   4.0  1  1
		  5  120  1047.37  3898.43798   3898.4374   4.0  1  1
		  5  120  1207.71   3895.4208   3895.4192   4.0  1  1
		  5  120  1247.40  3894.66065     3894.66   4.0  1  1
		  5  120  1299.54  3893.65369   3893.6519   4.0  1  1
		  5  120  1385.20  3891.97945   3891.9792   4.0  1  1
		  5  120  1414.45  3891.40209   3891.4017   4.0  1  1
		  5  120  1636.81  3886.91687   3886.9159   4.0  1  1
		  5  120  1949.01   3880.3318   3880.3332   4.0  1  1
		  5  120  1980.72  3879.64399   3879.6441   4.0  1  1
		  5  120  2196.88  3874.86175   3874.8619   4.0  1  1
		  5  120  2224.37  3874.24185   3874.2438   4.0  1  1
		  5  120  2242.93  3873.82164   3873.8224   4.0  1  1
		  5  120  2258.30  3873.47284    3873.474   4.0  1  1
		  5  120  2272.62  3873.14706   3873.1479   4.0  1  1
		  5  120  2316.81  3872.13756   3872.1371   4.0  1  1
		  5  120  2423.83  3869.66355   3869.6633   4.0  1  1
		  5  120  2472.36  3868.52821   3868.5284   4.0  1  1
		  6  119   914.28  3933.66015   3933.6611   4.0  1  1
		  6  119   955.21  3932.91057   3932.9113   4.0  1  1
		  6  119  1128.68  3929.67063   3929.6693   4.0  1  1
		  6  119  1148.61  3929.29189   3929.2904   4.0  1  1
		  6  119  1183.55  3928.62452   3928.6233   4.0  1  1
		  6  119  1316.53  3926.04678   3926.0456   4.0  1  1
		  6  119  1333.20  3925.71956   3925.7188   4.0  1  1
		  6  119  1364.85  3925.09525   3925.0934   4.0  1  1
		  6  119  1429.94  3923.80063   3923.7995   4.0  1  1
		  6  119  1664.06  3919.02371   3919.0234   4.0  1  1
		  6  119  1709.69  3918.07046   3918.0701   4.0  1  1
		  6  119  1747.75  3917.26986   3917.2693   4.0  1  1
		  6  119  1788.02  3916.41734   3916.4176   4.0  1  1
		  6  119  1996.59   3911.9108   3911.9091   4.0  1  1
		  6  119  2011.85  3911.57512    3911.576   4.0  1  1
		  6  119  2385.33  3903.10164   3903.1024   4.0  1  1
		  6  119  2446.65  3901.66308   3901.6621   4.0  1  1
		  6  119  2479.85  3900.87848   3900.8785   4.0  1  1
		  6  119  2581.99  3898.43991   3898.4374   4.0  1  1
		  7  118   474.75  3974.75816    3974.759   4.0  1  1
		  7  118   491.42  3974.47562   3974.4766   4.0  1  1
		  7  118   566.32  3973.19514   3973.1961   4.0  1  1
		  7  118   598.56  3972.63817   3972.6395   4.0  1  1
		  7  118   626.28  3972.15644   3972.1545   4.0  1  1
		  7  118   804.33  3969.00112   3969.0026   4.0  1  1
		  7  118   892.87  3967.39232   3967.3921   4.0  1  1
		  7  118  1157.69  3962.42156   3962.4196   4.0  1  1
		  7  118  1317.71  3959.30157      3959.3   4.0  1  1
		  7  118  1448.27  3956.69055   3956.6908   4.0  1  1
		  7  118  1487.62  3955.89206   3955.8903   4.0  1  1
		  7  118  1522.91  3955.17153   3955.1699   4.0  1  1
		  7  118  1751.61  3950.39574   3950.3951   4.0  1  1
		  7  118  1817.79  3948.97936   3948.9789   4.0  1  1
		  7  118  1861.72  3948.03084   3948.0305   4.0  1  1
		  7  118  1885.97  3947.50422   3947.5046   4.0  1  1
		  7  118  1893.96  3947.33036   3947.3308   4.0  1  1
		  7  118  2492.19  3933.66089   3933.6611   4.0  1  1
		  7  118  2523.48   3932.9106   3932.9113   4.0  1  1
		  8  117   294.99  4011.74258   4011.7398   4.0  1  1
		  8  117   304.01  4011.59395   4011.5916   4.0  1  1
		  8  117   505.25  4008.20893   4008.2102   4.0  1  1
		  8  117   574.25  4007.01703   4007.0188   4.0  1  1
		  8  117   668.59  4005.36147   4005.3628   4.0  1  1
		  8  117   683.78   4005.0921   4005.0928   4.0  1  1
		  8  117   783.35  4003.30698   4003.3086   4.0  1  1
		  8  117   860.93  4001.89286   4001.8935   4.0  1  1
		  8  117   906.28  4001.05682   4001.0581   4.0  1  1
		  8  117   948.07   4000.2801   4000.2811   4.0  1  1
		  8  117  1234.60  3994.79289   3994.7918   4.0  1  1
		  8  117  1246.93   3994.5505   3994.5494   4.0  1  1
		  8  117  1372.38  3992.05355   3992.0535   4.0  1  1
		  8  117  1388.39  3991.73094   3991.7309   4.0  1  1
		  8  117  1449.46  3990.49207   3990.4922   4.0  1  1
		  8  117  1939.00  3980.08798   3980.0896   4.0  1  1
		  8  117  1972.08  3979.35427   3979.3559   4.0  1  1
		  8  117  2175.44  3974.75789    3974.759   4.0  1  1
		  8  117  2187.68  3974.47644   3974.4766   4.0  1  1
		  8  117  2243.11  3973.19548   3973.1961   4.0  1  1
		  8  117  2267.10  3972.63762   3972.6395   4.0  1  1
		  8  117  2488.43  3967.39203   3967.3921   4.0  1  1
		  9  116   316.58  4045.96698   4045.9654   4.0  1  1
		  9  116   408.68  4044.41797   4044.4179   4.0  1  1
		  9  116   468.65  4043.39392   4043.3948   4.0  1  1
		  9  116   483.96  4043.13057   4043.1302   4.0  1  1
		  9  116   497.71  4042.89327   4042.8937   4.0  1  1
		  9  116   594.70    4041.202   4041.2036   4.0  1  1
		  9  116   670.24  4039.86269   4039.8648   4.0  1  1
		  9  116   729.27   4038.8025   4038.8043   4.0  1  1
		  9  116   761.00  4038.22777   4038.2287   4.0  1  1
		  9  116   851.75  4036.56489   4036.5652   4.0  1  1
		  9  116   879.66  4036.04767   4036.0479   4.0  1  1
		  9  116   911.25  4035.45917     4035.46   4.0  1  1
		  9  116  1152.88  4030.84368   4030.8424   4.0  1  1
		  9  116  1180.99  4030.29365   4030.2925   4.0  1  1
		  9  116  1204.73  4029.82704   4029.8256   4.0  1  1
		  9  116  1345.91  4027.01074   4027.0091   4.0  1  1
		  9  116  1454.25  4024.80238   4024.8025   4.0  1  1
		  9  116  1666.55  4020.35488   4020.3541   4.0  1  1
		  9  116  1723.73  4019.12966   4019.1289   4.0  1  1
		  9  116  1925.43  4014.71441   4014.7164   4.0  1  1
		  9  116  1963.89  4013.85595   4013.8566   4.0  1  1
		  9  116  2024.42  4012.49414   4012.4952   4.0  1  1
		  9  116  2057.66  4011.74077   4011.7398   4.0  1  1
		  9  116  2064.28  4011.59015   4011.5916   4.0  1  1
		  9  116  2211.18  4008.20898   4008.2102   4.0  1  1
		  9  116  2262.04  4007.01989   4007.0188   4.0  1  1
		  9  116  2332.32  4005.36156   4005.3628   4.0  1  1
		  9  116  2343.62  4005.09315   4005.0928   4.0  1  1
		  9  116  2418.35  4003.30695   4003.3086   4.0  1  1
		  9  116  2476.86  4001.89397   4001.8935   4.0  1  1
		  9  116  2511.24  4001.05799   4001.0581   4.0  1  1
		  9  116  2542.95  4000.28294   4000.2811   4.0  1  1
		 10  115   303.45  4081.36934   4081.3678   4.0  1  1
		 10  115   363.38  4080.35887    4080.358   4.0  1  1
		 10  115   409.47  4079.57357   4079.5738   4.0  1  1
		 10  115   560.89  4076.94246   4076.9432   4.0  1  1
		 10  115   578.72  4076.62755   4076.6284   4.0  1  1
		 10  115   641.95  4075.50197    4075.503   4.0  1  1
		 10  115   733.10  4073.85507   4073.8563   4.0  1  1
		 10  115   800.13  4072.62582   4072.6284   4.0  1  1
		 10  115   813.25  4072.38345   4072.3849   4.0  1  1
		 10  115   928.00  4070.23777   4070.2383   4.0  1  1
		 10  115   968.93  4069.46133   4069.4612   4.0  1  1
		 10  115   982.58  4069.20114   4069.2014   4.0  1  1
		 10  115  1073.50  4067.45137   4067.4507   4.0  1  1
		 10  115  1231.89  4064.33417   4064.3315   4.0  1  1
		 10  115  1278.11  4063.40794   4063.4071   4.0  1  1
		 10  115  1480.94  4059.25405   4059.2529   4.0  1  1
		 10  115  1703.56  4054.52659   4054.5258   4.0  1  1
		 10  115  1749.49  4053.52913   4053.5277   4.0  1  1
		 10  115  1777.35  4052.92029   4052.9208   4.0  1  1
		 10  115  1869.52  4050.88667   4050.8872   4.0  1  1
		 10  115  1911.75  4049.94461   4049.9447   4.0  1  1
		 10  115  1985.40  4048.28615   4048.2876   4.0  1  1
		 10  115  2020.83  4047.48125   4047.4815   4.0  1  1
		 10  115  2087.07  4045.96445   4045.9654   4.0  1  1
		 10  115  2153.91  4044.41748   4044.4179   4.0  1  1
		 10  115  2197.72  4043.39464   4043.3948   4.0  1  1
		 10  115  2209.10  4043.12787   4043.1302   4.0  1  1
		 10  115  2219.14  4042.89219   4042.8937   4.0  1  1
		 10  115  2290.62   4041.2026   4041.2036   4.0  1  1
		 10  115  2346.62  4039.86594   4039.8648   4.0  1  1
		 10  115  2390.73  4038.80493   4038.8043   4.0  1  1
		 10  115  2414.53  4038.22946   4038.2287   4.0  1  1
		 10  115  2482.84  4036.56617   4036.5652   4.0  1  1
		 10  115  2503.96  4036.04829   4036.0479   4.0  1  1
		 10  115  2527.80  4035.46187     4035.46   4.0  1  1
		 11  114   330.36  4116.71492   4116.7137   4.0  1  1
		 11  114   386.30  4115.75898   4115.7589   4.0  1  1
		 11  114   558.27  4112.75321   4112.7545   4.0  1  1
		 11  114   665.60  4110.82575    4110.826   4.0  1  1
		 11  114   747.81  4109.32256   4109.3234   4.0  1  1
		 11  114   796.62  4108.41904   4108.4198   4.0  1  1
		 11  114   826.56  4107.86059   4107.8614   4.0  1  1
		 11  114   869.71  4107.05044   4107.0506   4.0  1  1
		 11  114  1033.67  4103.91253   4103.9121   4.0  1  1
		 11  114  1099.86  4102.61904   4102.6177   4.0  1  1
		 11  114  1214.50  4100.34215   4100.3414   4.0  1  1
		 11  114  1284.29  4098.93331   4098.9327   4.0  1  1
		 11  114  1294.24  4098.73094   4098.7316   4.0  1  1
		 11  114  1342.37  4097.74759   4097.7478   4.0  1  1
		 11  114  1423.21  4096.07729   4096.0759   4.0  1  1
		 11  114  1486.75  4094.74812    4094.747   4.0  1  1
		 11  114  1537.68  4093.67227   4093.6713   4.0  1  1
		 11  114  1747.64  4089.13835   4089.1379   4.0  1  1
		 11  114  1766.39   4088.7258   4088.7264   4.0  1  1
		 11  114  1831.45  4087.28401   4087.2848   4.0  1  1
		 11  114  1865.63  4086.52044   4086.5205   4.0  1  1
		 11  114  1913.99  4085.43276   4085.4341   4.0  1  1
		 11  114  1921.76   4085.2574   4085.2564   4.0  1  1
		 11  114  1931.33  4085.04075   4085.0421   4.0  1  1
		 11  114  2000.43  4083.46761   4083.4688   4.0  1  1
		 11  114  2047.48  4082.38641   4082.3872   4.0  1  1
		 11  114  2091.52  4081.36686   4081.3678   4.0  1  1
		 11  114  2134.79  4080.35846    4080.358   4.0  1  1
		 11  114  2168.31  4079.57234   4079.5738   4.0  1  1
		 11  114  2279.23  4076.94187   4076.9432   4.0  1  1
		 11  114  2292.36  4076.62736   4076.6284   4.0  1  1
		 11  114  2339.15  4075.50176    4075.503   4.0  1  1
		 11  114  2406.92  4073.85695   4073.8563   4.0  1  1
		 11  114  2457.18  4072.62627   4072.6284   4.0  1  1
		 11  114  2467.02  4072.38415   4072.3849   4.0  1  1
		 11  114  2492.73  4071.74985   4071.7513   4.0  1  1
		 11  114  2594.99  4069.20287   4069.2014   4.0  1  1
		 12  113   612.16  4148.18006   4148.1816   4.0  1  1
		 12  113   856.62  4143.64836   4143.6491   4.0  1  1
		 12  113   906.41  4142.69973    4142.701   4.0  1  1
		 12  113   918.25  4142.47295   4142.4741   4.0  1  1
		 12  113  1033.66  4140.23556    4140.235   4.0  1  1
		 12  113  1144.55  4138.04147   4138.0406   4.0  1  1
		 12  113  1271.30  4135.48004     4135.48   4.0  1  1
		 12  113  1339.89  4134.06988   4134.0681   4.0  1  1
		 12  113  1403.20  4132.75327   4132.7533   4.0  1  1
		 12  113  1452.25  4131.72341   4131.7235   4.0  1  1
		 12  113  1486.36  4131.00198   4131.0021   4.0  1  1
		 12  113  1556.21  4129.51186   4129.5116   4.0  1  1
		 12  113  1596.63  4128.64138     4128.64   4.0  1  1
		 12  113  1653.29  4127.41127    4127.412   4.0  1  1
		 12  113  2125.06  4116.71257   4116.7137   4.0  1  1
		 12  113  2165.47  4115.75808   4115.7589   4.0  1  1
		 12  113  2290.97  4112.75465   4112.7545   4.0  1  1
		 12  113  2370.26  4110.82689    4110.826   4.0  1  1
		 12  113  2431.46  4109.32274   4109.3234   4.0  1  1
		 12  113  2467.90  4108.42038   4108.4198   4.0  1  1
		 12  113  2490.42  4107.86039   4107.8614   4.0  1  1
		 12  113  2522.80  4107.05172   4107.0506   4.0  1  1
		 13  112   302.10  4190.71581   4190.7129   4.0  1  1
		 13  112   791.73  4181.88301   4181.8836   4.0  1  1
		 13  112   892.56  4179.95957   4179.9601   4.0  1  1
		 13  112   949.98  4178.84802   4178.8481   4.0  1  1
		 13  112   974.72  4178.36561   4178.3658   4.0  1  1
		 13  112   990.39  4178.05878   4178.0597   4.0  1  1
		 13  112  1361.63  4170.53475   4170.5333   4.0  1  1
		 13  112  1451.72  4168.63384   4168.6341   4.0  1  1
		 13  112  1585.03  4165.76711   4165.7661   4.0  1  1
		 13  112  1657.54  4164.18046   4164.1795   4.0  1  1
		 13  112  1732.97   4162.5095    4162.509   4.0  1  1
		 13  112  1767.44  4161.73893   4161.7389   4.0  1  1
		 13  112  1906.34  4158.58924   4158.5905   4.0  1  1
		 13  112  1996.14  4156.51503   4156.5166   4.0  1  1
		 13  112  2072.76  4154.72155   4154.7205   4.0  1  1
		 13  112  2344.53  4148.18268   4148.1816   4.0  1  1
		 13  112  2526.50  4143.64855   4143.6491   4.0  1  1
		 13  112  2563.80  4142.70369    4142.701   4.0  1  1
		 14  111   319.96  4228.16085    4228.158   4.0  1  1
		 14  111   364.14  4227.38868   4227.3872   4.0  1  1
		 14  111   386.86  4226.98881   4226.9876   4.0  1  1
		 14  111   401.67  4226.72735   4226.7267   4.0  1  1
		 14  111   584.34  4223.43829   4223.4403   4.0  1  1
		 14  111   627.90  4222.63661   4222.6373   4.0  1  1
		 14  111   765.21  4220.06567   4220.0651   4.0  1  1
		 14  111   838.58  4218.66442   4218.6649   4.0  1  1
		 14  111   902.40  4217.43011   4217.4308   4.0  1  1
		 14  111  1122.13  4213.06822   4213.0673   4.0  1  1
		 14  111  1227.04  4210.92447   4210.9232   4.0  1  1
		 14  111  1347.52    4208.413   4208.4108   4.0  1  1
		 14  111  1703.79   4200.6757   4200.6745   4.0  1  1
		 14  111  1808.33  4198.31649    4198.317   4.0  1  1
		 14  111  2036.87  4193.01667   4193.0164   4.0  1  1
		 14  111  2064.55  4192.36157    4192.362   4.0  1  1
		 14  111  2120.51  4191.02822   4191.0294   4.0  1  1
		 14  111  2133.67   4190.7128   4190.7129   4.0  1  1
		 14  111  2402.20  4184.13627   4184.1376   4.0  1  1
		 14  111  2491.65  4181.88457   4181.8836   4.0  1  1
		 14  111  2610.34  4178.84949   4178.8481   4.0  1  1
		 15  110   323.96  4266.52959   4266.5271   4.0  1  1
		 15  110   337.67  4266.28846   4266.2864   4.0  1  1
		 15  110   665.08  4260.33168    4260.333   4.0  1  1
		 15  110   716.57  4259.36027   4259.3619   4.0  1  1
		 15  110   760.71  4258.51986   4258.5204   4.0  1  1
		 15  110   814.05  4257.49507   4257.4963   4.0  1  1
		 15  110   877.98   4256.2534   4256.2537   4.0  1  1
		 15  110   929.71  4255.23795   4255.2373   4.0  1  1
		 15  110  1015.19  4253.53864   4253.5385   4.0  1  1
		 15  110  1131.43  4251.18542   4251.1846   4.0  1  1
		 15  110  1151.42  4250.77584   4250.7749   4.0  1  1
		 15  110  1173.72  4250.31702   4250.3146   4.0  1  1
		 15  110  1266.42  4248.39078   4248.3908   4.0  1  1
		 15  110  1604.57  4241.09602   4241.0948   4.0  1  1
		 15  110  1776.66  4237.22077   4237.2198   4.0  1  1
		 15  110  1853.14  4235.46302   4235.4636   4.0  1  1
		 15  110  2067.21  4230.42547   4230.4267   4.0  1  1
		 15  110  2120.41  4229.14657   4229.1477   4.0  1  1
		 15  110  2161.29  4228.15663    4228.158   4.0  1  1
		 15  110  2192.90  4227.38678   4227.3872   4.0  1  1
		 15  110  2209.29  4226.98611   4226.9876   4.0  1  1
		 15  110  2219.89  4226.72649   4226.7267   4.0  1  1
		 15  110  2352.59  4223.43922   4223.4403   4.0  1  1
		 15  110  2384.55  4222.63739   4222.6373   4.0  1  1
		 15  110  2540.52  4218.66771   4218.6649   4.0  1  1
		 15  110  2588.31  4217.43276   4217.4308   4.0  1  1
		 16  109   599.84  4300.64901   4300.6495   4.0  1  1
		 16  109   629.11  4300.09982   4300.1008   4.0  1  1
		 16  109   643.00  4299.83829   4299.8393   4.0  1  1
		 16  109   775.60  4297.30548   4297.3066   4.0  1  1
		 16  109  1052.54  4291.81056   4291.8098   4.0  1  1
		 16  109  1204.78  4288.67055   4288.6688   4.0  1  1
		 16  109  1320.40  4286.22864   4286.2285   4.0  1  1
		 16  109  1446.05   4283.5188   4283.5184   4.0  1  1
		 16  109  1474.45  4282.89819   4282.8976   4.0  1  1
		 16  109  1513.35  4282.04318   4282.0413   4.0  1  1
		 16  109  1541.70  4281.41668   4281.4145   4.0  1  1
		 16  109  1557.38  4281.06871   4281.0678   4.0  1  1
		 16  109  1579.85  4280.56856    4280.568   4.0  1  1
		 16  109  1679.65  4278.32432   4278.3232   4.0  1  1
		 16  109  1714.59  4277.52986   4277.5282   4.0  1  1
		 16  109  1724.00  4277.31509   4277.3139   4.0  1  1
		 16  109  1746.19  4276.80709   4276.8073   4.0  1  1
		 16  109  1817.60  4275.16052   4275.1596   4.0  1  1
		 16  109  1894.82  4273.35795   4273.3574   4.0  1  1
		 16  109  1915.40  4272.87368   4272.8745   4.0  1  1
		 16  109  1945.30  4272.16741   4272.1689   4.0  1  1
		 16  109  2038.58  4269.94195   4269.9426   4.0  1  1
		 16  109  2179.15  4266.52515   4266.5271   4.0  1  1
		 16  109  2188.88  4266.28596   4266.2864   4.0  1  1
		 16  109  2426.37  4260.33166    4260.333   4.0  1  1
		 16  109  2464.29  4259.36078   4259.3619   4.0  1  1
		 16  109  2496.91  4258.52102   4258.5204   4.0  1  1
		 16  109  2536.42  4257.49826   4257.4963   4.0  1  1
		 16  109  2584.10  4256.25614   4256.2537   4.0  1  1
		 17  108   273.64  4346.43834   4346.4367   4.0  1  1
		 17  108   344.77  4345.17021    4345.168   4.0  1  1
		 17  108   391.48  4344.32748   4344.3265   4.0  1  1
		 17  108   412.12  4343.95267   4343.9515   4.0  1  1
		 17  108   494.40  4342.44316   4342.4442   4.0  1  1
		 17  108   577.48  4340.89441   4340.8954   4.0  1  1
		 17  108   723.74  4338.10709   4338.1078   4.0  1  1
		 17  108   766.57  4337.27608   4337.2774   4.0  1  1
		 17  108   777.19  4337.06915   4337.0708   4.0  1  1
		 17  108   865.25  4335.33622   4335.3379   4.0  1  1
		 17  108   954.04   4333.5603   4333.5612   4.0  1  1
		 17  108  1029.41  4332.02997   4332.0297   4.0  1  1
		 17  108  1069.84  4331.20045   4331.1995   4.0  1  1
		 17  108  1087.02  4330.84611   4330.8438   4.0  1  1
		 17  108  1179.67  4328.91665   4328.9154   4.0  1  1
		 17  108  1350.51  4325.27488   4325.2741   4.0  1  1
		 17  108  1583.68  4320.12805   4320.1264   4.0  1  1
		 17  108  1659.28   4318.4154   4318.4157   4.0  1  1
		 17  108  1796.39  4315.25375   4315.2543   4.0  1  1
		 17  108  1836.39  4314.31803   4314.3195   4.0  1  1
		 17  108  1942.77  4311.79927   4311.7994   4.0  1  1
		 17  108  2049.14  4309.23744   4309.2392   4.0  1  1
		 17  108  2094.91  4308.12162    4308.122   4.0  1  1
		 17  108  2133.48  4307.17504   4307.1762   4.0  1  1
		 17  108  2223.04  4304.95483   4304.9565   4.0  1  1
		 17  108  2393.29  4300.64852   4300.6495   4.0  1  1
		 17  108  2414.62  4300.10105   4300.1008   4.0  1  1
		 17  108  2424.77  4299.83973   4299.8393   4.0  1  1
		 17  108  2522.41  4297.30675   4297.3066   4.0  1  1
		 18  107   384.57  4385.05767   4385.0566   4.0  1  1
		 18  107   556.74  4381.85975   4381.8601   4.0  1  1
		 18  107   580.98  4381.40093   4381.4018   4.0  1  1
		 18  107   671.62   4379.6659   4379.6668   4.0  1  1
		 18  107   748.27  4378.17545   4378.1768   4.0  1  1
		 18  107   860.52  4375.95352   4375.9542   4.0  1  1
		 18  107   951.29  4374.12301   4374.1239   4.0  1  1
		 18  107  1030.98  4372.49051     4372.49   4.0  1  1
		 18  107  1086.97  4371.32956    4371.329   4.0  1  1
		 18  107  1114.53   4370.7537   4370.7532   4.0  1  1
		 18  107  1156.29  4369.87592   4369.8756   4.0  1  1
		 18  107  1252.34  4367.83193   4367.8316   4.0  1  1
		 18  107  1340.27  4365.93048   4365.9301   4.0  1  1
		 18  107  1437.44  4363.79529   4363.7945   4.0  1  1
		 18  107  1514.89  4362.06787   4362.0662   4.0  1  1
		 18  107  1633.69  4359.37378   4359.3719   4.0  1  1
		 18  107  1679.47  4358.32109     4358.32   4.0  1  1
		 18  107  1887.02  4353.44829   4353.4487   4.0  1  1
		 18  107  1921.94  4352.61206   4352.6122   4.0  1  1
		 18  107  1938.86  4352.20518   4352.2049   4.0  1  1
		 18  107  2067.64   4349.0722   4349.0722   4.0  1  1
		 18  107  2086.82  4348.59988   4348.5982   4.0  1  1
		 18  107  2108.56  4348.06321    4348.064   4.0  1  1
		 18  107  2224.55  4345.16753    4345.168   4.0  1  1
		 18  107  2257.86  4344.32611   4344.3265   4.0  1  1
		 18  107  2272.64   4343.9515   4343.9515   4.0  1  1
		 18  107  2331.78  4342.44347   4342.4442   4.0  1  1
		 18  107  2391.94   4340.8955   4340.8954   4.0  1  1
		 18  107  2530.38  4337.27875   4337.2774   4.0  1  1
		 18  107  2538.20  4337.07235   4337.0708   4.0  1  1
		 18  107  2603.43   4335.3398   4335.3379   4.0  1  1
		 19  106   407.69  4426.00207   4426.0011   4.0  1  1
		 19  106   470.28  4424.83628   4424.8373   4.0  1  1
		 19  106   529.52  4423.71939   4423.7202   4.0  1  1
		 19  106   616.97  4422.04753   4422.0479   4.0  1  1
		 19  106   643.10  4421.54238   4421.5439   4.0  1  1
		 19  106   880.21  4416.84393   4416.8447   4.0  1  1
		 19  106   995.38  4414.48631   4414.4863   4.0  1  1
		 19  106  1259.84  4408.88419   4408.8828   4.0  1  1
		 19  106  1528.23  4402.92762   4402.9271   4.0  1  1
		 19  106  1613.10  4400.98673   4400.9863   4.0  1  1
		 19  106  1651.57  4400.09791   4400.0968   4.0  1  1
		 19  106  1681.24  4399.40839    4399.406   4.0  1  1
		 19  106  1919.07  4393.75832    4393.759   4.0  1  1
		 19  106  1951.41  4392.97319    4392.974   4.0  1  1
		 19  106  2027.47  4391.11002   4391.1105   4.0  1  1
		 19  106  2268.50  4385.05595   4385.0566   4.0  1  1
		 19  106  2392.25  4381.85849   4381.8601   4.0  1  1
		 19  106  2409.73  4381.40192   4381.4018   4.0  1  1
		 19  106  2475.72  4379.66723   4379.6668   4.0  1  1
		 19  106  2531.84  4378.17833   4378.1768   4.0  1  1
		 19  106  2614.72   4375.9565   4375.9542   4.0  1  1
		 20  105   556.37  4465.33926   4465.3406   4.0  1  1
		 20  105   642.66  4463.66585    4463.666   4.0  1  1
		 20  105   750.91  4461.52731   4461.5278   4.0  1  1
		 20  105   799.35  4460.55613   4460.5574   4.0  1  1
		 20  105   888.90  4458.73779   4458.7384   4.0  1  1
		 20  105   924.74  4458.00144   4458.0015   4.0  1  1
		 20  105  1079.20  4454.77303   4454.7738   4.0  1  1
		 20  105  1182.40  4452.56559   4452.5655   4.0  1  1
		 20  105  1263.50  4450.80246    4450.804   4.0  1  1
		 20  105  1321.71  4449.52151   4449.5206   4.0  1  1
		 20  105  1350.63  4448.88027   4448.8792   4.0  1  1
		 20  105  1397.51  4447.83396   4447.8346   4.0  1  1
		 20  105  1483.23  4445.89876   4445.9012   4.0  1  1
		 20  105  1521.15  4445.03371   4445.0338   4.0  1  1
		 20  105  1580.57   4443.6668   4443.6657   4.0  1  1
		 20  105  1668.85  4441.61083   4441.6084   4.0  1  1
		 20  105  1700.49  4440.86658   4440.8659   4.0  1  1
		 20  105  1712.86  4440.57462   4440.5737   4.0  1  1
		 20  105  1742.23  4439.87897   4439.8793   4.0  1  1
		 20  105  1759.73  4439.46276   4439.4614   4.0  1  1
		 20  105  1773.96  4439.12352   4439.1237   4.0  1  1
		 20  105  1789.65  4438.74835   4438.7464   4.0  1  1
		 20  105  1946.16  4434.95473   4434.9564   4.0  1  1
		 20  105  1991.50  4433.83767    4433.838   4.0  1  1
		 20  105  2026.76  4432.96355   4432.9628   4.0  1  1
		 20  105  2055.35  4432.25093   4432.2523   4.0  1  1
		 20  105  2105.42  4430.99535   4430.9963   4.0  1  1
		 20  105  2137.41  4430.18774    4430.189   4.0  1  1
		 20  105  2300.78  4426.00059   4426.0011   4.0  1  1
		 20  105  2388.12  4423.71851   4423.7202   4.0  1  1
		 20  105  2451.38  4422.04624   4422.0479   4.0  1  1
		 20  105  2470.29  4421.54334   4421.5439   4.0  1  1
		 20  105  2644.36  4416.84538   4416.8447   4.0  1  1
		 21  104   428.41  4510.73337   4510.7332   4.0  1  1
		 21  104   439.26  4510.52773   4510.5259   4.0  1  1
		 21  104   579.33  4507.83333   4507.8339   4.0  1  1
		 21  104   648.61  4506.47352    4506.473   4.0  1  1
		 21  104   711.88   4505.2158   4505.2167   4.0  1  1
		 21  104   825.20  4502.92569   4502.9268   4.0  1  1
		 21  104   967.43  4499.98248   4499.9832   4.0  1  1
		 21  104  1016.81  4498.94269   4498.9401   4.0  1  1
		 21  104  1035.84  4498.53951   4498.5384   4.0  1  1
		 21  104  1275.85  4493.33496   4493.3337   4.0  1  1
		 21  104  1381.13  4490.98196   4490.9816   4.0  1  1
		 21  104  1439.25  4489.66447   4489.6645   4.0  1  1
		 21  104  1482.36   4488.6788   4488.6803   4.0  1  1
		 21  104  1533.63   4487.4972   4487.4955   4.0  1  1
		 21  104  1559.45   4486.8981   4486.8973   4.0  1  1
		 21  104  1710.29  4483.34686   4483.3468   4.0  1  1
		 21  104  1774.39  4481.81047   4481.8107   4.0  1  1
		 21  104  1863.89  4479.63824   4479.6376   4.0  1  1
		 21  104  1906.42  4478.59497   4478.5958   4.0  1  1
		 21  104  2042.00  4475.22096   4475.2214   4.0  1  1
		 21  104  2060.37  4474.75829   4474.7594   4.0  1  1
		 21  104  2208.02  4470.98933   4470.9906   4.0  1  1
		 21  104  2264.50  4469.52448   4469.5253   4.0  1  1
		 21  104  2423.22  4465.33916   4465.3406   4.0  1  1
		 21  104  2485.60  4463.66625    4463.666   4.0  1  1
		 21  104  2564.49  4461.52794   4461.5278   4.0  1  1
		 21  104  2599.98  4460.55762   4460.5574   4.0  1  1
		 22  103   360.83  4555.81458   4555.8127   4.0  1  1
		 22  103   551.38  4552.15258   4552.1536   4.0  1  1
		 22  103   771.24  4547.75696   4547.7589   4.0  1  1
		 22  103   860.76  4545.91476   4545.9156   4.0  1  1
		 22  103   902.26  4545.05029   4545.0519   4.0  1  1
		 22  103   927.85  4544.51386   4544.5142   4.0  1  1
		 22  103   958.50  4543.86813   4543.8692   4.0  1  1
		 22  103  1092.65  4540.99935    4540.999   4.0  1  1
		 22  103  1245.62  4537.64321   4537.6426   4.0  1  1
		 22  103  1341.58  4535.49158   4535.4903   4.0  1  1
		 22  103  1352.04   4535.2549   4535.2546   4.0  1  1
		 22  103  1437.52  4533.30416   4533.3042   4.0  1  1
		 22  103  1447.47  4533.07541    4533.077   4.0  1  1
		 22  103  1556.00  4530.55322   4530.5523   4.0  1  1
		 22  103  1565.91   4530.3206   4530.3191   4.0  1  1
		 22  103  1897.12  4522.32224    4522.323   4.0  1  1
		 22  103  1942.46  4521.19337   4521.1939   4.0  1  1
		 22  103  2019.42  4519.25817   4519.2592   4.0  1  1
		 22  103  2181.02  4515.11704   4515.1182   4.0  1  1
		 22  103  2236.21  4513.67839   4513.6799   4.0  1  1
		 22  103  2253.60  4513.22251   4513.2231   4.0  1  1
		 22  103  2347.77  4510.73268   4510.7332   4.0  1  1
		 22  103  2455.72  4507.83397   4507.8339   4.0  1  1
		 22  103  2505.76  4506.47429    4506.473   4.0  1  1
		 22  103  2551.69  4505.21696   4505.2167   4.0  1  1
		 22  103  2634.51  4502.92795   4502.9268   4.0  1  1
		 23  102   450.45  4598.76227   4598.7627   4.0  1  1
		 23  102   575.61  4596.30718   4596.3078   4.0  1  1
		 23  102   586.28  4596.09507   4596.0967   4.0  1  1
		 23  102   620.13  4595.41934   4595.4206   4.0  1  1
		 23  102   708.14  4593.64222   4593.6437   4.0  1  1
		 23  102   755.92  4592.66496    4592.666   4.0  1  1
		 23  102   889.00   4589.8967   4589.8978   4.0  1  1
		 23  102   958.45  4588.42503   4588.4261   4.0  1  1
		 23  102  1288.49  4581.17394   4581.1732   4.0  1  1
		 23  102  1347.69   4579.8283   4579.8272   4.0  1  1
		 23  102  1368.57  4579.35023   4579.3495   4.0  1  1
		 23  102  1712.82  4571.22082   4571.2195   4.0  1  1
		 23  102  1723.02  4570.97283   4570.9722   4.0  1  1
		 23  102  1838.22  4568.14187   4568.1426   4.0  1  1
		 23  102  1874.47  4567.23987   4567.2403   4.0  1  1
		 23  102  1970.17  4564.83352   4564.8354   4.0  1  1
		 23  102  1987.08  4564.40435   4564.4054   4.0  1  1
		 23  102  2106.29  4561.34671   4561.3477   4.0  1  1
		 23  102  2221.23  4558.34365   4558.3458   4.0  1  1
		 23  102  2316.56  4555.81185   4555.8127   4.0  1  1
		 23  102  2451.90  4552.15322   4552.1536   4.0  1  1
		 23  102  2610.84  4547.75959   4547.7589   4.0  1  1
		 24  101   663.51  4640.04435   4640.0462   4.0  1  1
		 24  101   729.83  4638.68402   4638.6849   4.0  1  1
		 24  101   799.72  4637.23187   4637.2328   4.0  1  1
		 24  101   963.01  4633.76511   4633.7657   4.0  1  1
		 24  101  1055.23   4631.7612   4631.7617   4.0  1  1
		 24  101  1204.72  4628.44156   4628.4409   4.0  1  1
		 24  101  1215.38  4628.20151   4628.2015   4.0  1  1
		 24  101  1255.35  4627.29728    4627.298   4.0  1  1
		 24  101  1385.28  4624.31423    4624.314   4.0  1  1
		 24  101  1519.42  4621.16362   4621.1629   4.0  1  1
		 24  101  1589.82  4619.48123   4619.4794   4.0  1  1
		 24  101  1759.86  4615.33555    4615.334   4.0  1  1
		 24  101  1772.41  4615.02501    4615.024   4.0  1  1
		 24  101  1829.47  4613.60453   4613.6044   4.0  1  1
		 24  101  1871.68  4612.54536   4612.5435   4.0  1  1
		 24  101  1988.83  4609.56753   4609.5673   4.0  1  1
		 24  101  2025.62  4608.62078   4608.6201   4.0  1  1
		 24  101  2052.20  4607.93341   4607.9347   4.0  1  1
		 24  101  2234.41  4603.14263   4603.1446   4.0  1  1
		 24  101  2396.60  4598.76246   4598.7627   4.0  1  1
		 24  101  2485.77  4596.30773   4596.3078   4.0  1  1
		 24  101  2493.43  4596.09558   4596.0967   4.0  1  1
		 24  101  2517.70  4595.42075   4595.4206   4.0  1  1
		 24  101  2581.27  4593.64189   4593.6437   4.0  1  1
		 24  101  2615.86   4592.6669    4592.666   4.0  1  1
		 25  100   405.37  4691.63553   4691.6354   4.0  1  1
		 25  100   420.09  4691.34698   4691.3452   4.0  1  1
		 25  100   456.82  4690.62309   4690.6219   4.0  1  1
		 25  100   675.98  4686.19488   4686.1946   4.0  1  1
		 25  100   812.10  4683.35036   4683.3517   4.0  1  1
		 25  100   938.49  4680.64408    4680.646   4.0  1  1
		 25  100   957.25  4680.23688   4680.2377   4.0  1  1
		 25  100  1146.37  4676.05523   4676.0555   4.0  1  1
		 25  100  1176.50  4675.37609    4675.376   4.0  1  1
		 25  100  1251.81  4673.66225   4673.6609   4.0  1  1
		 25  100  1410.17  4669.98419   4669.9842   4.0  1  1
		 25  100  1486.61  4668.17253   4668.1716   4.0  1  1
		 25  100  1543.87  4666.80011   4666.7985   4.0  1  1
		 25  100  1555.60  4666.51732   4666.5158   4.0  1  1
		 25  100  1576.72  4666.00687    4666.005   4.0  1  1
		 25  100  1691.39  4663.20287   4663.2026   4.0  1  1
		 25  100  1836.77  4659.57105   4659.5698   4.0  1  1
		 25  100  1902.49  4657.90069   4657.9012   4.0  1  1
		 25  100  2006.83  4655.21244   4655.2126   4.0  1  1
		 25  100  2129.68  4651.98937   4651.9895   4.0  1  1
		 25  100  2146.04  4651.55559   4651.5552   4.0  1  1
		 25  100  2195.58  4650.23466   4650.2343   4.0  1  1
		 25  100  2306.11  4647.25075   4647.2509   4.0  1  1
		 25  100  2326.83  4646.68581   4646.6861   4.0  1  1
		 25  100  2398.90  4644.70634   4644.7072   4.0  1  1
		 25  100  2565.55   4640.0457   4640.0462   4.0  1  1
		 25  100  2613.44  4638.68472   4638.6849   4.0  1  1
		 25  100  2664.06  4637.23543   4637.2328   4.0  1  1
		 26   99   306.87  4740.96067   4740.9585   4.0  1  1
		 26   99   372.55  4739.67875   4739.6764   4.0  1  1
		 26   99   561.10  4735.90525   4735.9058   4.0  1  1
		 26   99   746.81  4732.05237   4732.0532   4.0  1  1
		 26   99   883.59  4729.12743   4729.1282   4.0  1  1
		 26   99   986.95  4726.86773   4726.8683   4.0  1  1
		 26   99  1124.93  4723.78466    4723.784   4.0  1  1
		 26   99  1140.23  4723.43791   4723.4382   4.0  1  1
		 26   99  1199.41  4722.08866   4722.0886   4.0  1  1
		 26   99  1221.06  4721.59149    4721.591   4.0  1  1
		 26   99  1234.67  4721.27777   4721.2765   4.0  1  1
		 26   99  1270.10  4720.45826   4720.4586   4.0  1  1
		 26   99  1589.38  4712.84146   4712.8408   4.0  1  1
		 26   99  1604.00  4712.48274   4712.4814   4.0  1  1
		 26   99  1671.11  4710.82472   4710.8238   4.0  1  1
		 26   99  1772.13  4708.29403    4708.294   4.0  1  1
		 26   99  1871.59  4705.76126   4705.7606   4.0  1  1
		 26   99  1940.26  4703.98844   4703.9898   4.0  1  1
		 26   99  1964.53  4703.35728   4703.3581   4.0  1  1
		 26   99  2004.40  4702.31493   4702.3161   4.0  1  1
		 26   99  2260.76  4695.45429   4695.4542   4.0  1  1
		 26   99  2276.03  4695.03682   4695.0381   4.0  1  1
		 26   99  2310.53  4694.09025   4694.0914   4.0  1  1
		 26   99  2435.44  4690.62081   4690.6219   4.0  1  1
		 26   99  2591.43  4686.19505   4686.1946   4.0  1  1
		 27   98   417.70  4787.14946    4787.148   4.0  1  1
		 27   98   579.39  4783.86109   4783.8617   4.0  1  1
		 27   98   775.80  4779.72718   4779.7286   4.0  1  1
		 27   98   842.32  4778.29217    4778.294   4.0  1  1
		 27   98   892.81  4777.19116   4777.1915   4.0  1  1
		 27   98   956.27  4775.79291    4775.794   4.0  1  1
		 27   98   977.88  4775.31286    4775.313   4.0  1  1
		 27   98  1070.25  4773.24037    4773.241   4.0  1  1
		 27   98  1356.36  4766.60073   4766.6006   4.0  1  1
		 27   98  1398.49  4765.59487    4765.595   4.0  1  1
		 27   98  1428.76  4764.86752   4764.8646   4.0  1  1
		 27   98  1450.36  4764.34629   4764.3463   4.0  1  1
		 27   98  1738.01  4757.22085   4757.2196   4.0  1  1
		 27   98  1924.57  4752.41526   4752.4141   4.0  1  1
		 27   98  2017.39  4749.97012   4749.9713   4.0  1  1
		 27   98  2046.37  4749.19912   4749.2002   4.0  1  1
		 27   98  2189.65  4745.33563   4745.3375   4.0  1  1
		 27   98  2306.62   4742.1169   4742.1174   4.0  1  1
		 27   98  2335.85  4741.30355   4741.3039   4.0  1  1
		 27   98  2363.46  4740.53185   4740.5292   4.0  1  1
		 27   98  2393.95  4739.67584   4739.6764   4.0  1  1
		 27   98  2526.58  4735.90583   4735.9058   4.0  1  1
		 27   98  2659.36  4732.05588   4732.0532   4.0  1  1
		 28   97   597.81  4832.80234   4832.8025   4.0  1  1
		 28   97   655.10  4831.59628   4831.5975   4.0  1  1
		 28   97   677.53  4831.12054   4831.1213   4.0  1  1
		 28   97   739.50  4829.79538   4829.7973   4.0  1  1
		 28   97   881.56  4826.69921   4826.7004   4.0  1  1
		 28   97  1002.58   4823.9969   4823.9967   4.0  1  1
		 28   97  1019.85  4823.60647   4823.6058   4.0  1  1
		 28   97  1052.94  4822.85493   4822.8548   4.0  1  1
		 28   97  1108.31  4821.58726   4821.5878   4.0  1  1
		 28   97  1138.70  4820.88612   4820.8847   4.0  1  1
		 28   97  1156.86  4820.46525   4820.4649   4.0  1  1
		 28   97  1211.42   4819.1931    4819.193   4.0  1  1
		 28   97  1433.13  4813.89649   4813.8963   4.0  1  1
		 28   97  1440.36  4813.72044   4813.7204   4.0  1  1
		 28   97  1469.52  4813.00772   4813.0069   4.0  1  1
		 28   97  1495.27  4812.37545   4812.3755   4.0  1  1
		 28   97  1606.42  4809.61466    4809.614   4.0  1  1
		 28   97  1665.19  4808.13386   4808.1337   4.0  1  1
		 28   97  1748.10  4806.02048   4806.0205   4.0  1  1
		 28   97  2129.86  4795.91374   4795.9131   4.0  1  1
		 28   97  2226.97  4793.24401   4793.2446   4.0  1  1
		 28   97  2268.79  4792.08162   4792.0819   4.0  1  1
		 28   97  2364.74  4789.38666   4789.3868   4.0  1  1
		 28   97  2443.43  4787.14702    4787.148   4.0  1  1
		 28   97  2557.16   4783.8621   4783.8617   4.0  1  1
		 28   97  2594.80  4782.76288   4782.7612   4.0  1  1
		 29   96   122.12    4892.758   4892.7592   4.0  1  1
		 29   96   350.31   4888.2637   4888.2612   4.0  1  1
		 29   96   640.68  4882.24235   4882.2432   4.0  1  1
		 29   96   689.20  4881.20289   4881.2046   4.0  1  1
		 29   96   751.15   4879.8618   4879.8635   4.0  1  1
		 29   96   802.78  4878.73227    4878.733   4.0  1  1
		 29   96   835.59  4878.00873   4878.0094   4.0  1  1
		 29   96   903.64  4876.49399   4876.4949   4.0  1  1
		 29   96   997.90  4874.36454   4874.3645   4.0  1  1
		 29   96  1061.00  4872.91846   4872.9169   4.0  1  1
		 29   96  1131.30  4871.28819    4871.289   4.0  1  1
		 29   96  1233.48   4868.8818   4868.8814   4.0  1  1
		 29   96  1288.98  4867.55676    4867.556   4.0  1  1
		 29   96  1357.15  4865.91126     4865.91   4.0  1  1
		 29   96  1374.95   4865.4785   4865.4775   4.0  1  1
		 29   96  1527.36  4861.71818   4861.7173   4.0  1  1
		 29   96  1547.38  4861.21715   4861.2167   4.0  1  1
		 29   96  1661.30  4858.33286   4858.3327   4.0  1  1
		 29   96  1871.45  4852.86792   4852.8685   4.0  1  1
		 29   96  1962.58  4850.43947   4850.4397   4.0  1  1
		 29   96  1984.10  4849.86085   4849.8617   4.0  1  1
		 29   96  2010.80  4849.14016   4849.1399   4.0  1  1
		 29   96  2039.51  4848.36194   4848.3625   4.0  1  1
		 29   96  2059.79  4847.80982   4847.8095   4.0  1  1
		 29   96  2156.24  4845.16066   4845.1626   4.0  1  1
		 29   96  2323.42  4840.47311   4840.4744   4.0  1  1
		 29   96  2588.14  4832.80195   4832.8025   4.0  1  1
		 29   96  2628.71  4831.59926   4831.5975   4.0  1  1
		 30   95   354.32  4939.64511   4939.6422   4.0  1  1
		 30   95   442.64  4937.82991   4937.8295   4.0  1  1
		 30   95   493.25  4936.77526   4936.7746   4.0  1  1
		 30   95   660.85  4933.20848   4933.2091   4.0  1  1
		 30   95   906.20  4927.77857   4927.7803   4.0  1  1
		 30   95  1171.95  4921.61509   4921.6134   4.0  1  1
		 30   95  1247.20  4919.81614   4919.8157   4.0  1  1
		 30   95  1542.35  4912.52946   4912.5293   4.0  1  1
		 30   95  1587.55  4911.38098   4911.3787   4.0  1  1
		 30   95  1635.30  4910.15812   4910.1576   4.0  1  1
		 30   95  1841.99  4904.75254   4904.7516   4.0  1  1
		 30   95  1915.22  4902.79331   4902.7943   4.0  1  1
		 30   95  1942.65   4902.0534   4902.0545   4.0  1  1
		 30   95  2045.84  4899.24081   4899.2401   4.0  1  1
		 30   95  2199.95  4894.95438   4894.9551   4.0  1  1
		 30   95  2253.41  4893.44313   4893.4453   4.0  1  1
		 30   95  2277.40    4892.761   4892.7592   4.0  1  1
		 30   95  2357.80  4890.45608   4890.4582   4.0  1  1
		 30   95  2406.65  4889.04203   4889.0422   4.0  1  1
		 30   95  2433.51  4888.25998   4888.2612   4.0  1  1
		 30   95  2636.53  4882.24543   4882.2432   4.0  1  1
	offset	125
	slope	-1
	niterate 3
	lowreject 3.
	highreject 3.
	coefficients	24
		1.
		4.
		4.
		1.
		1.
		3000.
		95.
		124.
		466544.6470125748
		-3606.243709133975
		-229.1755859654738
		-2.41624644851694
		-18.34180080349179
		-20.51830888185875
		-2.428113624250649
		-0.02036516910698888
		0.5465671519597067
		-1.641331855885206
		-0.2577163208691826
		0.1060709266710998
		-0.02117110029170614
		0.05180593362008989
		0.03132392455117379
		-0.04163470459096228

