# Fri 18:23:43 21-Dec-2001
begin	ecidentify refThAr_580_l_2148x2048_old
	id	refThAr_580_l_2148x2048_old
	task	ecidentify
	image	refThAr_580_l_2148x2048_old
	units	angstroms
	features	566
		  1   90   130.79  6829.03472   6829.0355   4.0  1  1
		  1   90   228.61  6824.67728   6824.6774   4.0  1  1
		  1   90   254.45  6823.50633   6823.5084   4.0  1  1
		  1   90   483.39  6812.76798   6812.7752   4.0  1  1
		  1   90   489.09  6812.49233   6812.4915   4.0  1  1
		  1   90   529.05  6810.54896   6810.5494   4.0  1  1
		  1   90   550.36   6809.5045   6809.5094   4.0  1  1
		  1   90   554.20  6809.31524   6809.3173   4.0  1  1
		  1   90   558.52    6809.103      6809.1   4.0  1  1
		  1   90   570.15  6808.52926   6808.5311   4.0  1  1
		  1   90   594.53  6807.32116    6807.319   4.0  1  1
		  1   90   730.23  6800.46504   6800.4645   4.0  1  1
		  1   90   768.55  6798.48815   6798.4868   4.0  1  1
		  1   90   820.05  6795.80356   6795.7982   4.0  1  1
		  1   90   906.33  6791.23289   6791.2351   4.0  1  1
		  1   90   950.78  6788.84353   6788.8403   4.0  1  1
		  1   90   971.26  6787.73408   6787.7364   4.0  1  1
		  1   90  1104.21  6780.41176   6780.4131   4.0  1  1
		  1   90  1109.37  6780.12328   6780.1252   4.0  1  1
		  1   90  1123.57  6779.32788   6779.3242   4.0  1  1
		  1   90  1141.58  6778.31552   6778.3123   4.0  1  1
		  1   90  1233.40  6773.09339   6773.0973   4.0  1  1
		  1   90  1285.16  6770.10573   6770.1069   4.0  1  1
		  1   90  1344.95  6766.61521   6766.6117   4.0  1  1
		  1   90  1486.20  6758.20047   6758.2035   4.0  1  1
		  1   90  1504.31  6757.10467   6757.1092   4.0  1  1
		  1   90  1515.02  6756.45471   6756.4528   4.0  1  1
		  1   90  1560.77   6753.6634   6753.6598   4.0  1  1
		  1   90  1574.39  6752.82775   6752.8335   4.0  1  1
		  1   90  1597.16  6751.42616   6751.4267   4.0  1  1
		  1   90  1733.84  6742.88425   6742.8845   4.0  1  1
		  1   90  1807.63  6738.18234     6738.18   4.0  1  1
		  1   90  1876.33   6733.7488   6733.7488   4.0  1  1
		  2   91    33.76  6758.20657   6758.2035   4.0  1  1
		  2   91    59.56  6757.11205   6757.1092   4.0  1  1
		  2   91    74.98  6756.45391   6756.4528   4.0  1  1
		  2   91   139.68   6753.6604   6753.6598   4.0  1  1
		  2   91   158.59  6752.83399   6752.8335   4.0  1  1
		  2   91   378.76  6742.88665   6742.8845   4.0  1  1
		  2   91   478.55  6738.18092     6738.18   4.0  1  1
		  2   91   570.31  6733.74694   6733.7488   4.0  1  1
		  2   91   592.63  6732.65302   6732.6491   4.0  1  1
		  2   91   647.52  6729.93621   6729.9328   4.0  1  1
		  2   91   671.13  6728.75655   6728.7595   4.0  1  1
		  2   91   683.80  6728.12079   6728.1183   4.0  1  1
		  2   91   696.98  6727.45744   6727.4583   4.0  1  1
		  2   91   719.62  6726.31285   6726.3091   4.0  1  1
		  2   91   786.52  6722.89398   6722.8899   4.0  1  1
		  2   91   892.26  6717.38087   6717.3851   4.0  1  1
		  2   91   956.44  6713.96912     6713.97   4.0  1  1
		  2   91  1006.84  6711.25515   6711.2521   4.0  1  1
		  2   91  1250.46  6697.71292   6697.7123   4.0  1  1
		  2   91  1277.86  6696.14591     6696.14   4.0  1  1
		  2   91  1306.50  6694.49848   6694.4967   4.0  1  1
		  2   91  1314.98  6694.00851   6694.0068   4.0  1  1
		  2   91  1337.15  6692.72473   6692.7262   4.0  1  1
		  2   91  1426.09  6687.51547   6687.5207   4.0  1  1
		  2   91  1480.36  6684.29192   6684.2929   4.0  1  1
		  2   91  1495.75  6683.37146   6683.3673   4.0  1  1
		  2   91  1550.40  6680.08084   6680.0811   4.0  1  1
		  2   91  1573.07  6678.70557   6678.7067   4.0  1  1
		  2   91  1596.46  6677.28017   6677.2817   4.0  1  1
		  2   91  1638.59  6674.69742   6674.6969   4.0  1  1
		  2   91  1656.65  6673.58367   6673.5797   4.0  1  1
		  2   91  1733.41   6668.8095   6668.8163   4.0  1  1
		  2   91  1772.46  6666.35413   6666.3588   4.0  1  1
		  2   91  1808.84  6664.05134    6664.051   4.0  1  1
		  2   91  1814.47  6663.69396   6663.6966   4.0  1  1
		  2   91  1836.84  6662.26894   6662.2686   4.0  1  1
		  2   91  1861.65  6660.68197   6660.6761   4.0  1  1
		  2   91  1892.76  6658.68158   6658.6774   4.0  1  1
		  3   92    46.00  6684.29192   6684.2929   4.0  1  1
		  3   92    67.98  6683.36649   6683.3673   4.0  1  1
		  3   92   176.56  6678.70608   6678.7067   4.0  1  1
		  3   92   209.12  6677.28079   6677.2817   4.0  1  1
		  3   92   267.41  6674.69584   6674.6969   4.0  1  1
		  3   92   292.33  6673.57786   6673.5797   4.0  1  1
		  3   92   396.59   6668.8191   6668.8163   4.0  1  1
		  3   92   449.41  6666.35791   6666.3588   4.0  1  1
		  3   92   498.29  6664.04999    6664.051   4.0  1  1
		  3   92   505.68  6663.69845   6663.6966   4.0  1  1
		  3   92   535.58  6662.26969   6662.2686   4.0  1  1
		  3   92   568.63  6660.67792   6660.6761   4.0  1  1
		  3   92   609.75  6658.67935   6658.6774   4.0  1  1
		  3   92   645.32  6656.93372   6656.9386   4.0  1  1
		  3   92   674.52  6655.48948   6655.4892   4.0  1  1
		  3   92   697.09  6654.36623   6654.3675   4.0  1  1
		  3   92   804.14  6648.95501   6648.9586   4.0  1  1
		  3   92   813.20  6648.49086   6648.4954   4.0  1  1
		  3   92   851.08  6646.53905   6646.5407   4.0  1  1
		  3   92   887.18   6644.6634   6644.6635   4.0  1  1
		  3   92   905.61  6643.69974   6643.6976   4.0  1  1
		  3   92   980.52  6639.74157   6639.7403   4.0  1  1
		  3   92   996.08  6638.91139   6638.9119   4.0  1  1
		  3   92  1008.95  6638.22234   6638.2207   4.0  1  1
		  3   92  1122.00  6632.08532   6632.0837   4.0  1  1
		  3   92  1320.28  6620.96032   6620.9665   4.0  1  1
		  3   92  1337.92  6619.94885   6619.9458   4.0  1  1
		  3   92  1368.77  6618.17003   6618.1668   4.0  1  1
		  3   92  1380.05  6617.51706   6617.5154   4.0  1  1
		  3   92  1584.63  6605.41909   6605.4165   4.0  1  1
		  3   92  1594.00  6604.85355   6604.8534   4.0  1  1
		  3   92  1614.40  6603.61836   6603.6209   4.0  1  1
		  3   92  1628.50  6602.76234    6602.762   4.0  1  1
		  3   92  1771.68  6593.93808   6593.9391   4.0  1  1
		  3   92  1810.84  6591.48377   6591.4845   4.0  1  1
		  3   92  1857.49  6588.53767   6588.5396   4.0  1  1
		  3   92  1930.03  6583.90745    6583.906   4.0  1  1
		  4   93   211.75  6605.41755   6605.4165   4.0  1  1
		  4   93   224.67  6604.85377   6604.8534   4.0  1  1
		  4   93   252.65  6603.62542   6603.6209   4.0  1  1
		  4   93   272.21  6602.76114    6602.762   4.0  1  1
		  4   93   345.49   6599.4822   6599.4824   4.0  1  1
		  4   93   363.32  6598.67446   6598.6778   4.0  1  1
		  4   93   419.42  6596.10844   6596.1141   4.0  1  1
		  4   93   466.26   6593.9369   6593.9391   4.0  1  1
		  4   93   476.43  6593.46172   6593.4628   4.0  1  1
		  4   93   518.51  6591.48333   6591.4845   4.0  1  1
		  4   93   639.20  6585.69108   6585.6945   4.0  1  1
		  4   93   661.32  6584.61049    6584.613   4.0  1  1
		  4   93   749.78   6580.2319   6580.2299   4.0  1  1
		  4   93   800.98  6577.65478   6577.6552   4.0  1  1
		  4   93   809.64  6577.21616   6577.2146   4.0  1  1
		  4   93   831.19  6576.12014   6576.1221   4.0  1  1
		  4   93   956.55  6569.63579   6569.6322   4.0  1  1
		  4   93  1042.72  6565.07155     6565.07   4.0  1  1
		  4   93  1054.44  6564.44393   6564.4445   4.0  1  1
		  4   93  1135.51  6560.05973   6560.0574   4.0  1  1
		  4   93  1157.20   6558.8743   6558.8756   4.0  1  1
		  4   93  1242.45  6554.16039   6554.1603   4.0  1  1
		  4   93  1286.28  6551.70377   6551.7055   4.0  1  1
		  4   93  1313.25  6550.18157   6550.1877   4.0  1  1
		  4   93  1391.48  6545.71827   6545.7186   4.0  1  1
		  4   93  1530.50  6537.61356   6537.6139   4.0  1  1
		  4   93  1537.99  6537.17037   6537.1775   4.0  1  1
		  4   93  1555.28  6536.14532   6536.1441   4.0  1  1
		  4   93  1635.57  6531.34216   6531.3418   4.0  1  1
		  4   93  1787.63  6522.04415   6522.0432   4.0  1  1
		  5   94   155.37  6537.60783   6537.6139   4.0  1  1
		  5   94   300.03  6531.34149   6531.3418   4.0  1  1
		  5   94   494.87  6522.50483   6522.4994   4.0  1  1
		  5   94   504.75  6522.04484   6522.0432   4.0  1  1
		  5   94   676.68  6513.85245   6513.8462   4.0  1  1
		  5   94   707.21  6512.36124   6512.3639   4.0  1  1
		  5   94   774.25  6509.04823   6509.0503   4.0  1  1
		  5   94   788.05  6508.35979   6508.3605   4.0  1  1
		  5   94   815.46  6506.98585   6506.9868   4.0  1  1
		  5   94   884.01  6503.51088   6503.5111   4.0  1  1
		  5   94   913.61  6501.99349   6501.9919   4.0  1  1
		  5   94   939.50  6500.65758   6500.6575   4.0  1  1
		  5   94   969.35  6499.10822   6499.1061   4.0  1  1
		  5   94  1000.38  6497.48667   6497.4919   4.0  1  1
		  5   94  1028.22  6496.02186   6496.0292   4.0  1  1
		  5   94  1042.57  6495.26343   6495.2573   4.0  1  1
		  5   94  1066.91  6493.97154   6493.9694   4.0  1  1
		  5   94  1070.54  6493.77838   6493.7777   4.0  1  1
		  5   94  1081.45   6493.1968   6493.1975   4.0  1  1
		  5   94  1127.34  6490.73514   6490.7372   4.0  1  1
		  5   94  1161.54   6488.8843   6488.8832   4.0  1  1
		  5   94  1187.36  6487.47878   6487.4811   4.0  1  1
		  5   94  1267.22  6483.08152   6483.0825   4.0  1  1
		  5   94  1476.50  6471.21456   6471.2131   4.0  1  1
		  5   94  1537.38  6467.66879   6467.6754   4.0  1  1
		  5   94  1658.74  6460.47682    6460.475   4.0  1  1
		  5   94  1711.67  6457.28851   6457.2824   4.0  1  1
		  5   94  1830.60  6450.00991    6450.006   4.0  1  1
		  5   94  1882.78  6446.76748   6446.7712   4.0  1  1
		  6   95    98.30  6471.21674   6471.2131   4.0  1  1
		  6   95   182.89  6467.67751   6467.6754   4.0  1  1
		  6   95   349.12  6460.47295    6460.475   4.0  1  1
		  6   95   420.26  6457.28959   6457.2824   4.0  1  1
		  6   95   464.66  6455.27262   6455.2647   4.0  1  1
		  6   95   534.43  6452.05595   6452.0591   4.0  1  1
		  6   95   558.06  6450.95317   6450.9557   4.0  1  1
		  6   95   578.31  6450.00354    6450.006   4.0  1  1
		  6   95   646.48   6446.7703   6446.7712   4.0  1  1
		  6   95   706.98  6443.85569   6443.8598   4.0  1  1
		  6   95   747.07  6441.90031   6441.8994   4.0  1  1
		  6   95   807.45   6438.9211    6438.916   4.0  1  1
		  6   95   830.69  6437.76298   6437.7613   4.0  1  1
		  6   95   852.50  6436.67002   6436.6699   4.0  1  1
		  6   95   953.24  6431.55262    6431.555   4.0  1  1
		  6   95  1006.98  6428.77453   6428.7733   4.0  1  1
		  6   95  1082.53  6424.81336   6424.8127   4.0  1  1
		  6   95  1118.56  6422.90132   6422.8969   4.0  1  1
		  6   95  1133.46  6422.10648   6422.1075   4.0  1  1
		  6   95  1202.76   6418.3754   6418.3703   4.0  1  1
		  6   95  1240.67   6416.3111   6416.3071   4.0  1  1
		  6   95  1254.73  6415.54141   6415.5374   4.0  1  1
		  6   95  1289.68  6413.61853   6413.6145   4.0  1  1
		  6   95  1320.65  6411.90282   6411.8991   4.0  1  1
		  6   95  1417.85  6406.44879   6406.4462   4.0  1  1
		  6   95  1478.24  6403.00656   6403.0128   4.0  1  1
		  6   95  1518.37  6400.69647   6400.6961   4.0  1  1
		  6   95  1531.16  6399.95642   6399.9498   4.0  1  1
		  6   95  1544.10   6399.2059   6399.2065   4.0  1  1
		  6   95  1582.74  6396.95367   6396.9499   4.0  1  1
		  6   95  1632.26   6394.0425   6394.0498   4.0  1  1
		  6   95  1636.38  6393.79933   6393.7972   4.0  1  1
		  6   95  1698.00  6390.13622   6390.1289   4.0  1  1
		  6   95  1710.51  6389.38723     6389.39   4.0  1  1
		  6   95  1720.20    6388.806   6388.8134   4.0  1  1
		  6   95  1743.65  6387.39557   6387.3957   4.0  1  1
		  6   95  1787.89  6384.71728   6384.7169   4.0  1  1
		  6   95  1914.52  6376.93329   6376.9305   4.0  1  1
		  7   96    34.44  6406.44393   6406.4462   4.0  1  1
		  7   96   118.86  6403.01069   6403.0128   4.0  1  1
		  7   96   174.57  6400.69909   6400.6961   4.0  1  1
		  7   96   210.07  6399.20661   6399.2065   4.0  1  1
		  7   96   263.15   6396.9473   6396.9499   4.0  1  1
		  7   96   330.19  6394.04658   6394.0498   4.0  1  1
		  7   96   395.49  6391.17021   6391.1774   4.0  1  1
		  7   96   418.69  6390.13644   6390.1289   4.0  1  1
		  7   96   435.40  6389.38782     6389.39   4.0  1  1
		  7   96   448.21  6388.81137   6388.8134   4.0  1  1
		  7   96   479.51  6387.39595   6387.3957   4.0  1  1
		  7   96   538.07  6384.71662   6384.7169   4.0  1  1
		  7   96   601.78    6381.756   6381.7588   4.0  1  1
		  7   96   610.33  6381.35513   6381.3598   4.0  1  1
		  7   96   646.02  6379.67272   6379.6733   4.0  1  1
		  7   96   703.53  6376.93059   6376.9305   4.0  1  1
		  7   96   806.20  6371.94067   6371.9436   4.0  1  1
		  7   96   854.03   6369.5747   6369.5748   4.0  1  1
		  7   96   862.86  6369.13515   6369.1394   4.0  1  1
		  7   96   947.20  6364.89036   6364.8937   4.0  1  1
		  7   96   998.78  6362.25489   6362.2518   4.0  1  1
		  7   96  1048.66  6359.67736   6359.6744   4.0  1  1
		  7   96  1068.90  6358.62345   6358.6211   4.0  1  1
		  7   96  1086.87  6357.68358   6357.6779   4.0  1  1
		  7   96  1099.46  6357.02324   6357.0229   4.0  1  1
		  7   96  1120.56   6355.9124   6355.9108   4.0  1  1
		  7   96  1125.85  6355.63264     6355.63   4.0  1  1
		  7   96  1254.57  6348.73911   6348.7375   4.0  1  1
		  7   96  1263.94  6348.22974   6348.2321   4.0  1  1
		  7   96  1302.53  6346.12269   6346.1209   4.0  1  1
		  7   96  1361.64  6342.86286   6342.8595   4.0  1  1
		  7   96  1418.84  6339.67112   6339.6684   4.0  1  1
		  7   96  1455.30  6337.61773   6337.6201   4.0  1  1
		  7   96  1563.85  6331.41713   6331.4137   4.0  1  1
		  7   96  1635.11  6327.27552   6327.2778   4.0  1  1
		  7   96  1650.60  6326.36808   6326.3669   4.0  1  1
		  7   96  1727.58  6321.81843   6321.8199   4.0  1  1
		  7   96  1736.34  6321.29648   6321.3004   4.0  1  1
		  7   96  1804.91  6317.18309   6317.1824   4.0  1  1
		  7   96  1828.29  6315.76825    6315.775   4.0  1  1
		  7   96  1909.40  6310.81592   6310.8101   4.0  1  1
		  8   97    53.89  6339.66774   6339.6684   4.0  1  1
		  8   97   104.70  6337.62036   6337.6201   4.0  1  1
		  8   97   213.04  6333.15358   6333.1459   4.0  1  1
		  8   97   254.39  6331.41249   6331.4137   4.0  1  1
		  8   97   350.71  6327.27931   6327.2778   4.0  1  1
		  8   97   371.62  6326.36777   6326.3669   4.0  1  1
		  8   97   474.31  6321.81704   6321.8199   4.0  1  1
		  8   97   485.76   6321.3025   6321.3004   4.0  1  1
		  8   97   576.21  6317.18116   6317.1824   4.0  1  1
		  8   97   606.59  6315.77594    6315.775   4.0  1  1
		  8   97   673.87  6312.62643   6312.6222   4.0  1  1
		  8   97   712.22  6310.80749   6310.8101   4.0  1  1
		  8   97   746.63   6309.1616     6309.16   4.0  1  1
		  8   97   777.79  6307.65929    6307.657   4.0  1  1
		  8   97   847.78  6304.24479   6304.2423   4.0  1  1
		  8   97   867.95  6303.25044   6303.2507   4.0  1  1
		  8   97   905.03  6301.41029   6301.4128   4.0  1  1
		  8   97   914.92   6300.9168   6300.9165   4.0  1  1
		  8   97   955.15  6298.89875   6298.9027   4.0  1  1
		  8   97   995.23  6296.86936   6296.8722   4.0  1  1
		  8   97  1066.02  6293.24145   6293.2424   4.0  1  1
		  8   97  1072.76  6292.89307   6292.8909   4.0  1  1
		  8   97  1088.79  6292.06273   6292.0601   4.0  1  1
		  8   97  1097.17  6291.62733   6291.6286   4.0  1  1
		  8   97  1105.53  6291.19223   6291.1915   4.0  1  1
		  8   97  1138.19  6289.48503   6289.4882   4.0  1  1
		  8   97  1180.51  6287.25531   6287.2554   4.0  1  1
		  8   97  1203.46  6286.03775   6286.0453   4.0  1  1
		  8   97  1217.67  6285.28088    6285.278   4.0  1  1
		  8   97  1316.16  6279.97295   6279.9776   4.0  1  1
		  8   97  1331.01  6279.16378    6279.166   4.0  1  1
		  8   97  1340.49  6278.64545   6278.6453   4.0  1  1
		  8   97  1366.15  6277.23788   6277.2385   4.0  1  1
		  8   97  1385.61  6276.16618   6276.1646   4.0  1  1
		  8   97  1422.56  6274.11853   6274.1166   4.0  1  1
		  8   97  1468.59  6271.54706   6271.5444   4.0  1  1
		  8   97  1527.79  6268.20571   6268.2001   4.0  1  1
		  8   97  1563.50  6266.17156   6266.1737   4.0  1  1
		  8   97  1589.00  6264.71067   6264.7139   4.0  1  1
		  8   97  1646.03  6261.41729   6261.4181   4.0  1  1
		  8   97  1694.34  6258.60004   6258.6068   4.0  1  1
		  8   97  1714.44   6257.4199   6257.4237   4.0  1  1
		  8   97  1831.00  6250.49271   6250.4858   4.0  1  1
		  9   98    24.92  6276.16287   6276.1646   4.0  1  1
		  9   98    76.65  6274.11588   6274.1166   4.0  1  1
		  9   98   140.55  6271.54472   6271.5444   4.0  1  1
		  9   98   221.89  6268.20279   6268.2001   4.0  1  1
		  9   98   270.45  6266.17127   6266.1737   4.0  1  1
		  9   98   381.58   6261.4189   6261.4181   4.0  1  1
		  9   98   445.78  6258.60869   6258.6068   4.0  1  1
		  9   98   472.53  6257.42389   6257.4237   4.0  1  1
		  9   98   625.61   6250.4858   6250.4858   4.0  1  1
		  9   98   670.41  6248.40476   6248.4055   4.0  1  1
		  9   98   717.86  6246.17612   6246.1736   4.0  1  1
		  9   98   729.72  6245.61512   6245.6182   4.0  1  1
		  9   98   782.10  6243.11813   6243.1201   4.0  1  1
		  9   98   827.04  6240.95117   6240.9536   4.0  1  1
		  9   98   852.50  6239.71346   6239.7121   4.0  1  1
		  9   98   951.05  6234.85345   6234.8554   4.0  1  1
		  9   98   964.29  6234.19206   6234.1962   4.0  1  1
		  9   98   988.54  6232.97624   6232.9745   4.0  1  1
		  9   98  1118.10  6226.36794   6226.3697   4.0  1  1
		  9   98  1153.54  6224.52778   6224.5272   4.0  1  1
		  9   98  1214.64  6221.32293   6221.3192   4.0  1  1
		  9   98  1239.44   6220.0103   6220.0112   4.0  1  1
		  9   98  1315.55  6215.93943   6215.9383   4.0  1  1
		  9   98  1448.36  6208.68429   6208.6869   4.0  1  1
		  9   98  1465.31  6207.74447   6207.7504   4.0  1  1
		  9   98  1474.68  6207.22327   6207.2201   4.0  1  1
		  9   98  1499.16  6205.85779   6205.8599   4.0  1  1
		  9   98  1541.35   6203.4899   6203.4925   4.0  1  1
		  9   98  1583.53  6201.10247   6201.1002   4.0  1  1
		  9   98  1595.38  6200.42822   6200.4325   4.0  1  1
		  9   98  1633.96  6198.22317   6198.2227   4.0  1  1
		  9   98  1709.56  6193.85554   6193.8563   4.0  1  1
		  9   98  1743.00  6191.90354   6191.9053   4.0  1  1
		  9   98  1790.00  6189.14039   6189.1449   4.0  1  1
		  9   98  1807.22  6188.12185   6188.1251   4.0  1  1
		  9   98  1899.34  6182.62062   6182.6217   4.0  1  1
		  9   98  1931.00  6180.70892    6180.705   4.0  1  1
		 10   99   129.34  6208.68597   6208.6869   4.0  1  1
		 10   99   165.70   6207.2207   6207.2201   4.0  1  1
		 10   99   199.16  6205.85887   6205.8599   4.0  1  1
		 10   99   256.56  6203.49277   6203.4925   4.0  1  1
		 10   99   313.58  6201.10481   6201.1002   4.0  1  1
		 10   99   329.47  6200.43283   6200.4325   4.0  1  1
		 10   99   381.28  6198.22137   6198.2227   4.0  1  1
		 10   99   481.51  6193.85645   6193.8563   4.0  1  1
		 10   99   525.49  6191.90494   6191.9053   4.0  1  1
		 10   99   586.83  6189.14663   6189.1449   4.0  1  1
		 10   99   609.37  6188.12262   6188.1251   4.0  1  1
		 10   99   630.94  6187.13708    6187.135   4.0  1  1
		 10   99   769.05  6180.70356    6180.705   4.0  1  1
		 10   99   816.73  6178.43271   6178.4315   4.0  1  1
		 10   99   926.69  6173.09894   6173.0964   4.0  1  1
		 10   99   943.42  6172.27582   6172.2778   4.0  1  1
		 10   99   985.77    6170.178    6170.174   4.0  1  1
		 10   99   992.99   6169.8184   6169.8221   4.0  1  1
		 10   99  1086.26  6165.12092   6165.1232   4.0  1  1
		 10   99  1098.82  6164.48098   6164.4796   4.0  1  1
		 10   99  1128.45  6162.96481   6162.9699   4.0  1  1
		 10   99  1143.84  6162.17293     6162.17   4.0  1  1
		 10   99  1159.69  6161.35539   6161.3534   4.0  1  1
		 10   99  1241.55  6157.08784   6157.0878   4.0  1  1
		 10   99  1270.18  6155.57765    6155.581   4.0  1  1
		 10   99  1276.53  6155.24188   6155.2385   4.0  1  1
		 10   99  1290.29  6154.51217   6154.5162   4.0  1  1
		 10   99  1298.60   6154.0703   6154.0682   4.0  1  1
		 10   99  1337.50  6151.99274   6151.9929   4.0  1  1
		 10   99  1361.78  6150.68707    6150.683   4.0  1  1
		 10   99  1458.22  6145.44013   6145.4411   4.0  1  1
		 10   99  1470.56  6144.76126   6144.7581   4.0  1  1
		 10   99  1580.35  6138.65085   6138.6465   4.0  1  1
		 10   99  1593.31  6137.92077    6137.926   4.0  1  1
		 10   99  1665.76  6133.80745   6133.8143   4.0  1  1
		 10   99  1776.44  6127.41599    6127.416   4.0  1  1
		 10   99  1826.50  6124.48226   6124.4805   4.0  1  1
		 10   99  1837.47   6123.8361   6123.8331   4.0  1  1
		 10   99  1878.40  6121.41292   6121.4075   4.0  1  1
		 11  100    25.86  6150.68454    6150.683   4.0  1  1
		 11  100   159.34  6145.44181   6145.4411   4.0  1  1
		 11  100   176.43  6144.75556   6144.7581   4.0  1  1
		 11  100   324.95   6138.6539   6138.6465   4.0  1  1
		 11  100   342.33  6137.92323    6137.926   4.0  1  1
		 11  100   438.53  6133.81849   6133.8143   4.0  1  1
		 11  100   583.88  6127.41869    6127.416   4.0  1  1
		 11  100   648.85  6124.48161   6124.4805   4.0  1  1
		 11  100   657.79  6124.07417   6124.0687   4.0  1  1
		 11  100   663.09  6123.83193   6123.8331   4.0  1  1
		 11  100   673.39  6123.36012   6123.3619   4.0  1  1
		 11  100   698.32  6122.21406   6122.2144   4.0  1  1
		 11  100   715.62  6121.41425   6121.4075   4.0  1  1
		 11  100   734.15  6120.55416   6120.5564   4.0  1  1
		 11  100   752.62  6119.69308   6119.6998   4.0  1  1
		 11  100   827.47  6116.16487   6116.1661   4.0  1  1
		 11  100   853.51  6114.92283   6114.9234   4.0  1  1
		 11  100   861.53  6114.53883   6114.5392   4.0  1  1
		 11  100   883.78  6113.46957   6113.4657   4.0  1  1
		 11  100   896.87  6112.83799   6112.8375   4.0  1  1
		 11  100  1005.37   6107.5307   6107.5337   4.0  1  1
		 11  100  1043.49  6105.63547   6105.6351   4.0  1  1
		 11  100  1121.21  6101.72214   6101.7251   4.0  1  1
		 11  100  1155.35  6099.98221   6099.9886   4.0  1  1
		 11  100  1172.87  6099.08487   6099.0831   4.0  1  1
		 11  100  1178.36  6098.80247   6098.8031   4.0  1  1
		 11  100  1191.60   6098.1212   6098.1205   4.0  1  1
		 11  100  1209.53  6097.19538   6097.1945   4.0  1  1
		 11  100  1338.33  6090.44233   6090.4482   4.0  1  1
		 11  100  1383.52  6088.03087   6088.0305   4.0  1  1
		 11  100  1432.78  6085.37682   6085.3748   4.0  1  1
		 11  100  1508.46  6081.24866   6081.2433   4.0  1  1
		 11  100  1545.25  6079.22015   6079.2227   4.0  1  1
		 11  100  1559.62  6078.42371   6078.4212   4.0  1  1
		 11  100  1569.52  6077.87378   6077.8728   4.0  1  1
		 11  100  1583.36  6077.10318   6077.1057   4.0  1  1
		 11  100  1654.57  6073.10656   6073.1036   4.0  1  1
		 11  100  1726.47  6069.01721   6069.0207   4.0  1  1
		 11  100  1892.41  6059.37031   6059.3725   4.0  1  1
		 12  101    72.62   6088.0292   6088.0305   4.0  1  1
		 12  101    92.48  6087.25866   6087.2622   4.0  1  1
		 12  101   140.59  6085.37421   6085.3748   4.0  1  1
		 12  101   293.21  6079.22162   6079.2227   4.0  1  1
		 12  101   312.59  6078.42182   6078.4212   4.0  1  1
		 12  101   325.80   6077.8739   6077.8728   4.0  1  1
		 12  101   344.27  6077.10471   6077.1057   4.0  1  1
		 12  101   438.90  6073.10442   6073.1036   4.0  1  1
		 12  101   502.82  6070.34549   6070.3412   4.0  1  1
		 12  101   533.19  6069.01879   6069.0207   4.0  1  1
		 12  101   577.23  6067.07663   6067.0803   4.0  1  1
		 12  101   606.41  6065.77805   6065.7799   4.0  1  1
		 12  101   629.35  6064.75061   6064.7508   4.0  1  1
		 12  101   700.38  6061.53199   6061.5361   4.0  1  1
		 12  101   747.39  6059.37115   6059.3725   4.0  1  1
		 12  101   773.15  6058.17671   6058.1813   4.0  1  1
		 12  101   828.39  6055.59071   6055.5937   4.0  1  1
		 12  101   875.09  6053.37884   6053.3808   4.0  1  1
		 12  101   888.81  6052.72433   6052.7229   4.0  1  1
		 12  101   925.20  6050.97866   6050.9818   4.0  1  1
		 12  101   965.09  6049.04883    6049.051   4.0  1  1
		 12  101  1009.15  6046.89669   6046.8977   4.0  1  1
		 12  101  1058.98  6044.43719   6044.4327   4.0  1  1
		 12  101  1083.39  6043.22281   6043.2233   4.0  1  1
		 12  101  1096.10  6042.58784   6042.5898   4.0  1  1
		 12  101  1173.55  6038.68113   6038.6805   4.0  1  1
		 12  101  1192.81  6037.69967   6037.6975   4.0  1  1
		 12  101  1211.22  6036.75737   6036.7622   4.0  1  1
		 12  101  1241.62  6035.19425   6035.1923   4.0  1  1
		 12  101  1286.43  6032.87152   6032.8726   4.0  1  1
		 12  101  1300.64  6032.13073   6032.1274   4.0  1  1
		 12  101  1332.75  6030.44804    6030.445   4.0  1  1
		 12  101  1347.86  6029.65266     6029.65   4.0  1  1
		 12  101  1355.89  6029.22906   6029.2257   4.0  1  1
		 12  101  1432.48  6025.15287     6025.15   4.0  1  1
		 12  101  1468.39  6023.22027   6023.2242   4.0  1  1
		 12  101  1501.65   6021.4178   6021.4113   4.0  1  1
		 12  101  1508.62  6021.03856   6021.0357   4.0  1  1
		 12  101  1546.00  6018.99661   6018.9934   4.0  1  1
		 12  101  1610.69  6015.42766   6015.4218   4.0  1  1
		 12  101  1642.18   6013.6744   6013.6777   4.0  1  1
		 12  101  1680.44  6011.53014   6011.5337   4.0  1  1
		 12  101  1704.69  6010.16296   6010.1606   4.0  1  1
		 12  101  1759.18   6007.0688   6007.0722   4.0  1  1
		 12  101  1792.45  6005.16468    6005.165   4.0  1  1
		 12  101  1860.98  6001.20562   6001.2033   4.0  1  1
		 13  102    18.34  6030.44199    6030.445   4.0  1  1
		 13  102   133.00  6026.04531   6026.0448   4.0  1  1
		 13  102   155.82  6025.15252     6025.15   4.0  1  1
		 13  102   204.56  6023.22669   6023.2242   4.0  1  1
		 13  102   249.94  6021.40929   6021.4113   4.0  1  1
		 13  102   259.23   6021.0343   6021.0357   4.0  1  1
		 13  102   395.57  6015.42262   6015.4218   4.0  1  1
		 13  102   436.94  6013.67888   6013.6777   4.0  1  1
		 13  102   487.28  6011.53123   6011.5337   4.0  1  1
		 13  102   519.09  6010.15989   6010.1606   4.0  1  1
		 13  102   589.76  6007.07379   6007.0722   4.0  1  1
		 13  102   620.15   6005.7293   6005.7242   4.0  1  1
		 13  102   632.80  6005.16679    6005.165   4.0  1  1
		 13  102   709.30  6001.72792   6001.7339   4.0  1  1
		 13  102   720.82  6001.20461   6001.2033   4.0  1  1
		 13  102   769.01  5998.99958   5998.9987   4.0  1  1
		 13  102   820.26  5996.62655   5996.6297   4.0  1  1
		 13  102   873.54  5994.12904   5994.1287   4.0  1  1
		 13  102   887.04  5993.49168   5993.4941   4.0  1  1
		 13  102   939.31  5991.00397   5991.0071   4.0  1  1
		 13  102   980.08  5989.04328   5989.0447   4.0  1  1
		 13  102  1015.98  5987.30235   5987.3016   4.0  1  1
		 13  102  1037.26  5986.26371   5986.2665   4.0  1  1
		 13  102  1121.59  5982.09961    5982.096   4.0  1  1
		 13  102  1238.50  5976.20111   5976.2005   4.0  1  1
		 13  102  1260.64  5975.06764   5975.0648   4.0  1  1
		 13  102  1287.84  5973.66789   5973.6649   4.0  1  1
		 13  102  1311.63  5972.43718   5972.4351   4.0  1  1
		 13  102  1327.63  5971.60632   5971.6008   4.0  1  1
		 13  102  1363.44   5969.7365   5969.7373   4.0  1  1
		 13  102  1390.40  5968.31993   5968.3199   4.0  1  1
		 13  102  1462.97  5964.46896   5964.4723   4.0  1  1
		 13  102  1531.49  5960.78196   5960.7806   4.0  1  1
		 13  102  1614.35  5956.25732   5956.2588   4.0  1  1
		 13  102  1626.95    5955.563   5955.5616   4.0  1  1
		 13  102  1748.27  5948.79385   5948.7991   4.0  1  1
		 13  102  1821.32  5944.64407   5944.6472   4.0  1  1
		 13  102  1922.22  5938.82137   5938.8252   4.0  1  1
		 14  103    76.57    5969.736   5969.7373   4.0  1  1
		 14  103   304.56  5960.78482   5960.7806   4.0  1  1
		 14  103   414.54  5956.26143   5956.2588   4.0  1  1
		 14  103   431.32  5955.55947   5955.5616   4.0  1  1
		 14  103   454.44  5954.58777   5954.5852   4.0  1  1
		 14  103   589.39    5948.797   5948.7991   4.0  1  1
		 14  103   647.55  5946.23984   5946.2347   4.0  1  1
		 14  103   683.40  5944.64566   5944.6472   4.0  1  1
		 14  103   734.37  5942.35479   5942.3585   4.0  1  1
		 14  103   773.64  5940.57067   5940.5653   4.0  1  1
		 14  103   811.68  5938.82669   5938.8252   4.0  1  1
		 14  103   819.66  5938.45891    5938.457   4.0  1  1
		 14  103   836.84  5937.66454   5937.6634   4.0  1  1
		 14  103   847.62  5937.16459   5937.1619   4.0  1  1
		 14  103   864.41  5936.38314   5936.3861   4.0  1  1
		 14  103   948.50  5932.42521   5932.4274   4.0  1  1
		 14  103  1000.58  5929.93526   5929.9343   4.0  1  1
		 14  103  1023.77  5928.81746    5928.813   4.0  1  1
		 14  103  1058.57  5927.12956   5927.1258   4.0  1  1
		 14  103  1093.82  5925.40647   5925.4036   4.0  1  1
		 14  103  1223.61  5918.94796   5918.9442   4.0  1  1
		 14  103  1267.52  5916.72233   5916.7282   4.0  1  1
		 14  103  1313.23  5914.38461   5914.3856   4.0  1  1
		 14  103  1333.15  5913.35863   5913.3638   4.0  1  1
		 14  103  1357.69  5912.08929   5912.0853   4.0  1  1
		 14  103  1374.26  5911.22818   5911.2296   4.0  1  1
		 14  103  1418.14  5908.93509    5908.935   4.0  1  1
		 14  103  1481.77  5905.57409   5905.5707   4.0  1  1
		 14  103  1489.35  5905.17088   5905.1763   4.0  1  1
		 14  103  1537.44  5902.59859   5902.6021   4.0  1  1
		 14  103  1588.45  5899.84443   5899.8441   4.0  1  1
		 14  103  1671.80  5895.28537   5895.2818   4.0  1  1
		 14  103  1682.33  5894.70421   5894.6979   4.0  1  1
		 14  103  1740.92  5891.45026    5891.451   4.0  1  1
		 14  103  1767.68  5889.95213   5889.9531   4.0  1  1
		 14  103  1792.01  5888.58434   5888.5841   4.0  1  1
		 14  103  1828.22   5886.5365   5886.5314   4.0  1  1
		 14  103  1842.87  5885.70402   5885.7016   4.0  1  1
		 15  104    14.77  5914.67355   5914.6709   4.0  1  1
		 15  104    22.63  5914.38277   5914.3856   4.0  1  1
		 15  104    84.14  5912.08339   5912.0853   4.0  1  1
		 15  104   106.58  5911.23378   5911.2296   4.0  1  1
		 15  104   252.65  5905.56987   5905.5707   4.0  1  1
		 15  104   326.89  5902.60162   5902.6021   4.0  1  1
		 15  104   394.53  5899.84451   5899.8441   4.0  1  1
		 15  104   478.40  5896.35691   5896.3631   4.0  1  1
		 15  104   503.88  5895.28228   5895.2818   4.0  1  1
		 15  104   517.57  5894.70192   5894.6979   4.0  1  1
		 15  104   593.42  5891.44971    5891.451   4.0  1  1
		 15  104   627.89  5889.95146   5889.9531   4.0  1  1
		 15  104   659.09  5888.58432   5888.5841   4.0  1  1
		 15  104   666.46  5888.25988   5888.2622   4.0  1  1
		 15  104   705.51  5886.53057   5886.5314   4.0  1  1
		 15  104   724.13  5885.70024   5885.7016   4.0  1  1
		 15  104   761.24  5884.03451   5884.0331   4.0  1  1
		 15  104   792.42  5882.62356   5882.6242   4.0  1  1
		 15  104   868.72  5879.12687   5879.1265   4.0  1  1
		 15  104   957.42  5874.98371   5874.9865   4.0  1  1
		 15  104   970.68  5874.35737   5874.3513   4.0  1  1
		 15  104   977.47  5874.03541   5874.0383   4.0  1  1
		 15  104  1007.54   5872.6059   5872.6028   4.0  1  1
		 15  104  1037.30  5871.18105   5871.1828   4.0  1  1
		 15  104  1050.48  5870.54733   5870.5526   4.0  1  1
		 15  104  1064.84  5869.85448   5869.8507   4.0  1  1
		 15  104  1095.40  5868.37315   5868.3745   4.0  1  1
		 15  104  1127.40   5866.8113   5866.8119   4.0  1  1
		 15  104  1190.14  5863.71824   5863.7184   4.0  1  1
		 15  104  1258.32  5860.30985   5860.3103   4.0  1  1
		 15  104  1352.97  5855.49745   5855.4986   4.0  1  1
		 15  104  1379.64  5854.12432   5854.1207   4.0  1  1
		 15  104  1392.24   5853.4735   5853.4745   4.0  1  1
		 15  104  1536.21  5845.91648   5845.9188   4.0  1  1
		 15  104  1575.62  5843.81018   5843.8069   4.0  1  1
		 15  104  1634.45   5840.6366   5840.6404   4.0  1  1
		 15  104  1649.01  5839.84604   5839.8514   4.0  1  1
		 15  104  1665.54  5838.94506   5838.9502   4.0  1  1
		 15  104  1750.62  5834.26557   5834.2633   4.0  1  1
		 15  104  1784.66  5832.37269   5832.3705   4.0  1  1
	offset	89
	niterate 3
	lowreject 3.
	highreject 3.
	coefficients	24
		1.
		4.
		4.
		1.
		1.
		1941.
		90.
		104.
		610657.7244819854
		-4751.200307221753
		-257.2758176452221
		2.084017311470392
		15.04562598259338
		-17.89786150103055
		-2.008343737424134
		-0.02898822217905969
		-0.5382558063890789
		1.29173166733316
		0.003208850624802668
		-0.04170961087436943
		-0.02441732636004167
		-0.183241382300247
		-0.08197215709588741
		-0.03794923099682288

