# Fri 17:07:49 14-Mar-2003
begin	ecidentify refThAr_564_r_2148x4096
	id	refThAr_564_r_2148x4096
	task	ecidentify
	image	refThAr_564_r_2148x4096
	units	angstroms
	features	21
		  1    1   493.17  512.166718   5583.7621   4.0  1  1
		  1    1  1471.63  1490.62671   5564.2011   4.0  1  1
		  1    1  2600.48  2619.47876   5538.6087   4.0  1  1
		  1    1  3733.05  3752.05029   5509.9938   4.0  1  1
		  2    2    42.78  61.7754784   5541.5815   4.0  1  1
		  2    2   138.19  157.192871   5539.9106   4.0  1  1
		  2    2  1924.40  1943.39575   5504.3018   4.0  1  1
		  2    2  3325.65   3344.6499   5470.7591   4.0  1  1
		  2    2  3578.23  3597.22852   5464.2055   4.0  1  1
		  3    3    13.08  32.0812845   5492.6435   4.0  1  1
		  3    3  1185.33   1204.3291   5470.7591   4.0  1  1
		  3    3  1504.05  1523.04687   5464.2055   4.0  1  1
		  3    3  2957.63  2976.62891    5431.112   4.0  1  1
		  3    3  3755.17  3774.17017   5410.7687   4.0  1  1
		  3    3  3872.10  3891.10156   5407.6535   4.0  1  1
		  4    4   213.59  232.588943   5440.6015   4.0  1  1
		  4    4   980.59  999.593201   5426.4075   4.0  1  1
		  4    4  2092.77  2111.76831   5403.1993   4.0  1  1
		  4    4  2558.66  2577.65845   5392.5726   4.0  1  1
		  4    4  3452.82  3471.81592   5370.7096   4.0  1  1
		  4    4  3508.57  3527.57373   5369.2819   4.0  1  1
	shift	8473.149610698147
	offset	90

# Fri 17:18:17 14-Mar-2003
begin	ecidentify refThAr_564_r_2148x4096
	id	refThAr_564_r_2148x4096
	task	ecidentify
	image	refThAr_564_r_2148x4096
	units	angstroms
	features	52
		  1    1   493.17  512.166718   5583.7621   4.0  1  1
		  1    1  1471.63  1490.62671   5564.2011   4.0  1  1
		  1    1  2600.48  2619.47876   5538.6087   4.0  1  1
		  1    1  3733.05  3752.05029   5509.9938   4.0  1  1
		  2    2    42.78  61.7754784   5541.5815   4.0  1  1
		  2    2   138.19  157.192871   5539.9106   4.0  1  1
		  2    2  1924.40  1943.39575   5504.3018   4.0  1  1
		  2    2  3325.65   3344.6499   5470.7591   4.0  1  1
		  2    2  3578.23  3597.22852   5464.2055   4.0  1  1
		  3    3    13.08  32.0812845   5492.6435   4.0  1  1
		  3    3  1185.33   1204.3291   5470.7591   4.0  1  1
		  3    3  1504.05  1523.04687   5464.2055   4.0  1  1
		  3    3  2957.63  2976.62891    5431.112   4.0  1  1
		  3    3  3755.17  3774.17017   5410.7687   4.0  1  1
		  3    3  3872.10  3891.10156   5407.6535   4.0  1  1
		  4    4   213.59  232.588943   5440.6015   4.0  1  1
		  4    4   980.59  999.593201   5426.4075   4.0  1  1
		  4    4  2092.77  2111.76831   5403.1993   4.0  1  1
		  4    4  2558.66  2577.65845   5392.5726   4.0  1  1
		  4    4  3452.82  3471.81592   5370.7096   4.0  1  1
		  4    4  3508.57  3527.57373   5369.2819   4.0  1  1
		  5    5   105.81  124.807129   5394.7608   4.0  1  1
		  5    5   765.39  784.391052   5382.9276   4.0  1  1
		  5    5  2101.05  2120.05322   5355.6365   4.0  1  1
		  5    5  3318.44  3337.44238   5326.9756   4.0  1  1
		  6    6   100.25  119.245316   5347.9714   4.0  1  1
		  6    6  1277.77  1296.76624   5326.2774   4.0  1  1
		  6    6  1708.12  1727.11548   5317.4944   4.0  1  1
		  6    6  2748.64  2767.63916   5294.3971   4.0  1  1
		  6    6  3578.94  3597.94458   5274.1188   4.0  1  1
		  7    7   311.83   330.83075   5298.2824   4.0  1  1
		  7    7   675.36  694.357971    5291.186   4.0  1  1
		  7    7  1242.79  1261.78979   5281.0687   4.0  1  1
		  7    7  2248.17  2267.17212   5260.1041   4.0  1  1
		  7    7  3478.84  3497.83911   5231.1597   4.0  1  1
		  8    8   617.37  636.371216   5247.6547   4.0  1  1
		  8    8  1021.69  1040.69373   5240.1968   4.0  1  1
		  8    8  1630.32  1649.32483   5228.2246   4.0  1  1
		  8    8  2493.19   2512.1897   5209.7246   4.0  1  1
		  8    8  3480.37  3499.36792   5186.4132   4.0  1  1
		  9    9    23.15  42.1485615   5213.3492   4.0  1  1
		  9    9  1280.42  1299.41638    5190.872   4.0  1  1
		  9    9  2672.89  2691.89111   5161.5396   4.0  1  1
		  9    9  3548.61  3567.61499   5140.7736   4.0  1  1
		 10   10   501.10  520.096344   5161.5396   4.0  1  1
		 10   10  1906.66  1925.66174    5134.746   4.0  1  1
		 10   10  2478.68  2497.67505   5122.4995   4.0  1  1
		 10   10  3592.82  3611.82373   5096.4848   4.0  1  1
		 11   11   268.15  287.145172   5122.4995   4.0  1  1
		 11   11  1754.98  1773.97534   5095.0639   4.0  1  1
		 11   11  2946.05  2965.04956   5069.3384   4.0  1  1
		 11   11  3723.78   3742.7832   5050.7842   4.0  1  1
	shift	8473.149610698147
	offset	90

# Fri 17:25:45 14-Mar-2003
begin	ecidentify refThAr_564_r_2148x4096
	id	refThAr_564_r_2148x4096
	task	ecidentify
	image	refThAr_564_r_2148x4096
	units	angstroms
	features	77
		  1    1   493.17  512.166718   5583.7621   4.0  1  1
		  1    1  1471.63  1490.62671   5564.2011   4.0  1  1
		  1    1  2600.48  2619.47876   5538.6087   4.0  1  1
		  1    1  3733.05  3752.05029   5509.9938   4.0  1  1
		  2    2    42.78  61.7754784   5541.5815   4.0  1  1
		  2    2   138.19  157.192871   5539.9106   4.0  1  1
		  2    2  1924.40  1943.39575   5504.3018   4.0  1  1
		  2    2  3325.65   3344.6499   5470.7591   4.0  1  1
		  2    2  3578.23  3597.22852   5464.2055   4.0  1  1
		  3    3    13.08  32.0812845   5492.6435   4.0  1  1
		  3    3  1185.33   1204.3291   5470.7591   4.0  1  1
		  3    3  1504.05  1523.04687   5464.2055   4.0  1  1
		  3    3  2957.63  2976.62891    5431.112   4.0  1  1
		  3    3  3755.17  3774.17017   5410.7687   4.0  1  1
		  3    3  3872.10  3891.10156   5407.6535   4.0  1  1
		  4    4   213.59  232.588943   5440.6015   4.0  1  1
		  4    4   980.59  999.593201   5426.4075   4.0  1  1
		  4    4  2092.77  2111.76831   5403.1993   4.0  1  1
		  4    4  2558.66  2577.65845   5392.5726   4.0  1  1
		  4    4  3452.82  3471.81592   5370.7096   4.0  1  1
		  4    4  3508.57  3527.57373   5369.2819   4.0  1  1
		  5    5   105.81  124.807129   5394.7608   4.0  1  1
		  5    5   765.39  784.391052   5382.9276   4.0  1  1
		  5    5  2101.05  2120.05322   5355.6365   4.0  1  1
		  5    5  3318.44  3337.44238   5326.9756   4.0  1  1
		  6    6   100.25  119.245316   5347.9714   4.0  1  1
		  6    6  1277.77  1296.76624   5326.2774   4.0  1  1
		  6    6  1708.12  1727.11548   5317.4944   4.0  1  1
		  6    6  2748.64  2767.63916   5294.3971   4.0  1  1
		  6    6  3578.94  3597.94458   5274.1188   4.0  1  1
		  7    7   311.83   330.83075   5298.2824   4.0  1  1
		  7    7   675.36  694.357971    5291.186   4.0  1  1
		  7    7  1242.79  1261.78979   5281.0687   4.0  1  1
		  7    7  2248.17  2267.17212   5260.1041   4.0  1  1
		  7    7  3478.84  3497.83911   5231.1597   4.0  1  1
		  8    8   617.37  636.371216   5247.6547   4.0  1  1
		  8    8  1021.69  1040.69373   5240.1968   4.0  1  1
		  8    8  1630.32  1649.32483   5228.2246   4.0  1  1
		  8    8  2493.19   2512.1897   5209.7246   4.0  1  1
		  8    8  3480.37  3499.36792   5186.4132   4.0  1  1
		  9    9    23.15  42.1485615   5213.3492   4.0  1  1
		  9    9  1280.42  1299.41638    5190.872   4.0  1  1
		  9    9  2672.89  2691.89111   5161.5396   4.0  1  1
		  9    9  3548.61  3567.61499   5140.7736   4.0  1  1
		 10   10   501.10  520.096344   5161.5396   4.0  1  1
		 10   10  1906.66  1925.66174    5134.746   4.0  1  1
		 10   10  2478.68  2497.67505   5122.4995   4.0  1  1
		 10   10  3592.82  3611.82373   5096.4848   4.0  1  1
		 11   11   268.15  287.145172   5122.4995   4.0  1  1
		 11   11  1754.98  1773.97534   5095.0639   4.0  1  1
		 11   11  2946.05  2965.04956   5069.3384   4.0  1  1
		 11   11  3723.78   3742.7832   5050.7842   4.0  1  1
		 12   12   895.81  914.812988   5069.3384   4.0  1  1
		 12   12  1808.69  1827.68884   5051.8887   4.0  1  1
		 12   12  2838.23    2857.229   5029.8916   4.0  1  1
		 12   12  3275.98  3294.97729   5019.8062   4.0  1  1
		 13   13   227.71   246.70871   5039.2303   4.0  1  1
		 13   13   778.29  797.287903   5029.8916   4.0  1  1
		 13   13  2121.08   2140.0813   5004.1279   4.0  1  1
		 13   13  3210.72  3229.72217   4980.1859   4.0  1  1
		 14   14   761.63  780.625916   4989.3086   4.0  1  1
		 14   14  2009.68  2028.68445   4965.7315   4.0  1  1
		 14   14  3291.20  3310.20459   4937.8295   4.0  1  1
		 15   15   672.49   691.48761   4950.6264   4.0  1  1
		 15   15   900.67  919.666138   4946.6637   4.0  1  1
		 15   15  1905.79  1924.79443   4927.7803   4.0  1  1
		 15   15  3113.89  3132.89404   4902.0545   4.0  1  1
		 16   16    83.79  102.788582    4920.623   4.0  1  1
		 16   16  1337.93  1356.93213   4899.2401   4.0  1  1
		 16   16  2260.76  2279.75854   4881.2046   4.0  1  1
		 16   16  3548.55  3567.54736   4852.8685   4.0  1  1
		 17   17   109.09  128.087234   4881.2046   4.0  1  1
		 17   17   860.36  879.355652   4868.8814   4.0  1  1
		 17   17  2128.24  2147.23999   4845.1626   4.0  1  1
		 17   17  3232.38  3251.37939   4821.5878   4.0  1  1
		 17   17  3812.21  3831.21338   4808.1337   4.0  1  1
		 18   18  3467.64  3486.63501    4778.294   4.0  1  1
	shift	8473.149610698147
	offset	90

# Fri 17:32:40 14-Mar-2003
begin	ecidentify refThAr_564_r_2148x4096
	id	refThAr_564_r_2148x4096
	task	ecidentify
	image	refThAr_564_r_2148x4096
	units	angstroms
	features	102
		  1    1   493.17  512.166718   5583.7621   4.0  1  1
		  1    1  1471.63  1490.62671   5564.2011   4.0  1  1
		  1    1  2600.48  2619.47876   5538.6087   4.0  1  1
		  1    1  3733.05  3752.05029   5509.9938   4.0  1  1
		  2    2    42.78  61.7754784   5541.5815   4.0  1  1
		  2    2   138.19  157.192871   5539.9106   4.0  1  1
		  2    2  1924.40  1943.39575   5504.3018   4.0  1  1
		  2    2  3325.65   3344.6499   5470.7591   4.0  1  1
		  2    2  3578.23  3597.22852   5464.2055   4.0  1  1
		  3    3    13.08  32.0812845   5492.6435   4.0  1  1
		  3    3  1185.33   1204.3291   5470.7591   4.0  1  1
		  3    3  1504.05  1523.04687   5464.2055   4.0  1  1
		  3    3  2957.63  2976.62891    5431.112   4.0  1  1
		  3    3  3755.17  3774.17017   5410.7687   4.0  1  1
		  3    3  3872.10  3891.10156   5407.6535   4.0  1  1
		  4    4   213.59  232.588943   5440.6015   4.0  1  1
		  4    4   980.59  999.593201   5426.4075   4.0  1  1
		  4    4  2092.77  2111.76831   5403.1993   4.0  1  1
		  4    4  2558.66  2577.65845   5392.5726   4.0  1  1
		  4    4  3452.82  3471.81592   5370.7096   4.0  1  1
		  4    4  3508.57  3527.57373   5369.2819   4.0  1  1
		  5    5   105.81  124.807129   5394.7608   4.0  1  1
		  5    5   765.39  784.391052   5382.9276   4.0  1  1
		  5    5  2101.05  2120.05322   5355.6365   4.0  1  1
		  5    5  3318.44  3337.44238   5326.9756   4.0  1  1
		  6    6   100.25  119.245316   5347.9714   4.0  1  1
		  6    6  1277.77  1296.76624   5326.2774   4.0  1  1
		  6    6  1708.12  1727.11548   5317.4944   4.0  1  1
		  6    6  2748.64  2767.63916   5294.3971   4.0  1  1
		  6    6  3578.94  3597.94458   5274.1188   4.0  1  1
		  7    7   311.83   330.83075   5298.2824   4.0  1  1
		  7    7   675.36  694.357971    5291.186   4.0  1  1
		  7    7  1242.79  1261.78979   5281.0687   4.0  1  1
		  7    7  2248.17  2267.17212   5260.1041   4.0  1  1
		  7    7  3478.84  3497.83911   5231.1597   4.0  1  1
		  8    8   617.37  636.371216   5247.6547   4.0  1  1
		  8    8  1021.69  1040.69373   5240.1968   4.0  1  1
		  8    8  1630.32  1649.32483   5228.2246   4.0  1  1
		  8    8  2493.19   2512.1897   5209.7246   4.0  1  1
		  8    8  3480.37  3499.36792   5186.4132   4.0  1  1
		  9    9    23.15  42.1485615   5213.3492   4.0  1  1
		  9    9  1280.42  1299.41638    5190.872   4.0  1  1
		  9    9  2672.89  2691.89111   5161.5396   4.0  1  1
		  9    9  3548.61  3567.61499   5140.7736   4.0  1  1
		 10   10   501.10  520.096344   5161.5396   4.0  1  1
		 10   10  1906.66  1925.66174    5134.746   4.0  1  1
		 10   10  2478.68  2497.67505   5122.4995   4.0  1  1
		 10   10  3592.82  3611.82373   5096.4848   4.0  1  1
		 11   11   268.15  287.145172   5122.4995   4.0  1  1
		 11   11  1754.98  1773.97534   5095.0639   4.0  1  1
		 11   11  2946.05  2965.04956   5069.3384   4.0  1  1
		 11   11  3723.78   3742.7832   5050.7842   4.0  1  1
		 12   12   895.81  914.812988   5069.3384   4.0  1  1
		 12   12  1808.69  1827.68884   5051.8887   4.0  1  1
		 12   12  2838.23    2857.229   5029.8916   4.0  1  1
		 12   12  3275.98  3294.97729   5019.8062   4.0  1  1
		 13   13   227.71   246.70871   5039.2303   4.0  1  1
		 13   13   778.29  797.287903   5029.8916   4.0  1  1
		 13   13  2121.08   2140.0813   5004.1279   4.0  1  1
		 13   13  3210.72  3229.72217   4980.1859   4.0  1  1
		 14   14   761.63  780.625916   4989.3086   4.0  1  1
		 14   14  2009.68  2028.68445   4965.7315   4.0  1  1
		 14   14  3291.20  3310.20459   4937.8295   4.0  1  1
		 15   15   672.49   691.48761   4950.6264   4.0  1  1
		 15   15   900.67  919.666138   4946.6637   4.0  1  1
		 15   15  1905.79  1924.79443   4927.7803   4.0  1  1
		 15   15  3113.89  3132.89404   4902.0545   4.0  1  1
		 16   16    83.79  102.788582    4920.623   4.0  1  1
		 16   16  1337.93  1356.93213   4899.2401   4.0  1  1
		 16   16  2260.76  2279.75854   4881.2046   4.0  1  1
		 16   16  3548.55  3567.54736   4852.8685   4.0  1  1
		 17   17   109.09  128.087234   4881.2046   4.0  1  1
		 17   17   860.36  879.355652   4868.8814   4.0  1  1
		 17   17  2128.24  2147.23999   4845.1626   4.0  1  1
		 17   17  3232.38  3251.37939   4821.5878   4.0  1  1
		 17   17  3812.21  3831.21338   4808.1337   4.0  1  1
		 18   18    34.23  53.2291183   4843.9413   4.0  1  1
		 18   18  1823.51  1842.51355   4813.0069   4.0  1  1
		 18   18  2667.95  2686.95239   4795.9131   4.0  1  1
		 18   18  3467.64  3486.63501    4778.294   4.0  1  1
		 19   19   677.52  696.519592   4795.9131   4.0  1  1
		 19   19  1936.43  1955.42908    4773.241   4.0  1  1
		 19   19  2951.08  2970.07715   4752.4141   4.0  1  1
		 19   19  3523.97  3542.97241   4739.6764   4.0  1  1
		 20   20   184.59  203.585846   4766.6006   4.0  1  1
		 20   20  1052.80  1071.80396   4752.4141   4.0  1  1
		 20   20  2298.45  2317.45264   4729.1282   4.0  1  1
		 20   20  3398.45  3417.45117   4705.7606   4.0  1  1
		 21   21   238.67  257.670349   4729.1282   4.0  1  1
		 21   21  1620.53  1639.53223   4705.7606   4.0  1  1
		 21   21  2759.26  2778.26489   4683.3517   4.0  1  1
		 21   21  3460.54  3479.54443   4668.1716   4.0  1  1
		 22   22   107.06  126.056602   4695.0381   4.0  1  1
		 22   22   170.02  189.024231   4694.0914   4.0  1  1
		 22   22   847.41  866.407959   4683.3517   4.0  1  1
		 22   22  1976.24  1995.24121   4663.2026   4.0  1  1
		 22   22  2776.15  2795.14551   4647.2509   4.0  1  1
		 22   22  3179.90  3198.90479   4638.6849   4.0  1  1
		 23   23   389.29  408.289581   4655.2126   4.0  1  1
		 23   23  1386.34  1405.33765   4638.6849   4.0  1  1
		 23   23  2324.23  2343.22681   4621.1629   4.0  1  1
		 23   23  2973.41  2992.41431   4607.9347   4.0  1  1
	shift	8473.149610698147
	offset	90

# Fri 17:40:46 14-Mar-2003
begin	ecidentify refThAr_564_r_2148x4096
	id	refThAr_564_r_2148x4096
	task	ecidentify
	image	refThAr_564_r_2148x4096
	units	angstroms
	features	711
		  1  110   316.66  5587.02622   5587.0263   4.0  1  1
		  1  110   493.17  5583.76242   5583.7621   4.0  1  1
		  1  110   540.81  5582.86741   5582.8665   4.0  1  1
		  1  110   652.06  5580.75474   5580.7547   4.0  1  1
		  1  110   687.42  5580.07643   5580.0771   4.0  1  1
		  1  110   724.65  5579.35879   5579.3583   4.0  1  1
		  1  110   810.78  5577.68484   5577.6845   4.0  1  1
		  1  110   886.11  5576.20481   5576.2045   4.0  1  1
		  1  110  1029.18  5573.35388   5573.3535   4.0  1  1
		  1  110  1135.92  5571.19242   5571.1913   4.0  1  1
		  1  110  1672.23  5559.89044   5559.8912   4.0  1  1
		  1  110  1726.63  5558.70307    5558.702   4.0  1  1
		  1  110  1743.12  5558.34175   5558.3422   4.0  1  1
		  1  110  1802.02  5557.04533   5557.0454   4.0  1  1
		  1  110  1870.38  5555.52963   5555.5312   4.0  1  1
		  1  110  2000.08  5552.62129   5552.6229   4.0  1  1
		  1  110  2194.75   5548.1769   5548.1758   4.0  1  1
		  1  110  2329.31   5545.0494   5545.0495   4.0  1  1
		  1  110  2421.10  5542.88993     5542.89   4.0  1  1
		  1  110  2494.55  5541.14676   5541.1466   4.0  1  1
		  1  110  2546.32  5539.91016   5539.9106   4.0  1  1
		  1  110  2573.34  5539.26183   5539.2618   4.0  1  1
		  1  110  2600.48  5538.60918   5538.6087   4.0  1  1
		  1  110  2709.38  5535.97146    5535.971   4.0  1  1
		  1  110  3022.39  5528.22658   5528.2272   4.0  1  1
		  1  110  3059.38  5527.29539   5527.2953   4.0  1  1
		  1  110  3540.72  5514.87342   5514.8731   4.0  1  1
		  2  111    42.78  5541.58102   5541.5815   4.0  1  1
		  2  111   138.19  5539.91002   5539.9106   4.0  1  1
		  2  111   174.84  5539.26193   5539.2618   4.0  1  1
		  2  111   211.64  5538.60766   5538.6087   4.0  1  1
		  2  111   357.97  5535.97085    5535.971   4.0  1  1
		  2  111   771.15  5528.22638   5528.2272   4.0  1  1
		  2  111   819.37  5527.29392   5527.2953   4.0  1  1
		  2  111   938.82  5524.95824    5524.957   4.0  1  1
		  2  111   957.80  5524.58366   5524.5824   4.0  1  1
		  2  111  1235.95  5518.98996   5518.9893   4.0  1  1
		  2  111  1434.64  5514.87348   5514.8731   4.0  1  1
		  2  111  1664.20  5509.99326   5509.9938   4.0  1  1
		  2  111  1730.52  5508.55849   5508.5585   4.0  1  1
		  2  111  1777.37  5507.53841   5507.5385   4.0  1  1
		  2  111  1805.73  5506.91819   5506.9196   4.0  1  1
		  2  111  1924.40   5504.3011   5504.3018   4.0  1  1
		  2  111  2030.00   5501.9425   5501.9439   4.0  1  1
		  2  111  2059.44  5501.28011   5501.2814   4.0  1  1
		  2  111  2131.56  5499.64804   5499.6478   4.0  1  1
		  2  111  2148.78  5499.25633   5499.2554   4.0  1  1
		  2  111  2195.73  5498.18491   5498.1841   4.0  1  1
		  2  111  2284.79  5496.13747    5496.137   4.0  1  1
		  2  111  2362.64  5494.33152   5494.3306   4.0  1  1
		  2  111  2410.90  5493.20457    5493.204   4.0  1  1
		  2  111  2434.80   5492.6442   5492.6435   4.0  1  1
		  2  111  2592.00  5488.92406   5488.9254   4.0  1  1
		  2  111  2604.38  5488.62853   5488.6287   4.0  1  1
		  2  111  2790.26  5484.14535   5484.1467   4.0  1  1
		  2  111  2996.43  5479.07358   5479.0751   4.0  1  1
		  2  111  3325.65  5470.76045   5470.7591   4.0  1  1
		  2  111  3578.23  5464.20467   5464.2055   4.0  1  1
		  3  112    13.08   5492.6424   5492.6435   4.0  1  1
		  3  112   216.99  5489.08932   5489.0885   4.0  1  1
		  3  112   226.32  5488.92412   5488.9254   4.0  1  1
		  3  112   242.94  5488.62938   5488.6287   4.0  1  1
		  3  112   490.95  5484.14654   5484.1467   4.0  1  1
		  3  112   761.55  5479.07529   5479.0751   4.0  1  1
		  3  112  1185.33  5470.75866   5470.7591   4.0  1  1
		  3  112  1504.05  5464.20468   5464.2055   4.0  1  1
		  3  112  1579.65  5462.61266   5462.6129   4.0  1  1
		  3  112  1620.99    5461.736   5461.7358   4.0  1  1
		  3  112  2057.52  5452.21913   5452.2187   4.0  1  1
		  3  112  2179.41   5449.4775   5449.4788   4.0  1  1
		  3  112  2281.49  5447.15323   5447.1536   4.0  1  1
		  3  112  2431.53   5443.6901   5443.6893   4.0  1  1
		  3  112  2563.44  5440.59998   5440.6015   4.0  1  1
		  3  112  2589.26  5439.99023   5439.9891   4.0  1  1
		  3  112  2667.29  5438.13728   5438.1374   4.0  1  1
		  3  112  2833.06  5434.15159   5434.1514   4.0  1  1
		  3  112  2957.63  5431.11269    5431.112   4.0  1  1
		  3  112  3147.51   5426.4082   5426.4075   4.0  1  1
		  3  112  3176.60  5425.67962   5425.6783   4.0  1  1
		  3  112  3243.03  5424.00853   5424.0079   4.0  1  1
		  3  112  3328.74  5421.83672   5421.8359   4.0  1  1
		  3  112  3498.46  5417.48424   5417.4858   4.0  1  1
		  3  112  3574.12  5415.52169   5415.5226   4.0  1  1
		  4  113    35.03  5443.68943   5443.6893   4.0  1  1
		  4  113    68.31  5443.11993   5443.1187   4.0  1  1
		  4  113   213.59  5440.60036   5440.6015   4.0  1  1
		  4  113   248.35  5439.98949   5439.9891   4.0  1  1
		  4  113   352.66  5438.13793   5438.1374   4.0  1  1
		  4  113   394.47  5437.38787   5437.3877   4.0  1  1
		  4  113   572.11  5434.15175   5434.1514   4.0  1  1
		  4  113   735.10  5431.11204    5431.112   4.0  1  1
		  4  113   980.59   5426.4066   5426.4075   4.0  1  1
		  4  113  1017.85  5425.67917   5425.6783   4.0  1  1
		  4  113  1102.74  5424.00882   5424.0079   4.0  1  1
		  4  113  1425.83  5417.48622   5417.4858   4.0  1  1
		  4  113  1520.61  5415.52338   5415.5226   4.0  1  1
		  4  113  1745.86  5410.76904   5410.7687   4.0  1  1
		  4  113  1890.38  5407.65252   5407.6535   4.0  1  1
		  4  113  1904.56  5407.34389   5407.3439   4.0  1  1
		  4  113  2119.53  5402.60552   5402.6048   4.0  1  1
		  4  113  2229.13  5400.14596   5400.1455   4.0  1  1
		  4  113  2252.35   5399.6212   5399.6218   4.0  1  1
		  4  113  2272.09    5399.174   5399.1745   4.0  1  1
		  4  113  2292.86  5398.70225   5398.7015   4.0  1  1
		  4  113  2344.86  5397.51697    5397.516   4.0  1  1
		  4  113  2464.66   5394.7613   5394.7608   4.0  1  1
		  4  113  2514.68  5393.60027   5393.5995   4.0  1  1
		  4  113  2750.33  5388.04912   5388.0507   4.0  1  1
		  4  113  2810.48   5386.6107   5386.6107   4.0  1  1
		  4  113  2917.32  5384.03432   5384.0356   4.0  1  1
		  4  113  2962.81  5382.92887   5382.9276   4.0  1  1
		  4  113  3118.37  5379.11148   5379.1105   4.0  1  1
		  4  113  3129.48   5378.8366   5378.8356   4.0  1  1
		  4  113  3238.24  5376.13026   5376.1304   4.0  1  1
		  4  113  3252.66  5375.76922   5375.7688   4.0  1  1
		  4  113  3269.33   5375.3515   5375.3526   4.0  1  1
		  4  113  3290.41  5374.82203   5374.8219   4.0  1  1
		  4  113  3452.82  5370.70811   5370.7096   4.0  1  1
		  4  113  3508.57  5369.28124   5369.2819   4.0  1  1
		  5  114   105.81  5394.76111   5394.7608   4.0  1  1
		  5  114   173.33  5393.60032   5393.5995   4.0  1  1
		  5  114   232.54  5392.57276   5392.5726   4.0  1  1
		  5  114   487.33     5388.05   5388.0507   4.0  1  1
		  5  114   566.52   5386.6109   5386.6107   4.0  1  1
		  5  114   706.13  5384.03528   5384.0356   4.0  1  1
		  5  114   765.39   5382.9271   5382.9276   4.0  1  1
		  5  114   966.01   5379.1103   5379.1105   4.0  1  1
		  5  114   980.30  5378.83466   5378.8356   4.0  1  1
		  5  114  1085.93  5376.78086   5376.7809   4.0  1  1
		  5  114  1119.08  5376.13051   5376.1304   4.0  1  1
		  5  114  1137.44  5375.76919   5375.7688   4.0  1  1
		  5  114  1158.53  5375.35307   5375.3526   4.0  1  1
		  5  114  1185.39  5374.82168   5374.8219   4.0  1  1
		  5  114  1291.56  5372.70299   5372.7027   4.0  1  1
		  5  114  1390.27   5370.7082   5370.7096   4.0  1  1
		  5  114  1452.10  5369.44651    5369.447   4.0  1  1
		  5  114  1460.17  5369.28113   5369.2819   4.0  1  1
		  5  114  1781.07  5362.57466   5362.5751   4.0  1  1
		  5  114  1847.50  5361.15489   5361.1556   4.0  1  1
		  5  114  1894.27  5360.14858   5360.1501   4.0  1  1
		  5  114  2101.05  5355.63603   5355.6365   4.0  1  1
		  5  114  2271.58  5351.83626   5351.8365   4.0  1  1
		  5  114  2303.10  5351.12627   5351.1265   4.0  1  1
		  5  114  2396.63  5349.00516   5349.0054   4.0  1  1
		  5  114  2441.84  5347.97235   5347.9714   4.0  1  1
		  5  114  2631.63  5343.58242   5343.5812   4.0  1  1
		  5  114  2762.74  5340.49944   5340.4982   4.0  1  1
		  5  114  3193.49  5330.08069   5330.0804   4.0  1  1
		  5  114  3222.00   5329.3756   5329.3745   4.0  1  1
		  5  114  3318.44  5326.97597   5326.9756   4.0  1  1
		  5  114  3346.40  5326.27615   5326.2774   4.0  1  1
		  5  114  3380.02  5325.43222   5325.4317   4.0  1  1
		  5  114  3391.46  5325.14462   5325.1438   4.0  1  1
		  5  114  3480.31  5322.89903   5322.8988   4.0  1  1
		  5  114  3691.27  5317.49303   5317.4944   4.0  1  1
		  6  115    38.90  5349.00606   5349.0054   4.0  1  1
		  6  115   100.25  5347.97121   5347.9714   4.0  1  1
		  6  115   193.63  5346.37764   5346.3778   4.0  1  1
		  6  115   255.45  5345.31054   5345.3117   4.0  1  1
		  6  115   354.48  5343.58099   5343.5812   4.0  1  1
		  6  115   527.58  5340.49896   5340.4982   4.0  1  1
		  6  115  1084.26  5330.07987   5330.0804   4.0  1  1
		  6  115  1120.45  5329.37598   5329.3745   4.0  1  1
		  6  115  1242.59  5326.97635   5326.9756   4.0  1  1
		  6  115  1277.77  5326.27831   5326.2774   4.0  1  1
		  6  115  1320.28  5325.43062   5325.4317   4.0  1  1
		  6  115  1334.55  5325.14523   5325.1438   4.0  1  1
		  6  115  1446.00  5322.89825   5322.8988   4.0  1  1
		  6  115  1708.12  5317.49378   5317.4944   4.0  1  1
		  6  115  1924.57  5312.90453   5312.9045   4.0  1  1
		  6  115  1942.08  5312.52831   5312.5288   4.0  1  1
		  6  115  1966.59  5312.00041   5312.0018   4.0  1  1
		  6  115  2046.62  5310.26672   5310.2665   4.0  1  1
		  6  115  2174.48  5307.46463   5307.4655   4.0  1  1
		  6  115  2483.74  5300.52466   5300.5234   4.0  1  1
		  6  115  2581.50  5298.28299   5298.2824   4.0  1  1
		  6  115  2604.85  5297.74428   5297.7431   4.0  1  1
		  6  115  2668.05  5296.27956   5296.2787   4.0  1  1
		  6  115  2748.64  5294.39795   5294.3971   4.0  1  1
		  6  115  2858.19  5291.81539   5291.8163   4.0  1  1
		  6  115  3279.07  5281.62933   5281.6285   4.0  1  1
		  6  115  3301.70  5281.07006   5281.0687   4.0  1  1
		  6  115  3459.05  5277.14645    5277.146   4.0  1  1
		  6  115  3578.94    5274.118   5274.1188   4.0  1  1
		  6  115  3625.69  5272.92807    5272.927   4.0  1  1
		  7  116   181.35  5300.52307   5300.5234   4.0  1  1
		  7  116   311.83  5298.28239   5298.2824   4.0  1  1
		  7  116   342.86  5297.74326   5297.7431   4.0  1  1
		  7  116   426.44  5296.27933   5296.2787   4.0  1  1
		  7  116   532.45   5294.3973   5294.3971   4.0  1  1
		  7  116   675.36  5291.81616   5291.8163   4.0  1  1
		  7  116   940.81  5286.88765    5286.887   4.0  1  1
		  7  116  1214.24  5281.62958   5281.6285   4.0  1  1
		  7  116  1242.79  5281.06994   5281.0687   4.0  1  1
		  7  116  1422.58   5277.5004   5277.5002   4.0  1  1
		  7  116  1440.29  5277.14442    5277.146   4.0  1  1
		  7  116  1589.38  5274.11834   5274.1188   4.0  1  1
		  7  116  1637.43  5273.13151   5273.1317   4.0  1  1
		  7  116  1647.41  5272.92587    5272.927   4.0  1  1
		  7  116  1775.44  5270.26612    5270.266   4.0  1  1
		  7  116  1943.69  5266.71068   5266.7103   4.0  1  1
		  7  116  2185.94   5261.4719    5261.472   4.0  1  1
		  7  116  2248.17  5260.10353   5260.1041   4.0  1  1
		  7  116  2326.81  5258.36105   5258.3602   4.0  1  1
		  7  116  2500.36  5254.46356   5254.4648   4.0  1  1
		  7  116  2657.49  5250.87295   5250.8727   4.0  1  1
		  7  116  2796.24  5247.65394   5247.6547   4.0  1  1
		  7  116  3110.44  5240.19683   5240.1968   4.0  1  1
		  7  116  3137.12   5239.5528    5239.552   4.0  1  1
		  7  116  3167.61  5238.81516   5238.8137   4.0  1  1
		  7  116  3360.13  5234.10601   5234.1069   4.0  1  1
		  7  116  3395.72  5233.22601   5233.2254   4.0  1  1
		  7  116  3478.84  5231.15933   5231.1597   4.0  1  1
		  7  116  3595.84  5228.22306   5228.2246   4.0  1  1
		  8  117   227.47  5254.46423   5254.4648   4.0  1  1
		  8  117   435.70  5250.87422   5250.8727   4.0  1  1
		  8  117   617.37  5247.65468   5247.6547   4.0  1  1
		  8  117  1021.69  5240.19824   5240.1968   4.0  1  1
		  8  117  1055.68   5239.5532    5239.552   4.0  1  1
		  8  117  1094.45  5238.81408   5238.8137   4.0  1  1
		  8  117  1336.97  5234.10712   5234.1069   4.0  1  1
		  8  117  1381.57  5233.22608   5233.2254   4.0  1  1
		  8  117  1485.26  5231.15898   5231.1597   4.0  1  1
		  8  117  1592.45   5228.9948   5228.9951   4.0  1  1
		  8  117  1630.32  5228.22355   5228.2246   4.0  1  1
		  8  117  1980.61  5220.92712   5220.9263   4.0  1  1
		  8  117  1990.97  5220.70695   5220.7068   4.0  1  1
		  8  117  2065.68  5219.11101   5219.1099   4.0  1  1
		  8  117  2172.14   5216.8137   5216.8139   4.0  1  1
		  8  117  2182.20  5216.59522   5216.5966   4.0  1  1
		  8  117  2330.41    5213.349   5213.3492   4.0  1  1
		  8  117  2425.85  5211.23105   5211.2305   4.0  1  1
		  8  117  2493.19  5209.72362   5209.7246   4.0  1  1
		  8  117  2694.53   5205.1531   5205.1522   4.0  1  1
		  8  117  2952.31  5199.16285   5199.1637   4.0  1  1
		  8  117  2967.65  5198.80154   5198.7999   4.0  1  1
		  8  117  3150.22  5194.45866   5194.4576   4.0  1  1
		  8  117  3176.51  5193.82691   5193.8256   4.0  1  1
		  8  117  3298.55   5190.8735    5190.872   4.0  1  1
		  8  117  3426.27  5187.74562   5187.7462   4.0  1  1
		  8  117  3442.77  5187.33863   5187.3374   4.0  1  1
		  8  117  3593.04  5183.60477   5183.6044   4.0  1  1
		  9  118    23.15  5213.34925   5213.3492   4.0  1  1
		  9  118   151.60  5211.23031   5211.2305   4.0  1  1
		  9  118   241.41  5209.72453   5209.7246   4.0  1  1
		  9  118   354.36  5207.80252   5207.8015   4.0  1  1
		  9  118   507.15  5205.15285   5205.1522   4.0  1  1
		  9  118   684.39  5202.00756   5202.0087   4.0  1  1
		  9  118   841.02  5199.16423   5199.1637   4.0  1  1
		  9  118   860.78  5198.80127   5198.7999   4.0  1  1
		  9  118   945.39   5197.2364    5197.236   4.0  1  1
		  9  118  1021.48  5195.81439   5195.8136   4.0  1  1
		  9  118  1093.37  5194.45782   5194.4576   4.0  1  1
		  9  118  1126.60  5193.82668   5193.8256   4.0  1  1
		  9  118  1439.77  5187.74716   5187.7462   4.0  1  1
		  9  118  1460.46  5187.33719   5187.3374   4.0  1  1
		  9  118  1506.88  5186.41374   5186.4132   4.0  1  1
		  9  118  1604.52  5184.45445   5184.4534   4.0  1  1
		  9  118  1627.54  5183.98921   5183.9896   4.0  1  1
		  9  118  1646.49  5183.60513   5183.6044   4.0  1  1
		  9  118  1699.51   5182.5265   5182.5269   4.0  1  1
		  9  118  1895.54  5178.47989     5178.48   4.0  1  1
		  9  118  1968.00  5176.96099    5176.961   4.0  1  1
		  9  118  1994.49  5176.40262   5176.4037   4.0  1  1
		  9  118  2002.68  5176.22955   5176.2292   4.0  1  1
		  9  118  2045.43  5175.32414   5175.3248   4.0  1  1
		  9  118  2122.91  5173.67218   5173.6715   4.0  1  1
		  9  118  2342.11  5168.92185   5168.9225   4.0  1  1
		  9  118  2484.61  5165.77319   5165.7728   4.0  1  1
		  9  118  2588.01  5163.45874   5163.4584   4.0  1  1
		  9  118  2640.00  5162.28571   5162.2846   4.0  1  1
		  9  118  2672.89  5161.54022   5161.5396   4.0  1  1
		  9  118  2801.39  5158.60385   5158.6041   4.0  1  1
		  9  118  2989.25  5154.24223    5154.243   4.0  1  1
		  9  118  3201.84   5149.2078   5149.2069   4.0  1  1
		  9  118  3243.42  5148.21122   5148.2115   4.0  1  1
		  9  118  3332.79  5146.05535   5146.0557   4.0  1  1
		  9  118  3363.56  5145.30877   5145.3083   4.0  1  1
		  9  118  3420.71  5143.91639   5143.9165   4.0  1  1
		  9  118  3507.71  5141.78277   5141.7827   4.0  1  1
		  9  118  3548.61  5140.77352   5140.7736   4.0  1  1
		  9  118  3681.35  5137.47246   5137.4733   4.0  1  1
		 10  119    62.77  5168.92077   5168.9225   4.0  1  1
		 10  119   200.43  5166.65348   5166.6553   4.0  1  1
		 10  119   253.16  5165.77263   5165.7728   4.0  1  1
		 10  119   389.77   5163.4592   5163.4584   4.0  1  1
		 10  119   458.06  5162.28565   5162.2846   4.0  1  1
		 10  119   501.10  5161.54031   5161.5396   4.0  1  1
		 10  119   668.13  5158.60473   5158.6041   4.0  1  1
		 10  119   909.49  5154.24342    5154.243   4.0  1  1
		 10  119  1051.46  5151.61256    5151.612   4.0  1  1
		 10  119  1178.99  5149.20804   5149.2069   4.0  1  1
		 10  119  1231.29  5148.21058   5148.2115   4.0  1  1
		 10  119  1343.18  5146.05477   5146.0557   4.0  1  1
		 10  119  1381.54    5145.309   5145.3083   4.0  1  1
		 10  119  1452.64  5143.91707   5143.9165   4.0  1  1
		 10  119  1485.60  5143.26767   5143.2673   4.0  1  1
		 10  119  1560.48  5141.78304   5141.7827   4.0  1  1
		 10  119  1611.03  5140.77326   5140.7736   4.0  1  1
		 10  119  1774.22  5137.47185   5137.4733   4.0  1  1
		 10  119  1906.66  5134.74649    5134.746   4.0  1  1
		 10  119  2203.45  5128.48935   5128.4897   4.0  1  1
		 10  119  2321.26  5125.94852   5125.9502   4.0  1  1
		 10  119  2342.46  5125.48773   5125.4895   4.0  1  1
		 10  119  2671.59   5118.2019   5118.2023   4.0  1  1
		 10  119  2810.77  5115.04556   5115.0448   4.0  1  1
		 10  119  2974.39  5111.27792   5111.2781   4.0  1  1
		 10  119  3402.50  5101.13003   5101.1299   4.0  1  1
		 10  119  3423.58  5100.61968   5100.6211   4.0  1  1
		 10  119  3529.41  5098.04171   5098.0432   4.0  1  1
		 10  119  3592.82  5096.48491   5096.4848   4.0  1  1
		 11  120    57.97  5125.94839   5125.9502   4.0  1  1
		 11  120   268.15  5122.49883   5122.4995   4.0  1  1
		 11  120   521.29  5118.20173   5118.2023   4.0  1  1
		 11  120   573.82  5117.29052   5117.2923   4.0  1  1
		 11  120   701.66  5115.04541   5115.0448   4.0  1  1
		 11  120   911.35  5111.27806   5111.2781   4.0  1  1
		 11  120   995.75  5109.73193   5109.7331   4.0  1  1
		 11  120  1449.49  5101.12946   5101.1299   4.0  1  1
		 11  120  1475.54   5100.6206   5100.6211   4.0  1  1
		 11  120  1606.35  5098.04207   5098.0432   4.0  1  1
		 11  120  1684.40  5096.48434   5096.4848   4.0  1  1
		 11  120  1754.98  5095.06356   5095.0639   4.0  1  1
		 11  120  1999.50  5090.05056   5090.0513   4.0  1  1
		 11  120  2239.54  5084.99382   5084.9935   4.0  1  1
		 11  120  2404.34  5081.44498   5081.4462   4.0  1  1
		 11  120  2946.05  5069.33909   5069.3384   4.0  1  1
		 11  120  3005.36    5067.973   5067.9737   4.0  1  1
		 11  120  3041.45  5067.13757   5067.1379   4.0  1  1
		 11  120  3056.96  5066.77775   5066.7773   4.0  1  1
		 11  120  3084.55  5066.13627   5066.1355   4.0  1  1
		 11  120  3135.56  5064.94572   5064.9454   4.0  1  1
		 11  120  3150.28   5064.6012    5064.602   4.0  1  1
		 11  120  3196.54  5063.51489   5063.5157   4.0  1  1
		 11  120  3221.32  5062.93084   5062.9325   4.0  1  1
		 11  120  3259.18  5062.03612   5062.0371   4.0  1  1
		 11  120  3275.28  5061.65449   5061.6562   4.0  1  1
		 11  120  3350.66  5059.86068   5059.8611   4.0  1  1
		 11  120  3679.30  5051.89016   5051.8887   4.0  1  1
		 12  121   191.52  5081.44741   5081.4462   4.0  1  1
		 12  121   895.81  5069.33664   5069.3384   4.0  1  1
		 12  121   971.02  5067.97342   5067.9737   4.0  1  1
		 12  121  1036.40  5066.77748   5066.7773   4.0  1  1
		 12  121  1071.27  5066.13547   5066.1355   4.0  1  1
		 12  121  1135.50  5064.94551   5064.9454   4.0  1  1
		 12  121  1153.91  5064.60246    5064.602   4.0  1  1
		 12  121  1186.21  5063.99897   5063.9988   4.0  1  1
		 12  121  1212.00   5063.5153   5063.5157   4.0  1  1
		 12  121  1242.93  5062.93315   5062.9325   4.0  1  1
		 12  121  1290.33  5062.03679   5062.0371   4.0  1  1
		 12  121  1310.39  5061.65573   5061.6562   4.0  1  1
		 12  121  1404.27  5059.86012   5059.8611   4.0  1  1
		 12  121  1635.57  5055.34803   5055.3473   4.0  1  1
		 12  121  1808.69  5051.88922   5051.8887   4.0  1  1
		 12  121  1863.31  5050.78337   5050.7842   4.0  1  1
		 12  121  1911.76   5049.7968    5049.796   4.0  1  1
		 12  121  2045.57  5047.04373   5047.0434   4.0  1  1
		 12  121  2131.73  5045.24906   5045.2481   4.0  1  1
		 12  121  2156.98  5044.71993   5044.7195   4.0  1  1
		 12  121  2304.49  5041.59907   5041.5998   4.0  1  1
		 12  121  2347.48  5040.68007   5040.6805   4.0  1  1
		 12  121  2414.89  5039.23065   5039.2303   4.0  1  1
		 12  121  2838.23  5029.89091   5029.8916   4.0  1  1
		 12  121  2849.76  5029.63086   5029.6295   4.0  1  1
		 12  121  2892.86  5028.65599   5028.6556   4.0  1  1
		 12  121  3108.78  5023.70913   5023.7084   4.0  1  1
		 12  121  3182.14  5022.00435   5022.0051   4.0  1  1
		 12  121  3275.98  5019.80624   5019.8062   4.0  1  1
		 12  121  3387.74  5017.16243   5017.1628   4.0  1  1
		 13  122    80.95  5041.59827   5041.5998   4.0  1  1
		 13  122   138.15  5040.68183   5040.6805   4.0  1  1
		 13  122   209.48  5039.52781   5039.5265   4.0  1  1
		 13  122   227.71  5039.23096   5039.2303   4.0  1  1
		 13  122   778.29  5029.89132   5029.8916   4.0  1  1
		 13  122   793.07  5029.63065   5029.6295   4.0  1  1
		 13  122   828.07  5029.01132   5029.0119   4.0  1  1
		 13  122   848.14  5028.65506   5028.6556   4.0  1  1
		 13  122  1121.42  5023.70752   5023.7084   4.0  1  1
		 13  122  1204.29  5022.17255    5022.174   4.0  1  1
		 13  122  1213.34  5022.00411   5022.0051   4.0  1  1
		 13  122  1330.41  5019.80576   5019.8062   4.0  1  1
		 13  122  1422.55  5018.05325   5018.0535   4.0  1  1
		 13  122  1468.98  5017.16258   5017.1628   4.0  1  1
		 13  122  1501.53  5016.53522   5016.5356   4.0  1  1
		 13  122  1866.42  5009.33393   5009.3344   4.0  1  1
		 13  122  2121.08  5004.12636   5004.1279   4.0  1  1
		 13  122  2146.50  5003.59849   5003.5981   4.0  1  1
		 13  122  2218.42  5002.09667   5002.0972   4.0  1  1
		 13  122  2592.00  4994.10599   4994.1058   4.0  1  1
		 13  122  2608.32  4993.74973   4993.7488   4.0  1  1
		 13  122  2809.47  4989.30885   4989.3086   4.0  1  1
		 13  122  2887.71    4987.557   4987.5582   4.0  1  1
		 13  122  2906.00  4987.14537    4987.147   4.0  1  1
		 13  122  2984.43  4985.37219   4985.3725   4.0  1  1
		 13  122  3110.69  4982.48862   4982.4875   4.0  1  1
		 13  122  3550.76  4972.16056   4972.1597   4.0  1  1
		 14  123   481.32  4994.10516   4994.1058   4.0  1  1
		 14  123   502.46  4993.74992   4993.7488   4.0  1  1
		 14  123   761.63  4989.30904   4989.3086   4.0  1  1
		 14  123   861.37  4987.55786   4987.5582   4.0  1  1
		 14  123   884.49  4987.14853    4987.147   4.0  1  1
		 14  123   984.04  4985.37213   4985.3725   4.0  1  1
		 14  123  1142.99  4982.48768   4982.4875   4.0  1  1
		 14  123  1226.45  4980.94964   4980.9513   4.0  1  1
		 14  123  1687.59  4972.16056   4972.1597   4.0  1  1
		 14  123  1859.64  4968.75596   4968.7556   4.0  1  1
		 14  123  2009.68  4965.73165   4965.7315   4.0  1  1
		 14  123  2041.69  4965.07994   4965.0795   4.0  1  1
		 14  123  2134.00  4963.18698   4963.1881   4.0  1  1
		 14  123  2204.56  4961.72711    4961.726   4.0  1  1
		 14  123  2415.41  4957.29705   4957.2963   4.0  1  1
		 14  123  2724.38  4950.62469   4950.6264   4.0  1  1
		 14  123  2741.32  4950.25279   4950.2513   4.0  1  1
		 14  123  2903.32  4946.66245   4946.6637   4.0  1  1
		 14  123  2957.08  4945.45832   4945.4587   4.0  1  1
		 14  123  3063.10  4943.06423   4943.0642   4.0  1  1
		 14  123  3212.74  4939.64304   4939.6422   4.0  1  1
		 14  123  3262.12  4938.50309   4938.5047   4.0  1  1
		 14  123  3291.20  4937.82917   4937.8295   4.0  1  1
		 14  123  3336.56   4936.7745   4936.7746   4.0  1  1
		 14  123  3488.49  4933.20861   4933.2091   4.0  1  1
		 15  124   271.38  4957.29515   4957.2963   4.0  1  1
		 15  124   550.66  4952.69149   4952.6908   4.0  1  1
		 15  124   672.49  4950.62598   4950.6264   4.0  1  1
		 15  124   694.40  4950.25079   4950.2513   4.0  1  1
		 15  124   900.67   4946.6641   4946.6637   4.0  1  1
		 15  124   968.74  4945.45859   4945.4587   4.0  1  1
		 15  124  1102.22  4943.06386   4943.0642   4.0  1  1
		 15  124  1289.09  4939.64193   4939.6422   4.0  1  1
		 15  124  1386.36  4937.82881   4937.8295   4.0  1  1
		 15  124  1442.40  4936.77435   4936.7746   4.0  1  1
		 15  124  1595.73  4933.85262   4933.8521   4.0  1  1
		 15  124  1629.13  4933.20917   4933.2091   4.0  1  1
		 15  124  1794.47  4929.98564    4929.985   4.0  1  1
		 15  124  1905.79  4927.78025   4927.7803   4.0  1  1
		 15  124  1929.96  4927.29784   4927.2988   4.0  1  1
		 15  124  2072.61  4924.42285   4924.4223   4.0  1  1
		 15  124  2209.80  4921.61475   4921.6134   4.0  1  1
		 15  124  2296.60  4919.81616   4919.8157   4.0  1  1
		 15  124  2640.32  4912.52775   4912.5293   4.0  1  1
		 15  124  2693.43  4911.37795   4911.3787   4.0  1  1
		 15  124  2749.48  4910.15786   4910.1576   4.0  1  1
		 15  124  2883.70  4907.20764   4907.2093   4.0  1  1
		 15  124  2994.07  4904.75169   4904.7516   4.0  1  1
		 15  124  3081.24  4902.79308   4902.7943   4.0  1  1
		 15  124  3113.89   4902.0551   4902.0545   4.0  1  1
		 15  124  3237.45  4899.24135   4899.2401   4.0  1  1
		 15  124  3422.92  4894.95477   4894.9551   4.0  1  1
		 16  125   135.53  4919.81498   4919.8157   4.0  1  1
		 16  125   584.28  4912.52861   4912.5293   4.0  1  1
		 16  125   652.54  4911.37925   4911.3787   4.0  1  1
		 16  125   724.39   4910.1575   4910.1576   4.0  1  1
		 16  125   895.00  4907.20884   4907.2093   4.0  1  1
		 16  125  1034.27   4904.7519   4904.7516   4.0  1  1
		 16  125  1143.49  4902.79397   4902.7943   4.0  1  1
		 16  125  1184.38  4902.05384   4902.0545   4.0  1  1
		 16  125  1337.93  4899.24056   4899.2401   4.0  1  1
		 16  125  1566.41  4894.95488   4894.9551   4.0  1  1
		 16  125  1645.46  4893.44437   4893.4453   4.0  1  1
		 16  125  1681.01  4892.76038   4892.7592   4.0  1  1
		 16  125  1799.60  4890.45839   4890.4582   4.0  1  1
		 16  125  1849.00  4889.48995   4889.4903   4.0  1  1
		 16  125  1871.74  4889.04252   4889.0422   4.0  1  1
		 16  125  1911.32  4888.26064   4888.2612   4.0  1  1
		 16  125  2210.20    4882.243   4882.2432   4.0  1  1
		 16  125  2229.25  4881.85261   4881.8531   4.0  1  1
		 16  125  2260.76  4881.20523   4881.2046   4.0  1  1
		 16  125  2325.71  4879.86364   4879.8635   4.0  1  1
		 16  125  2380.13  4878.73236    4878.733   4.0  1  1
		 16  125  2414.73  4878.00985   4878.0094   4.0  1  1
		 16  125  2424.11  4877.81346   4877.8128   4.0  1  1
		 16  125  2486.81  4876.49574   4876.4949   4.0  1  1
		 16  125  2587.37  4874.36408   4874.3645   4.0  1  1
		 16  125  2730.57  4871.29003    4871.289   4.0  1  1
		 16  125  2841.35  4868.88099   4868.8814   4.0  1  1
		 16  125  2901.72  4867.55672    4867.556   4.0  1  1
		 16  125  2976.27  4865.91028     4865.91   4.0  1  1
		 16  125  2995.75  4865.47821   4865.4775   4.0  1  1
		 16  125  3163.64  4861.71862   4861.7173   4.0  1  1
		 16  125  3185.80  4861.21775   4861.2167   4.0  1  1
		 16  125  3312.52  4858.33327   4858.3327   4.0  1  1
		 16  125  3548.55  4852.86772   4852.8685   4.0  1  1
		 17  126    41.80  4882.24247   4882.2432   4.0  1  1
		 17  126   109.09  4881.20286   4881.2046   4.0  1  1
		 17  126   194.77  4879.86371   4879.8635   4.0  1  1
		 17  126   266.27  4878.73312    4878.733   4.0  1  1
		 17  126   311.60  4878.01011   4878.0094   4.0  1  1
		 17  126   323.83  4877.81432   4877.8128   4.0  1  1
		 17  126   405.60  4876.49581   4876.4949   4.0  1  1
		 17  126   535.77  4874.36489   4874.3645   4.0  1  1
		 17  126   622.79  4872.91851   4872.9169   4.0  1  1
		 17  126   675.67  4872.03115   4872.0309   4.0  1  1
		 17  126   719.57  4871.28945    4871.289   4.0  1  1
		 17  126   860.36   4868.8811   4868.8814   4.0  1  1
		 17  126   936.69  4867.55623    4867.556   4.0  1  1
		 17  126  1030.42  4865.91137     4865.91   4.0  1  1
		 17  126  1054.90  4865.47835   4865.4775   4.0  1  1
		 17  126  1264.42  4861.71701   4861.7173   4.0  1  1
		 17  126  1291.86  4861.21706   4861.2167   4.0  1  1
		 17  126  1448.43  4858.33136   4858.3327   4.0  1  1
		 17  126  1491.00  4857.53716   4857.5385   4.0  1  1
		 17  126  1736.95  4852.86876   4852.8685   4.0  1  1
		 17  126  1862.23  4850.43848   4850.4397   4.0  1  1
		 17  126  1891.65  4849.86258   4849.8617   4.0  1  1
		 17  126  1928.46  4849.13942   4849.1399   4.0  1  1
		 17  126  1967.81   4848.3629   4848.3625   4.0  1  1
		 17  126  1995.74  4847.80972   4847.8095   4.0  1  1
		 17  126  2020.00  4847.32785   4847.3263   4.0  1  1
		 17  126  2128.24  4845.16169   4845.1626   4.0  1  1
		 17  126  2177.55  4844.16625   4844.1653   4.0  1  1
		 17  126  2188.64  4843.94154   4843.9413   4.0  1  1
		 17  126  2358.20  4840.47315   4840.4744   4.0  1  1
		 17  126  2722.60  4832.80413   4832.8025   4.0  1  1
		 17  126  2778.64  4831.59883   4831.5975   4.0  1  1
		 17  126  2800.68  4831.12292   4831.1213   4.0  1  1
		 17  126  3003.21  4826.70005   4826.7004   4.0  1  1
		 17  126  3125.02  4823.99673   4823.9967   4.0  1  1
		 17  126  3142.50  4823.60622   4823.6058   4.0  1  1
		 17  126  3176.02  4822.85545   4822.8548   4.0  1  1
		 17  126  3232.38  4821.58755   4821.5878   4.0  1  1
		 17  126  3263.46  4820.88536   4820.8847   4.0  1  1
		 17  126  3282.05  4820.46441   4820.4649   4.0  1  1
		 17  126  3338.05  4819.19185    4819.193   4.0  1  1
		 17  126  3567.96  4813.89624   4813.8963   4.0  1  1
		 17  126  3575.51  4813.72035   4813.7204   4.0  1  1
		 18  127   257.74  4840.47414   4840.4744   4.0  1  1
		 18  127   728.46  4832.80273   4832.8025   4.0  1  1
		 18  127   799.66  4831.59811   4831.5975   4.0  1  1
		 18  127   827.63  4831.12182   4831.1213   4.0  1  1
		 18  127   904.79  4829.79834   4829.7973   4.0  1  1
		 18  127  1082.41  4826.70055   4826.7004   4.0  1  1
		 18  127  1234.20  4823.99659   4823.9967   4.0  1  1
		 18  127  1255.86  4823.60639   4823.6058   4.0  1  1
		 18  127  1279.25  4823.18393   4823.1823   4.0  1  1
		 18  127  1297.44  4822.85465   4822.8548   4.0  1  1
		 18  127  1367.02  4821.58768   4821.5878   4.0  1  1
		 18  127  1405.38  4820.88467   4820.8847   4.0  1  1
		 18  127  1428.30  4820.46307   4820.4649   4.0  1  1
		 18  127  1496.95  4819.19293    4819.193   4.0  1  1
		 18  127  1526.25  4818.64767   4818.6477   4.0  1  1
		 18  127  1613.13  4817.01957   4817.0206   4.0  1  1
		 18  127  1777.36  4813.89569   4813.8963   4.0  1  1
		 18  127  1786.50  4813.72015   4813.7204   4.0  1  1
		 18  127  1823.51  4813.00697   4813.0069   4.0  1  1
		 18  127  1856.24  4812.37398   4812.3755   4.0  1  1
		 18  127  1997.53   4809.6136    4809.614   4.0  1  1
		 18  127  2072.37  4808.13337   4808.1337   4.0  1  1
		 18  127  2178.18  4806.01972   4806.0205   4.0  1  1
		 18  127  2464.73  4800.17133   4800.1724   4.0  1  1
		 18  127  2667.95  4795.91459   4795.9131   4.0  1  1
		 18  127  2793.31  4793.24381   4793.2446   4.0  1  1
		 18  127  2847.36  4792.08163   4792.0819   4.0  1  1
		 18  127  2971.58  4789.38694   4789.3868   4.0  1  1
		 18  127  3073.60  4787.14878    4787.148   4.0  1  1
		 18  127  3213.59  4784.04083   4784.0396   4.0  1  1
		 18  127  3221.55  4783.86297   4783.8617   4.0  1  1
		 18  127  3270.64  4782.76217   4782.7612   4.0  1  1
		 18  127  3404.78  4779.72825   4779.7286   4.0  1  1
		 18  127  3467.64  4778.29335    4778.294   4.0  1  1
		 19  128    40.71  4806.01929   4806.0205   4.0  1  1
		 19  128   416.20  4800.17299   4800.1724   4.0  1  1
		 19  128   677.52  4795.91403   4795.9131   4.0  1  1
		 19  128   836.60  4793.24532   4793.2446   4.0  1  1
		 19  128   904.90  4792.08202   4792.0819   4.0  1  1
		 19  128  1060.75  4789.38788   4789.3868   4.0  1  1
		 19  128  1187.96  4787.14834    4787.148   4.0  1  1
		 19  128  1361.31    4784.038   4784.0396   4.0  1  1
		 19  128  1371.03  4783.86165   4783.8617   4.0  1  1
		 19  128  1431.44  4782.76059   4782.7612   4.0  1  1
		 19  128  1540.57  4780.75094   4780.7505   4.0  1  1
		 19  128  1595.50  4779.72941   4779.7286   4.0  1  1
		 19  128  1672.10  4778.29371    4778.294   4.0  1  1
		 19  128  1730.48  4777.19067   4777.1915   4.0  1  1
		 19  128  1803.77  4775.79515    4775.794   4.0  1  1
		 19  128  1828.93  4775.31347    4775.313   4.0  1  1
		 19  128  1936.43  4773.23921    4773.241   4.0  1  1
		 19  128  2272.00  4766.60064   4766.6006   4.0  1  1
		 19  128  2321.73  4765.59575    4765.595   4.0  1  1
		 19  128  2383.24  4764.34539   4764.3463   4.0  1  1
		 19  128  2540.60  4761.10932   4761.1101   4.0  1  1
		 19  128  2726.35  4757.21981   4757.2196   4.0  1  1
		 19  128  2951.08  4752.41454   4752.4141   4.0  1  1
		 19  128  3063.43  4749.97131   4749.9713   4.0  1  1
		 19  128  3098.61  4749.20067   4749.2002   4.0  1  1
		 19  128  3452.47  4741.30228   4741.3039   4.0  1  1
		 19  128  3467.68  4740.95676   4740.9585   4.0  1  1
		 19  128  3486.43  4740.53019   4740.5292   4.0  1  1
		 20  129   184.59  4766.60047   4766.6006   4.0  1  1
		 20  129   249.71  4765.59563    4765.595   4.0  1  1
		 20  129   296.68  4764.86499   4764.8646   4.0  1  1
		 20  129   329.79  4764.34689   4764.3463   4.0  1  1
		 20  129   533.21  4761.10939   4761.1101   4.0  1  1
		 20  129   770.17  4757.21979   4757.2196   4.0  1  1
		 20  129  1052.80  4752.41551   4752.4141   4.0  1  1
		 20  129  1192.66  4749.97209   4749.9713   4.0  1  1
		 20  129  1236.34  4749.19994   4749.2002   4.0  1  1
		 20  129  1451.45  4745.33575   4745.3375   4.0  1  1
		 20  129  1626.43  4742.11672   4742.1174   4.0  1  1
		 20  129  1670.05  4741.30371   4741.3039   4.0  1  1
		 20  129  1688.54  4740.95782   4740.9585   4.0  1  1
		 20  129  1756.66  4739.67708   4739.6764   4.0  1  1
		 20  129  1954.22   4735.9049   4735.9058   4.0  1  1
		 20  129  2151.47  4732.05341   4732.0532   4.0  1  1
		 20  129  2261.00  4729.87799   4729.8795   4.0  1  1
		 20  129  2298.45  4729.12815   4729.1282   4.0  1  1
		 20  129  2347.84  4728.13462    4728.133   4.0  1  1
		 20  129  2362.00   4727.8489   4727.8491   4.0  1  1
		 20  129  2410.44  4726.86789   4726.8683   4.0  1  1
		 20  129  2513.08  4724.77235   4724.7723   4.0  1  1
		 20  129  2561.11    4723.784    4723.784   4.0  1  1
		 20  129  2577.78  4723.43968   4723.4382   4.0  1  1
		 20  129  2642.88   4722.0897   4722.0886   4.0  1  1
		 20  129  2666.78  4721.59195    4721.591   4.0  1  1
		 20  129  2681.82  4721.27797   4721.2765   4.0  1  1
		 20  129  2720.94  4720.45891   4720.4586   4.0  1  1
		 20  129  3077.57    4712.842   4712.8408   4.0  1  1
		 20  129  3094.14  4712.48153   4712.4814   4.0  1  1
		 20  129  3170.00   4710.8237   4710.8238   4.0  1  1
		 20  129  3284.69  4708.29359    4708.294   4.0  1  1
		 20  129  3550.81  4702.31592   4702.3161   4.0  1  1
		 21  130    45.63  4732.05218   4732.0532   4.0  1  1
		 21  130   238.67   4729.1285   4729.1282   4.0  1  1
		 21  130   303.13  4728.13341    4728.133   4.0  1  1
		 21  130   321.50  4727.84813   4727.8491   4.0  1  1
		 21  130   384.20   4726.8687   4726.8683   4.0  1  1
		 21  130   516.54  4724.77229   4724.7723   4.0  1  1
		 21  130   578.06  4723.78423    4723.784   4.0  1  1
		 21  130   599.49  4723.43816   4723.4382   4.0  1  1
		 21  130   682.45  4722.08832   4722.0886   4.0  1  1
		 21  130   712.78  4721.59107    4721.591   4.0  1  1
		 21  130   731.91  4721.27644   4721.2765   4.0  1  1
		 21  130   781.45  4720.45759   4720.4586   4.0  1  1
		 21  130  1227.43  4712.84009   4712.8408   4.0  1  1
		 21  130  1247.78  4712.48201   4712.4814   4.0  1  1
		 21  130  1341.36  4710.82328   4710.8238   4.0  1  1
		 21  130  1482.05  4708.29348    4708.294   4.0  1  1
		 21  130  1620.53  4705.76072   4705.7606   4.0  1  1
		 21  130  1716.01  4703.98992   4703.9898   4.0  1  1
		 21  130  1749.84  4703.35787   4703.3581   4.0  1  1
		 21  130  1805.32   4702.3157   4702.3161   4.0  1  1
		 21  130  1886.91   4700.7707   4700.7711   4.0  1  1
		 21  130  1920.00  4700.14005   4700.1402   4.0  1  1
		 21  130  2019.70  4698.22531   4698.2248   4.0  1  1
		 21  130  2162.03  4695.45452   4695.4542   4.0  1  1
		 21  130  2183.24  4695.03795   4695.0381   4.0  1  1
		 21  130  2231.26  4694.09105   4694.0914   4.0  1  1
		 21  130  2354.64  4691.63514   4691.6354   4.0  1  1
		 21  130  2369.14  4691.34442   4691.3452   4.0  1  1
		 21  130  2405.07  4690.62196   4690.6219   4.0  1  1
		 21  130  2622.25  4686.19566   4686.1946   4.0  1  1
		 21  130  2759.26  4683.35118   4683.3517   4.0  1  1
		 21  130  2887.76  4680.64712    4680.646   4.0  1  1
		 21  130  2907.08  4680.23747   4680.2377   4.0  1  1
		 21  130  3001.00  4678.23489   4678.2352   4.0  1  1
		 21  130  3102.28   4676.0544   4676.0555   4.0  1  1
		 21  130  3133.56  4675.37649    4675.376   4.0  1  1
		 21  130  3212.38  4673.65931   4673.6609   4.0  1  1
		 22  131   107.06  4695.03772   4695.0381   4.0  1  1
		 22  131   170.02  4694.09148   4694.0914   4.0  1  1
		 22  131   330.74    4691.636   4691.6354   4.0  1  1
		 22  131   349.55  4691.34484   4691.3452   4.0  1  1
		 22  131   395.97  4690.62277   4690.6219   4.0  1  1
		 22  131   674.18  4686.19511   4686.1946   4.0  1  1
		 22  131   847.41  4683.35119   4683.3517   4.0  1  1
		 22  131  1008.52  4680.64656    4680.646   4.0  1  1
		 22  131  1032.50  4680.23896   4680.2377   4.0  1  1
		 22  131  1149.41  4678.23441   4678.2352   4.0  1  1
		 22  131  1274.52  4676.05566   4676.0555   4.0  1  1
		 22  131  1409.79  4673.66145   4673.6609   4.0  1  1
		 22  131  1613.30    4669.984   4669.9842   4.0  1  1
		 22  131  1711.75  4668.17265   4668.1716   4.0  1  1
		 22  131  1785.65   4666.7992   4666.7985   4.0  1  1
		 22  131  1800.76  4666.51686   4666.5158   4.0  1  1
		 22  131  1828.13  4666.00418    4666.005   4.0  1  1
		 22  131  1883.00  4664.97161   4664.9704   4.0  1  1
		 22  131  1976.24  4663.20198   4663.2026   4.0  1  1
		 22  131  2164.55  4659.57067   4659.5698   4.0  1  1
		 22  131  2249.79  4657.90198   4657.9012   4.0  1  1
		 22  131  2385.50  4655.21276   4655.2126   4.0  1  1
		 22  131  2545.55  4651.99065   4651.9895   4.0  1  1
		 22  131  2776.15  4647.25205   4647.2509   4.0  1  1
		 22  131  3116.78  4640.04577   4640.0462   4.0  1  1
		 22  131  3179.91  4638.68332   4638.6849   4.0  1  1
		 22  131  3246.76  4637.23131   4637.2328   4.0  1  1
		 22  131  3404.57  4633.76656   4633.7657   4.0  1  1
		 22  131  3642.61  4628.44156   4628.4409   4.0  1  1
		 23  132   213.29  4657.90143   4657.9012   4.0  1  1
		 23  132   389.29  4655.21176   4655.2126   4.0  1  1
		 23  132   594.51  4651.98883   4651.9895   4.0  1  1
		 23  132   621.64  4651.55582   4651.5552   4.0  1  1
		 23  132   703.78   4650.2348   4650.2343   4.0  1  1
		 23  132   885.99  4647.25126   4647.2509   4.0  1  1
		 23  132   920.08  4646.68498   4646.6861   4.0  1  1
		 23  132  1037.99  4644.70649   4644.7072   4.0  1  1
		 23  132  1308.80  4640.04749   4640.0462   4.0  1  1
		 23  132  1386.34  4638.68413   4638.6849   4.0  1  1
		 23  132  1468.10  4637.23228   4637.2328   4.0  1  1
		 23  132  1660.15  4633.76494   4633.7657   4.0  1  1
		 23  132  1769.19  4631.76071   4631.7617   4.0  1  1
		 23  132  1946.79  4628.44149   4628.4409   4.0  1  1
		 23  132  1959.49  4628.20158   4628.2015   4.0  1  1
		 23  132  2007.23  4627.29651    4627.298   4.0  1  1
		 23  132  2162.74  4624.31421    4624.314   4.0  1  1
		 23  132  2324.23  4621.16254   4621.1629   4.0  1  1
		 23  132  2371.00  4620.23929   4620.2408   4.0  1  1
		 23  132  2409.27  4619.48033   4619.4794   4.0  1  1
		 23  132  2700.43  4613.60478   4613.6044   4.0  1  1
		 23  132  2895.52  4609.56744   4609.5673   4.0  1  1
		 23  132  2973.41  4607.93301   4607.9347   4.0  1  1
		 23  132  3520.43   4596.0963   4596.0967   4.0  1  1
		 23  132  3550.77  4595.42158   4595.4206   4.0  1  1
	offset	109
	niterate 3
	lowreject 3.
	highreject 3.
	coefficients	24
		1.
		4.
		4.
		1.
		1.
		3881.
		110.
		132.
		610688.4881173252
		-4803.651099898013
		-263.8747213731169
		1.985932314893113
		14.00829939897203
		-21.94844189006244
		-2.973878492871144
		-0.06063408332238141
		-0.8696152943885378
		-0.5143868691479251
		-0.1845207928605512
		-0.0753075231521297
		-0.04305841450844564
		-0.299065173386668
		-0.09144486493513765
		-0.07463207082408597

