# Tue 12:25:01 25-Nov-2003
begin	ecidentify refThAr_437_2148x3000_old
	id	refThAr_437_2148x3000_old
	task	ecidentify
	image	refThAr_437_2148x3000_old
	units	angstroms
	features	1094
		  1  124   423.67  3783.29703   3783.2964   4.0  1  1
		  1  124   846.03  3776.27107   3776.2711   4.0  1  1
		  1  124  1051.24  3772.64941   3772.6498   4.0  1  1
		  1  124  1121.85  3771.37183   3771.3708   4.0  1  1
		  1  124  1168.42   3770.5201     3770.52   4.0  1  1
		  1  124  1193.57  3770.05732    3770.056   4.0  1  1
		  1  124  1309.38  3767.89903   3767.9007   4.0  1  1
		  1  124  1403.15  3766.11903   3766.1186   4.0  1  1
		  1  124  1447.34  3765.27011     3765.27   4.0  1  1
		  1  124  1538.11  3763.50586   3763.5053   4.0  1  1
		  1  124  1567.32  3762.93243    3762.933   4.0  1  1
		  1  124  1778.30    3758.705   3758.7063   4.0  1  1
		  1  124  1789.95  3758.46708   3758.4671   4.0  1  1
		  1  124  1827.67   3757.6942   3757.6941   4.0  1  1
		  1  124  1895.43  3756.29377   3756.2941   4.0  1  1
		  1  124  1947.30  3755.21115   3755.2121   4.0  1  1
		  1  124  1976.75   3754.5927    3754.593   4.0  1  1
		  1  124  2027.57  3753.51828   3753.5177   4.0  1  1
		  1  124  2040.58  3753.24191   3753.2421   4.0  1  1
		  1  124  2072.16   3752.5684     3752.57   4.0  1  1
		  1  124  2144.09  3751.02209   3751.0219   4.0  1  1
		  1  124  2168.67  3750.48986   3750.4939   4.0  1  0
		  1  124  2303.18  3747.53952    3747.539   4.0  1  1
		  1  124  2373.59  3745.96991   3745.9706   4.0  1  1
		  1  124  2387.40   3745.6601   3745.6591   4.0  1  1
		  1  124  2508.13  3742.92156   3742.9234   4.0  1  1
		  1  124  2583.65  3741.18099    3741.183   4.0  1  1
		  1  124  2723.66  3737.89407    3737.889   4.0  1  0
		  1  124  2739.66   3737.5133   3737.5125   4.0  1  1
		  2  123   484.68  3813.06856    3813.068   4.0  1  1
		  2  123   610.49  3810.99538    3810.995   4.0  1  1
		  2  123   701.94  3809.45581   3809.4561   4.0  1  1
		  2  123   794.30  3807.87357    3807.874   4.0  1  1
		  2  123   911.78  3805.82082     3805.82   4.0  1  1
		  2  123  1014.72  3803.98521    3803.984   4.0  1  1
		  2  123  1065.03  3803.07554    3803.075   4.0  1  1
		  2  123  1154.17  3801.44341    3801.443   4.0  1  1
		  2  123  1221.16   3800.1996    3800.198   4.0  1  1
		  2  123  1264.68  3799.38355    3799.382   4.0  1  1
		  2  123  1332.25  3798.10409    3798.103   4.0  1  1
		  2  123  1473.59  3795.37859     3795.38   4.0  1  1
		  2  123  1607.67  3792.73117     3792.73   4.0  1  1
		  2  123  1703.81  3790.79572    3790.795   4.0  1  1
		  2  123  1725.43  3790.35616    3790.356   4.0  1  1
		  2  123  1783.52  3789.16741    3789.168   4.0  1  1
		  2  123  1917.51  3786.38204   3786.3824   4.0  1  1
		  2  123  1954.60  3785.60032   3785.6002   4.0  1  1
		  2  123  2002.94  3784.57449   3784.5749   4.0  1  1
		  2  123  2062.61  3783.29724   3783.2964   4.0  1  1
		  2  123  2075.77  3783.01395   3783.0127   4.0  1  1
		  2  123  2330.28  3777.41773   3777.4167   4.0  1  1
		  2  123  2381.07  3776.27388   3776.2711   4.0  1  1
		  2  123  2539.31  3772.64975   3772.6498   4.0  1  1
		  2  123  2594.31  3771.36813   3771.3708   4.0  1  1
		  2  123  2630.51  3770.51803     3770.52   4.0  1  1
		  2  123  2650.13  3770.05511    3770.056   4.0  1  1
		  2  123  2814.28  3766.11967   3766.1186   4.0  1  1
		  2  123  2849.13  3765.26881     3765.27   4.0  1  1
		  3  122   325.74  3846.88674   3846.8876   4.0  1  1
		  3  122   418.25  3845.40505   3845.4055   4.0  1  1
		  3  122   459.75  3844.73101   3844.7311   4.0  1  1
		  3  122   570.87  3842.89756   3842.8968   4.0  1  1
		  3  122   626.76  3841.95997   3841.9601   4.0  1  1
		  3  122   652.89  3841.51813   3841.5187   4.0  1  1
		  3  122   695.11  3840.79943   3840.8004   4.0  1  1
		  3  122   759.40  3839.69385   3839.6953   4.0  1  1
		  3  122   863.54  3837.87436   3837.8752   4.0  1  1
		  3  122   936.26   3836.5827   3836.5851   4.0  1  1
		  3  122   984.84  3835.71016   3835.7111   4.0  1  1
		  3  122  1041.70  3834.67902   3834.6787   4.0  1  1
		  3  122  1128.41  3833.08599    3833.086   4.0  1  1
		  3  122  1251.89  3830.77451   3830.7736   4.0  1  1
		  3  122  1289.48  3830.06076   3830.0606   4.0  1  1
		  3  122  1376.73  3828.38567   3828.3846   4.0  1  1
		  3  122  1457.73  3826.80785   3826.8072   4.0  1  1
		  3  122  1480.07   3826.3687   3826.3688   4.0  1  1
		  3  122  1515.31  3825.67266   3825.6729   4.0  1  1
		  3  122  1542.47   3825.1334   3825.1331   4.0  1  1
		  3  122  1626.05  3823.45812   3823.4577   4.0  1  1
		  3  122  1645.40  3823.06701   3823.0676   4.0  1  1
		  3  122  1725.63  3821.43136   3821.4308   4.0  1  1
		  3  122  1756.66  3820.79294   3820.7926   4.0  1  1
		  3  122  1858.01   3818.6849    3818.686   4.0  1  1
		  3  122  1976.97  3816.16597   3816.1666   4.0  1  1
		  3  122  2120.23  3813.06823    3813.068   4.0  1  1
		  3  122  2283.23  3809.45735   3809.4561   4.0  1  1
		  3  122  2353.33  3807.87567    3807.874   4.0  1  1
		  3  122  2443.16  3805.82298     3805.82   4.0  1  1
		  3  122  2522.57  3803.98383    3803.984   4.0  1  1
		  3  122  2561.46  3803.07442    3803.075   4.0  1  1
		  3  122  2630.69  3801.44104    3801.443   4.0  1  1
		  3  122  2682.81  3800.19866    3800.198   4.0  1  1
		  3  122  2716.65   3799.3861    3799.382   4.0  1  0
		  3  122  2769.67  3798.10332    3798.103   4.0  1  1
		  4  121   221.09  3880.33241   3880.3332   4.0  1  1
		  4  121   229.94  3880.19403   3880.1948   4.0  1  1
		  4  121   264.91  3879.64462   3879.6441   4.0  1  1
		  4  121   288.67  3879.26886   3879.2688   4.0  1  1
		  4  121   326.68  3878.66358    3878.662   4.0  1  1
		  4  121   401.25  3877.46177    3877.463   4.0  1  1
		  4  121   511.69  3875.64704   3875.6462   4.0  1  1
		  4  121   528.15  3875.37309   3875.3731   4.0  1  1
		  4  121   558.69  3874.86238   3874.8619   4.0  1  1
		  4  121   595.47  3874.24334   3874.2438   4.0  1  1
		  4  121   620.36  3873.82162   3873.8224   4.0  1  1
		  4  121   640.79  3873.47419    3873.474   4.0  1  1
		  4  121   659.91  3873.14763   3873.1479   4.0  1  1
		  4  121   684.78  3872.72112   3872.7222   4.0  1  1
		  4  121   718.66  3872.13684   3872.1371   4.0  1  1
		  4  121   859.73  3869.66302   3869.6633   4.0  1  1
		  4  121   923.28  3868.52733   3868.5284   4.0  1  1
		  4  121  1012.57  3866.90876   3866.9092   4.0  1  1
		  4  121  1201.01  3863.40613   3863.4059   4.0  1  1
		  4  121  1252.93  3862.42011   3862.4218   4.0  1  1
		  4  121  1308.71  3861.35075   3861.3524   4.0  1  1
		  4  121  1386.60  3859.84008   3859.8396   4.0  1  1
		  4  121  1562.41  3856.35446   3856.3544   4.0  1  1
		  4  121  1653.37  3854.50992   3854.5108   4.0  1  1
		  4  121  1768.50  3852.13462   3852.1353   4.0  1  1
		  4  121  1842.64  3850.58103   3850.5813   4.0  1  1
		  4  121  2015.48  3846.88615   3846.8876   4.0  1  1
		  4  121  2083.43  3845.40534   3845.4055   4.0  1  1
		  4  121  2114.14  3844.73072   3844.7311   4.0  1  1
		  4  121  2196.77  3842.89953   3842.8968   4.0  1  1
		  4  121  2238.66  3841.96197   3841.9601   4.0  1  1
		  4  121  2258.35  3841.51932   3841.5187   4.0  1  1
		  4  121  2290.16  3840.80086   3840.8004   4.0  1  1
		  4  121  2338.73   3839.6972   3839.6953   4.0  1  1
		  4  121  2418.06  3837.87612   3837.8752   4.0  1  1
		  4  121  2473.76  3836.58379   3836.5851   4.0  1  1
		  4  121  2511.18  3835.70893   3835.7111   4.0  1  1
		  4  121  2554.99  3834.67809   3834.6787   4.0  1  1
		  4  121  2622.21  3833.08193    3833.086   4.0  1  0
		  4  121  2682.05  3831.64597   3831.6398   4.0  1  0
		  4  121  2718.02  3830.77572   3830.7736   4.0  1  1
		  4  121  2747.34  3830.06237   3830.0606   4.0  1  1
		  4  121  2815.65  3828.38651   3828.3846   4.0  1  1
		  5  120   268.85  3911.91179   3911.9091   4.0  1  1
		  5  120   289.89  3911.57617    3911.576   4.0  1  1
		  5  120   439.86  3909.13923    3909.139   4.0  1  1
		  5  120   673.77  3905.18627   3905.1865   4.0  1  1
		  5  120   737.25  3904.08194   3904.0828   4.0  1  1
		  5  120   771.46  3903.48139   3903.4812   4.0  1  1
		  5  120   792.93  3903.10236   3903.1024   4.0  1  1
		  5  120   873.75  3901.66217   3901.6621   4.0  1  1
		  5  120   917.30  3900.87713   3900.8785   4.0  1  1
		  5  120  1050.43  3898.43784   3898.4374   4.0  1  1
		  5  120  1210.81   3895.4204   3895.4192   4.0  1  1
		  5  120  1250.48  3894.66066     3894.66   4.0  1  1
		  5  120  1302.65  3893.65324   3893.6519   4.0  1  1
		  5  120  1388.33  3891.97905   3891.9792   4.0  1  1
		  5  120  1401.16  3891.72605    3891.726   4.0  1  1
		  5  120  1417.56  3891.40212   3891.4017   4.0  1  1
		  5  120  1640.01  3886.91588   3886.9159   4.0  1  1
		  5  120  1741.14  3884.82028   3884.8225   4.0  1  1
		  5  120  1952.28  3880.33161   3880.3332   4.0  1  1
		  5  120  1958.64  3880.19405   3880.1948   4.0  1  1
		  5  120  1984.02  3879.64338   3879.6441   4.0  1  1
		  5  120  1993.11  3879.44568   3879.4454   4.0  1  1
		  5  120  2001.30  3879.26744   3879.2688   4.0  1  1
		  5  120  2029.01  3878.66207    3878.662   4.0  1  1
		  5  120  2083.62  3877.46138    3877.463   4.0  1  1
		  5  120  2165.29  3875.64612   3875.6462   4.0  1  1
		  5  120  2177.47   3875.3734   3875.3731   4.0  1  1
		  5  120  2200.25  3874.86187   3874.8619   4.0  1  1
		  5  120  2227.62  3874.24507   3874.2438   4.0  1  1
		  5  120  2246.30  3873.82244   3873.8224   4.0  1  1
		  5  120  2261.60  3873.47533    3873.474   4.0  1  1
		  5  120  2275.95  3873.14895   3873.1479   4.0  1  1
		  5  120  2294.76  3872.72009   3872.7222   4.0  1  1
		  5  120  2320.22  3872.13761   3872.1371   4.0  1  1
		  5  120  2427.28  3869.66267   3869.6633   4.0  1  1
		  5  120  2475.72  3868.52893   3868.5284   4.0  1  1
		  5  120  2544.37  3866.90686   3866.9092   4.0  1  1
		  5  120  2689.99  3863.40574   3863.4059   4.0  1  1
		  5  120  2730.34  3862.42057   3862.4218   4.0  1  1
		  6  119    62.00  3948.02732   3948.0305   4.0  1  1
		  6  119    96.09  3947.50374   3947.5046   4.0  1  1
		  6  119   107.34  3947.32995   3947.3308   4.0  1  1
		  6  119   203.79  3945.82121   3945.8201   4.0  1  1
		  6  119   223.59  3945.50735   3945.5072   4.0  1  1
		  6  119   434.84  3942.07295   3942.0732   4.0  1  1
		  6  119   728.72  3937.04226   3937.0406   4.0  1  1
		  6  119   883.60  3934.27432   3934.2742   4.0  1  1
		  6  119   917.36  3933.66033   3933.6611   4.0  1  1
		  6  119   940.67  3933.23403   3933.2375   4.0  1  0
		  6  119   958.31  3932.91038   3932.9113   4.0  1  1
		  6  119  1131.81  3929.67034   3929.6693   4.0  1  1
		  6  119  1151.74  3929.29153   3929.2904   4.0  1  1
		  6  119  1186.68  3928.62434   3928.6233   4.0  1  1
		  6  119  1319.69  3926.04653   3926.0456   4.0  1  1
		  6  119  1336.37  3925.71902   3925.7188   4.0  1  1
		  6  119  1368.07  3925.09382   3925.0934   4.0  1  1
		  6  119  1402.84  3924.40438   3924.4034   4.0  1  1
		  6  119  1433.17  3923.79932   3923.7995   4.0  1  1
		  6  119  1667.32  3919.02265   3919.0234   4.0  1  1
		  6  119  1712.96  3918.06943   3918.0701   4.0  1  1
		  6  119  1751.05  3917.26855   3917.2693   4.0  1  1
		  6  119  1791.31  3916.41641   3916.4176   4.0  1  1
		  6  119  1999.93  3911.91079   3911.9091   4.0  1  1
		  6  119  2015.19  3911.57514    3911.576   4.0  1  1
		  6  119  2124.85  3909.13982    3909.139   4.0  1  1
		  6  119  2298.80  3905.18871   3905.1865   4.0  1  1
		  6  119  2346.60  3904.08395   3904.0828   4.0  1  1
		  6  119  2372.47  3903.48255   3903.4812   4.0  1  1
		  6  119  2388.68  3903.10433   3903.1024   4.0  1  1
		  6  119  2450.16  3901.66145   3901.6621   4.0  1  1
		  6  119  2483.32  3900.87725   3900.8785   4.0  1  1
		  6  119  2585.46   3898.4356   3898.4374   4.0  1  1
		  6  119  2709.29  3895.42017   3895.4192   4.0  1  1
		  6  119  2740.07  3894.66078     3894.66   4.0  1  1
		  6  119  2847.49  3891.97962   3891.9792   4.0  1  1
		  6  119  2870.48  3891.39934   3891.4017   4.0  1  1
		  7  118    39.64  3981.82922   3981.8281   4.0  1  1
		  7  118    86.44  3981.10676   3981.1065   4.0  1  1
		  7  118   151.51  3980.08888   3980.0896   4.0  1  1
		  7  118   197.77  3979.35594   3979.3559   4.0  1  1
		  7  118   378.77  3976.41502   3976.4149   4.0  1  1
		  7  118   477.73  3974.75895    3974.759   4.0  1  1
		  7  118   494.41  3974.47655   3974.4766   4.0  1  1
		  7  118   569.35  3973.19602   3973.1961   4.0  1  1
		  7  118   601.58  3972.63951   3972.6395   4.0  1  1
		  7  118   629.41  3972.15596   3972.1545   4.0  1  1
		  7  118   770.55  3969.66394   3969.6641   4.0  1  1
		  7  118   807.43  3969.00175   3969.0026   4.0  1  1
		  7  118   836.80  3968.47114   3968.4673   4.0  1  0
		  7  118   896.03  3967.39193   3967.3921   4.0  1  1
		  7  118  1076.51  3964.03053   3964.0302   4.0  1  1
		  7  118  1160.91  3962.42051   3962.4196   4.0  1  1
		  7  118  1320.96  3959.30051      3959.3   4.0  1  1
		  7  118  1451.49  3956.69048   3956.6908   4.0  1  1
		  7  118  1490.88   3955.8914   3955.8903   4.0  1  1
		  7  118  1526.23  3955.16952   3955.1699   4.0  1  1
		  7  118  1701.94   3951.5176   3951.5149   4.0  1  1
		  7  118  1735.64  3950.80488    3950.805   4.0  1  1
		  7  118  1754.93  3950.39502   3950.3951   4.0  1  1
		  7  118  1821.18   3948.9777   3948.9789   4.0  1  1
		  7  118  1865.11  3948.02965   3948.0305   4.0  1  1
		  7  118  1889.34  3947.50373   3947.5046   4.0  1  1
		  7  118  1897.35  3947.32928   3947.3308   4.0  1  1
		  7  118  1966.32  3945.81908   3945.8201   4.0  1  1
		  7  118  1980.51  3945.50633   3945.5072   4.0  1  1
		  7  118  2134.25  3942.07158   3942.0732   4.0  1  1
		  7  118  2285.29  3938.61487   3938.6144   4.0  1  1
		  7  118  2352.74  3937.04424   3937.0406   4.0  1  0
		  7  118  2382.23   3936.3524   3936.3532   4.0  1  1
		  7  118  2469.94  3934.27502   3934.2742   4.0  1  1
		  7  118  2495.65  3933.66071   3933.6611   4.0  1  1
		  7  118  2526.93  3932.90987   3932.9113   4.0  1  1
		  7  118  2660.28  3929.66565   3929.6693   4.0  1  0
		  7  118  2675.59  3929.28856   3929.2904   4.0  1  1
		  7  118  2702.51   3928.6234   3928.6233   4.0  1  1
		  7  118  2805.60  3926.04802   3926.0456   4.0  1  1
		  7  118  2818.55  3925.72108   3925.7188   4.0  1  1
		  7  118  2843.35  3925.09339   3925.0934   4.0  1  1
		  8  117   112.91  4014.71731   4014.7164   4.0  1  1
		  8  117   167.22  4013.85629   4013.8566   4.0  1  1
		  8  117   251.71  4012.49575   4012.4952   4.0  1  1
		  8  117   297.90  4011.74118   4011.7398   4.0  1  1
		  8  117   306.91  4011.59305   4011.5916   4.0  1  1
		  8  117   508.28  4008.21007   4008.2102   4.0  1  1
		  8  117   577.28  4007.01887   4007.0188   4.0  1  1
		  8  117   613.88  4006.38036   4006.3806   4.0  1  1
		  8  117   637.71   4005.9623   4005.9615   4.0  1  1
		  8  117   671.71  4005.36237   4005.3628   4.0  1  1
		  8  117   686.90  4005.09308   4005.0928   4.0  1  1
		  8  117   771.69  4003.57525    4003.574   4.0  1  1
		  8  117   786.49  4003.30795   4003.3086   4.0  1  1
		  8  117   797.67  4003.10544   4003.1057   4.0  1  1
		  8  117   864.13  4001.89278   4001.8935   4.0  1  1
		  8  117   909.44   4001.0575   4001.0581   4.0  1  1
		  8  117   951.26  4000.28031   4000.2811   4.0  1  1
		  8  117  1021.93  3998.95334   3998.9526   4.0  1  1
		  8  117  1033.55  3998.73336   3998.7334   4.0  1  1
		  8  117  1079.18  3997.86575   3997.8654   4.0  1  1
		  8  117  1172.84  3996.06229   3996.0617   4.0  1  1
		  8  117  1237.85  3994.79273   3994.7918   4.0  1  1
		  8  117  1250.23  3994.54924   3994.5494   4.0  1  1
		  8  117  1313.46  3993.29775   3993.2989   4.0  1  1
		  8  117  1375.61  3992.05392   3992.0535   4.0  1  1
		  8  117  1391.61  3991.73154   3991.7309   4.0  1  1
		  8  117  1452.71  3990.49254   3990.4922   4.0  1  1
		  8  117  1532.94   3988.8455   3988.8456   4.0  1  1
		  8  117  1544.79  3988.60029   3988.5997   4.0  1  1
		  8  117  1721.83   3984.8791   3984.8795   4.0  1  1
		  8  117  1863.27  3981.82678   3981.8281   4.0  1  1
		  8  117  1896.24  3981.10507   3981.1065   4.0  1  1
		  8  117  1912.25  3980.75339    3980.755   4.0  1  1
		  8  117  1942.42  3980.08796   3980.0896   4.0  1  1
		  8  117  1975.48  3979.35504   3979.3559   4.0  1  1
		  8  117  2106.42  3976.41386   3976.4149   4.0  1  1
		  8  117  2178.87  3974.75993    3974.759   4.0  1  1
		  8  117  2191.19  3974.47688   3974.4766   4.0  1  1
		  8  117  2246.55  3973.19787   3973.1961   4.0  1  1
		  8  117  2270.52  3972.64069   3972.6395   4.0  1  1
		  8  117  2291.26  3972.15671   3972.1545   4.0  1  1
		  8  117  2396.94  3969.66637   3969.6641   4.0  1  1
		  8  117  2424.78  3969.00343   3969.0026   4.0  1  1
		  8  117  2447.01  3968.47168   3968.4673   4.0  1  0
		  8  117  2491.95  3967.39145   3967.3921   4.0  1  1
		  8  117  2694.76  3962.41805   3962.4196   4.0  1  1
		  8  117  2780.14  3960.27406   3960.2692   4.0  1  0
		  8  117  2818.54  3959.29974      3959.3   4.0  1  1
		  9  116    13.59  4050.88617   4050.8872   4.0  1  1
		  9  116    73.79  4049.94537   4049.9447   4.0  1  1
		  9  116   177.77  4048.28837   4048.2876   4.0  1  1
		  9  116   227.53  4047.48157   4047.4815   4.0  1  1
		  9  116   319.60  4045.96533   4045.9654   4.0  1  1
		  9  116   381.65  4044.92667   4044.9269   4.0  1  1
		  9  116   411.74   4044.4181   4044.4179   4.0  1  1
		  9  116   471.72  4043.39493   4043.3948   4.0  1  1
		  9  116   487.16  4043.12955   4043.1302   4.0  1  1
		  9  116   500.81  4042.89421   4042.8937   4.0  1  1
		  9  116   597.86  4041.20277   4041.2036   4.0  1  1
		  9  116   673.37  4039.86436   4039.8648   4.0  1  1
		  9  116   732.44   4038.8036   4038.8043   4.0  1  1
		  9  116   764.22  4038.22813   4038.2287   4.0  1  1
		  9  116   800.77   4037.5618   4037.5614   4.0  1  1
		  9  116   854.98  4036.56508   4036.5652   4.0  1  1
		  9  116   882.89  4036.04803   4036.0479   4.0  1  1
		  9  116   914.47  4035.45974     4035.46   4.0  1  1
		  9  116   979.06    4034.246   4034.2461   4.0  1  1
		  9  116  1156.22  4030.84252   4030.8424   4.0  1  1
		  9  116  1184.32   4030.2926   4030.2925   4.0  1  1
		  9  116  1208.05  4029.82623   4029.8256   4.0  1  1
		  9  116  1349.31  4027.00887   4027.0091   4.0  1  1
		  9  116  1416.04  4025.65365   4025.6556   4.0  1  1
		  9  116  1457.58   4024.8023   4024.8025   4.0  1  1
		  9  116  1528.31  4023.33839   4023.3378   4.0  1  1
		  9  116  1669.93  4020.35452   4020.3541   4.0  1  1
		  9  116  1727.20  4019.12787   4019.1289   4.0  1  1
		  9  116  1928.82  4014.71617   4014.7164   4.0  1  1
		  9  116  1967.39  4013.85557   4013.8566   4.0  1  1
		  9  116  2027.86  4012.49578   4012.4952   4.0  1  1
		  9  116  2061.21  4011.74007   4011.7398   4.0  1  1
		  9  116  2067.71  4011.59233   4011.5916   4.0  1  1
		  9  116  2214.65  4008.21172   4008.2102   4.0  1  1
		  9  116  2265.57  4007.02159   4007.0188   4.0  1  1
		  9  116  2292.74   4006.3827   4006.3806   4.0  1  1
		  9  116  2335.82  4005.36411   4005.3628   4.0  1  1
		  9  116  2347.22  4005.09339   4005.0928   4.0  1  1
		  9  116  2410.71  4003.57683    4003.574   4.0  1  1
		  9  116  2421.85  4003.30922   4003.3086   4.0  1  1
		  9  116  2430.33  4003.10512   4003.1057   4.0  1  1
		  9  116  2480.47  4001.89268   4001.8935   4.0  1  1
		  9  116  2514.80  4001.05715   4001.0581   4.0  1  1
		  9  116  2546.54  4000.28045   4000.2811   4.0  1  1
		  9  116  2600.53  3998.95019   3998.9526   4.0  1  1
		  9  116  2716.18  3996.06089   3996.0617   4.0  1  1
		  9  116  2766.27  3994.79234   3994.7918   4.0  1  1
		  9  116  2775.73  3994.55133   3994.5494   4.0  1  1
		  9  116  2873.14  3992.04926   3992.0535   4.0  1  0
		 10  115    56.62  4085.43394   4085.4341   4.0  1  1
		 10  115    67.82  4085.25661   4085.2564   4.0  1  1
		 10  115    81.29  4085.04262   4085.0421   4.0  1  1
		 10  115   179.06  4083.46987   4083.4688   4.0  1  1
		 10  115   245.13  4082.38733   4082.3872   4.0  1  1
		 10  115   263.60  4082.08183   4082.0817   4.0  1  1
		 10  115   306.49  4081.36791   4081.3678   4.0  1  1
		 10  115   346.24  4080.70033   4080.7058   4.0  1  0
		 10  115   366.47  4080.35845    4080.358   4.0  1  1
		 10  115   412.59  4079.57353   4079.5738   4.0  1  1
		 10  115   453.25  4078.87541   4078.8751   4.0  1  1
		 10  115   564.11  4076.94292   4076.9432   4.0  1  1
		 10  115   581.92  4076.62839   4076.6284   4.0  1  1
		 10  115   645.18  4075.50261    4075.503   4.0  1  1
		 10  115   736.39  4073.85502   4073.8563   4.0  1  1
		 10  115   803.39  4072.62656   4072.6284   4.0  1  1
		 10  115   816.51   4072.3841   4072.3849   4.0  1  1
		 10  115   850.78  4071.74818   4071.7513   4.0  1  1
		 10  115   931.32   4070.2375   4070.2383   4.0  1  1
		 10  115   972.28  4069.46078   4069.4612   4.0  1  1
		 10  115   985.86  4069.20182   4069.2014   4.0  1  1
		 10  115  1076.80  4067.45184   4067.4507   4.0  1  1
		 10  115  1235.35  4064.33181   4064.3315   4.0  1  1
		 10  115  1281.49  4063.40721   4063.4071   4.0  1  1
		 10  115  1484.41  4059.25217   4059.2529   4.0  1  1
		 10  115  1707.04  4054.52554   4054.5258   4.0  1  1
		 10  115  1753.00  4053.52791   4053.5277   4.0  1  1
		 10  115  1780.79  4052.92084   4052.9208   4.0  1  1
		 10  115  1845.43  4051.49837   4051.4991   4.0  1  1
		 10  115  1873.02  4050.88647   4050.8872   4.0  1  1
		 10  115  1915.33  4049.94319   4049.9447   4.0  1  1
		 10  115  1988.90  4048.28722   4048.2876   4.0  1  1
		 10  115  2024.41  4047.48093   4047.4815   4.0  1  1
		 10  115  2090.59  4045.96614   4045.9654   4.0  1  1
		 10  115  2135.64  4044.92575   4044.9269   4.0  1  1
		 10  115  2157.50  4044.41833   4044.4179   4.0  1  1
		 10  115  2201.36  4043.39474   4043.3948   4.0  1  1
		 10  115  2212.65     4043.13   4043.1302   4.0  1  1
		 10  115  2222.66  4042.89512   4042.8937   4.0  1  1
		 10  115  2294.29   4041.2025   4041.2036   4.0  1  1
		 10  115  2350.33   4039.8649   4039.8648   4.0  1  1
		 10  115  2394.41  4038.80449   4038.8043   4.0  1  1
		 10  115  2418.21  4038.22865   4038.2287   4.0  1  1
		 10  115  2486.51  4036.56458   4036.5652   4.0  1  1
		 10  115  2507.61  4036.04683   4036.0479   4.0  1  1
		 10  115  2531.44  4035.45993     4035.46   4.0  1  1
		 10  115  2580.51  4034.24452   4034.2461   4.0  1  1
		 10  115  2715.77  4030.84332   4030.8424   4.0  1  1
		 10  115  2737.33  4030.29429   4030.2925   4.0  1  1
		 10  115  2755.57  4029.82802   4029.8256   4.0  1  1
		 11  114   227.52  4118.49075   4118.4893   4.0  1  1
		 11  114   333.48  4116.71359   4116.7137   4.0  1  1
		 11  114   389.45  4115.75876   4115.7589   4.0  1  1
		 11  114   561.50  4112.75428   4112.7545   4.0  1  1
		 11  114   668.83  4110.82755    4110.826   4.0  1  1
		 11  114   751.14  4109.32287   4109.3234   4.0  1  1
		 11  114   799.92  4108.41991   4108.4198   4.0  1  1
		 11  114   829.87  4107.86144   4107.8614   4.0  1  1
		 11  114   873.08  4107.05021   4107.0506   4.0  1  1
		 11  114   989.21  4104.83767   4104.8385   4.0  1  1
		 11  114  1012.80  4104.38234   4104.3821   4.0  1  1
		 11  114  1037.06  4103.91228   4103.9121   4.0  1  1
		 11  114  1103.29  4102.61798   4102.6177   4.0  1  1
		 11  114  1217.88   4100.3424   4100.3414   4.0  1  1
		 11  114  1287.67  4098.93371   4098.9327   4.0  1  1
		 11  114  1297.62  4098.73155   4098.7316   4.0  1  1
		 11  114  1345.76  4097.74815   4097.7478   4.0  1  1
		 11  114  1426.65  4096.07711   4096.0759   4.0  1  1
		 11  114  1490.28  4094.74632    4094.747   4.0  1  1
		 11  114  1541.21  4093.67047   4093.6713   4.0  1  1
		 11  114  1751.23  4089.13669   4089.1379   4.0  1  1
		 11  114  1769.89  4088.72608   4088.7264   4.0  1  1
		 11  114  1834.98   4087.2842   4087.2848   4.0  1  1
		 11  114  1869.25  4086.51906   4086.5205   4.0  1  1
		 11  114  1917.55  4085.43311   4085.4341   4.0  1  1
		 11  114  1925.42  4085.25543   4085.2564   4.0  1  1
		 11  114  1934.86  4085.04196   4085.0421   4.0  1  1
		 11  114  2004.01  4083.46816   4083.4688   4.0  1  1
		 11  114  2051.09  4082.38691   4082.3872   4.0  1  1
		 11  114  2064.32  4082.08153   4082.0817   4.0  1  1
		 11  114  2095.17    4081.367   4081.3678   4.0  1  1
		 11  114  2138.45   4080.3586    4080.358   4.0  1  1
		 11  114  2171.89  4079.57475   4079.5738   4.0  1  1
		 11  114  2201.54  4078.87638   4078.8751   4.0  1  1
		 11  114  2282.82  4076.94477   4076.9432   4.0  1  1
		 11  114  2295.99  4076.62959   4076.6284   4.0  1  1
		 11  114  2326.03  4075.90785    4075.907   4.0  1  1
		 11  114  2342.76  4075.50445    4075.503   4.0  1  1
		 11  114  2410.62  4073.85717   4073.8563   4.0  1  1
		 11  114  2460.82  4072.62719   4072.6284   4.0  1  1
		 11  114  2470.67  4072.38466   4072.3849   4.0  1  1
		 11  114  2496.50   4071.7471   4071.7513   4.0  1  0
		 11  114  2557.25  4070.23691   4070.2383   4.0  1  1
		 11  114  2588.34  4069.45832   4069.4612   4.0  1  1
		 11  114  2598.64  4069.19941   4069.2014   4.0  1  1
		 11  114  2667.88  4067.44831   4067.4507   4.0  1  1
		 11  114  2789.22  4064.33107   4064.3315   4.0  1  1
		 11  114  2824.70  4063.40765   4063.4071   4.0  1  1
		 12  113   132.09  4156.51723   4156.5166   4.0  1  1
		 12  113   240.51  4154.72072   4154.7205   4.0  1  1
		 12  113   585.26  4148.72643   4148.7269   4.0  1  1
		 12  113   615.46  4148.18128   4148.1816   4.0  1  1
		 12  113   860.01  4143.64881   4143.6491   4.0  1  1
		 12  113   909.75  4142.70124    4142.701   4.0  1  1
		 12  113   921.59  4142.47444   4142.4741   4.0  1  1
		 12  113  1029.48  4140.38445   4140.3855   4.0  1  1
		 12  113  1037.10  4140.23537    4140.235   4.0  1  1
		 12  113  1147.98  4138.04181   4138.0406   4.0  1  1
		 12  113  1274.71  4135.48107     4135.48   4.0  1  1
		 12  113  1331.04  4134.32433   4134.3235   4.0  1  1
		 12  113  1343.43  4134.06843   4134.0681   4.0  1  1
		 12  113  1406.67  4132.75349   4132.7533   4.0  1  1
		 12  113  1455.72  4131.72384   4131.7235   4.0  1  1
		 12  113  1489.84  4131.00256   4131.0021   4.0  1  1
		 12  113  1559.69  4129.51253   4129.5116   4.0  1  1
		 12  113  1600.24   4128.6396     4128.64   4.0  1  1
		 12  113  1627.49  4128.04957   4128.0499   4.0  1  1
		 12  113  1656.79  4127.41206    4127.412   4.0  1  1
		 12  113  1809.47  4124.04022   4124.0403   4.0  1  1
		 12  113  2128.70  4116.71468   4116.7137   4.0  1  1
		 12  113  2169.18  4115.75876   4115.7589   4.0  1  1
		 12  113  2294.67  4112.75645   4112.7545   4.0  1  1
		 12  113  2373.98  4110.82828    4110.826   4.0  1  1
		 12  113  2435.21  4109.32287   4109.3234   4.0  1  1
		 12  113  2471.65  4108.42016   4108.4198   4.0  1  1
		 12  113  2494.15  4107.86001   4107.8614   4.0  1  1
		 12  113  2526.59  4107.04894   4107.0506   4.0  1  1
		 12  113  2614.32  4104.83429   4104.8385   4.0  1  0
		 12  113  2650.64  4103.90842   4103.9121   4.0  1  0
		 12  113  2700.89  4102.61795   4102.6177   4.0  1  1
		 12  113  2788.50  4100.34249   4100.3414   4.0  1  1
		 13  112    52.21   4194.9358   4194.9318   4.0  1  0
		 13  112   169.00  4193.01749   4193.0164   4.0  1  1
		 13  112   208.17  4192.36259    4192.362   4.0  1  1
		 13  112   286.85  4191.02984   4191.0294   4.0  1  1
		 13  112   305.36  4190.71299   4190.7129   4.0  1  1
		 13  112   619.69   4185.1446   4185.1447   4.0  1  1
		 13  112   674.51  4184.13752   4184.1376   4.0  1  1
		 13  112   795.19  4181.88298   4181.8836   4.0  1  1
		 13  112   896.01  4179.95988   4179.9601   4.0  1  1
		 13  112   953.47  4178.84782   4178.8481   4.0  1  1
		 13  112   978.22  4178.36523   4178.3658   4.0  1  1
		 13  112   993.78  4178.06053   4178.0597   4.0  1  1
		 13  112  1365.23  4170.53339   4170.5333   4.0  1  1
		 13  112  1455.32  4168.63296   4168.6341   4.0  1  1
		 13  112  1588.61  4165.76692   4165.7661   4.0  1  1
		 13  112  1661.19  4164.17914   4164.1795   4.0  1  1
		 13  112  1736.60  4162.50913    4162.509   4.0  1  1
		 13  112  1771.09  4161.73842   4161.7389   4.0  1  1
		 13  112  1909.98  4158.59025   4158.5905   4.0  1  1
		 13  112  1999.81  4156.51621   4156.5166   4.0  1  1
		 13  112  2076.52  4154.72146   4154.7205   4.0  1  1
		 13  112  2348.37  4148.18249   4148.1816   4.0  1  1
		 13  112  2530.23  4143.64888   4143.6491   4.0  1  1
		 13  112  2567.61  4142.70042    4142.701   4.0  1  1
		 13  112  2576.53  4142.47345   4142.4741   4.0  1  1
		 13  112  2663.81  4140.23357    4140.235   4.0  1  1
		 13  112  2748.01  4138.04234   4138.0406   4.0  1  1
		 14  111   167.17  4230.82411   4230.8242   4.0  1  1
		 14  111   190.75  4230.42729   4230.4267   4.0  1  1
		 14  111   223.68  4229.86952   4229.8644   4.0  1  0
		 14  111   265.90  4229.14871   4229.1477   4.0  1  1
		 14  111   323.30  4228.15792    4228.158   4.0  1  1
		 14  111   367.48  4227.38725   4227.3872   4.0  1  1
		 14  111   390.23  4226.98757   4226.9876   4.0  1  1
		 14  111   404.99  4226.72738   4226.7267   4.0  1  1
		 14  111   429.13  4226.29979   4226.2994   4.0  1  1
		 14  111   543.84   4224.2402   4224.2413   4.0  1  1
		 14  111   587.73  4223.43962   4223.4403   4.0  1  1
		 14  111   631.37  4222.63671   4222.6373   4.0  1  1
		 14  111   733.48  4220.73174   4220.7323   4.0  1  1
		 14  111   768.67   4220.0667   4220.0651   4.0  1  1
		 14  111   842.09  4218.66463   4218.6649   4.0  1  1
		 14  111   905.89   4217.4309   4217.4308   4.0  1  1
		 14  111   960.02  4216.37246   4216.3722   4.0  1  1
		 14  111   975.47   4216.0685   4216.0698   4.0  1  1
		 14  111  1037.91  4214.83138   4214.8285   4.0  1  1
		 14  111  1110.41  4213.37711   4213.3779   4.0  1  1
		 14  111  1125.68  4213.06852   4213.0673   4.0  1  1
		 14  111  1230.62  4210.92415   4210.9232   4.0  1  1
		 14  111  1328.61  4208.88608   4208.8907   4.0  1  0
		 14  111  1351.20  4208.41111   4208.4108   4.0  1  1
		 14  111  1707.53  4200.67414   4200.6745   4.0  1  1
		 14  111  1812.03  4198.31645    4198.317   4.0  1  1
		 14  111  1958.82  4194.93629   4194.9318   4.0  1  0
		 14  111  2040.65   4193.0172   4193.0164   4.0  1  1
		 14  111  2068.37  4192.36128    4192.362   4.0  1  1
		 14  111  2124.32  4191.02885   4191.0294   4.0  1  1
		 14  111  2137.50   4190.7132   4190.7129   4.0  1  1
		 14  111  2406.03   4184.1378   4184.1376   4.0  1  1
		 14  111  2495.55   4181.8831   4181.8836   4.0  1  1
		 14  111  2570.96  4179.95863   4179.9601   4.0  1  1
		 14  111  2614.19  4178.84476   4178.8481   4.0  1  0
		 14  111  2632.80  4178.36299   4178.3658   4.0  1  1
		 14  111  2644.59  4178.05678   4178.0597   4.0  1  1
		 15  110   128.30  4269.94241   4269.9426   4.0  1  1
		 15  110   327.38  4266.52643   4266.5271   4.0  1  1
		 15  110   341.05  4266.28642   4266.2864   4.0  1  1
		 15  110   450.36  4264.34274   4264.3399   4.0  1  1
		 15  110   545.66  4262.61257   4262.6124   4.0  1  1
		 15  110   633.76  4260.98384   4260.9845   4.0  1  1
		 15  110   668.59  4260.33236    4260.333   4.0  1  1
		 15  110   720.09  4259.36089   4259.3619   4.0  1  1
		 15  110   764.30  4258.51946   4258.5204   4.0  1  1
		 15  110   817.60  4257.49561   4257.4963   4.0  1  1
		 15  110   881.57  4256.25331   4256.2537   4.0  1  1
		 15  110   933.36  4255.23661   4255.2373   4.0  1  1
		 15  110  1018.74  4253.53972   4253.5385   4.0  1  1
		 15  110  1135.05  4251.18539   4251.1846   4.0  1  1
		 15  110  1155.04  4250.77572   4250.7749   4.0  1  1
		 15  110  1177.41  4250.31569   4250.3146   4.0  1  1
		 15  110  1270.03  4248.39132   4248.3908   4.0  1  1
		 15  110  1289.26  4247.98788   4247.9886   4.0  1  1
		 15  110  1307.71  4247.59957   4247.5988   4.0  1  1
		 15  110  1509.89  4243.26173   4243.2611   4.0  1  1
		 15  110  1608.37   4241.0941   4241.0948   4.0  1  1
		 15  110  1780.48  4237.21924   4237.2198   4.0  1  1
		 15  110  1856.90  4235.46345   4235.4636   4.0  1  1
		 15  110  2054.42  4230.82362   4230.8242   4.0  1  1
		 15  110  2071.02  4230.42696   4230.4267   4.0  1  1
		 15  110  2094.28   4229.8694   4229.8644   4.0  1  0
		 15  110  2111.47  4229.45603   4229.4545   4.0  1  1
		 15  110  2124.28  4229.14728   4229.1477   4.0  1  1
		 15  110  2165.14  4228.15822    4228.158   4.0  1  1
		 15  110  2196.76  4227.38857   4227.3872   4.0  1  1
		 15  110  2213.15  4226.98796   4226.9876   4.0  1  1
		 15  110  2223.75  4226.72835   4226.7267   4.0  1  1
		 15  110  2241.21  4226.29993   4226.2994   4.0  1  1
		 15  110  2324.42  4224.24122   4224.2413   4.0  1  1
		 15  110  2356.50  4223.44048   4223.4403   4.0  1  1
		 15  110  2388.47   4222.6382   4222.6373   4.0  1  1
		 15  110  2489.85  4220.06764   4220.0651   4.0  1  1
		 15  110  2544.48  4218.66518   4218.6649   4.0  1  1
		 15  110  2592.25  4217.42855   4217.4308   4.0  1  1
		 15  110  2632.84  4216.37025   4216.3722   4.0  1  1
		 15  110  2691.47   4214.8294   4214.8285   4.0  1  1
		 15  110  2746.27  4213.37561   4213.3779   4.0  1  1
		 15  110  2757.78  4213.06863   4213.0673   4.0  1  1
		 15  110  2837.64  4210.92165   4210.9232   4.0  1  1
		 16  109   121.18  4309.23794   4309.2392   4.0  1  1
		 16  109   158.89  4308.59787   4308.6001   4.0  1  1
		 16  109   186.66  4308.12299    4308.122   4.0  1  1
		 16  109   241.50  4307.17653   4307.1762   4.0  1  1
		 16  109   287.92  4306.36649   4306.3668   4.0  1  1
		 16  109   367.65  4304.95632   4304.9565   4.0  1  1
		 16  109   421.65  4303.98779   4303.9892   4.0  1  1
		 16  109   502.05  4302.52582   4302.5261   4.0  1  1
		 16  109   603.42  4300.64893   4300.6495   4.0  1  1
		 16  109   632.67  4300.10051   4300.1008   4.0  1  1
		 16  109   646.55  4299.83899   4299.8393   4.0  1  1
		 16  109   779.20  4297.30612   4297.3066   4.0  1  1
		 16  109   867.53   4295.5839   4295.5849   4.0  1  1
		 16  109   911.25  4294.72107   4294.7193   4.0  1  1
		 16  109  1056.23  4291.81007   4291.8098   4.0  1  1
		 16  109  1161.11  4289.65637   4289.6551   4.0  1  1
		 16  109  1208.52  4288.66945   4288.6688   4.0  1  1
		 16  109  1283.88  4287.08369   4287.0808   4.0  1  1
		 16  109  1324.13  4286.22826   4286.2285   4.0  1  1
		 16  109  1478.23  4282.89721   4282.8976   4.0  1  1
		 16  109  1517.11  4282.04284   4282.0413   4.0  1  1
		 16  109  1545.52  4281.41503   4281.4145   4.0  1  1
		 16  109  1561.19  4281.06761   4281.0678   4.0  1  1
		 16  109  1583.65  4280.56781    4280.568   4.0  1  1
		 16  109  1683.51  4278.32278   4278.3232   4.0  1  1
		 16  109  1718.51  4277.52703   4277.5282   4.0  1  1
		 16  109  1727.82  4277.31447   4277.3139   4.0  1  1
		 16  109  1750.00  4276.80718   4276.8073   4.0  1  1
		 16  109  1821.48  4275.15935   4275.1596   4.0  1  1
		 16  109  1870.28  4274.02335   4274.0246   4.0  1  1
		 16  109  1898.70  4273.35745   4273.3574   4.0  1  1
		 16  109  1919.30  4272.87305   4272.8745   4.0  1  1
		 16  109  1949.18  4272.16748   4272.1689   4.0  1  1
		 16  109  2042.49  4269.94222   4269.9426   4.0  1  1
		 16  109  2183.05  4266.52735   4266.5271   4.0  1  1
		 16  109  2192.81  4266.28742   4266.2864   4.0  1  1
		 16  109  2404.75  4260.98506   4260.9845   4.0  1  1
		 16  109  2430.36  4260.33231    4260.333   4.0  1  1
		 16  109  2468.27  4259.36095   4259.3619   4.0  1  1
		 16  109  2500.92  4258.51996   4258.5204   4.0  1  1
		 16  109  2525.03  4257.89581   4257.8982   4.0  1  1
		 16  109  2540.42  4257.49634   4257.4963   4.0  1  1
		 16  109  2588.12  4256.25177   4256.2537   4.0  1  1
		 16  109  2626.79  4255.23575   4255.2373   4.0  1  1
		 16  109  2690.85  4253.53822   4253.5385   4.0  1  1
		 16  109  2778.52  4251.18612   4251.1846   4.0  1  1
		 16  109  2793.72  4250.77458   4250.7749   4.0  1  1
		 16  109  2810.61  4250.31622   4250.3146   4.0  1  1
		 17  108   125.18  4349.07191   4349.0722   4.0  1  1
		 17  108   183.85  4348.06375    4348.064   4.0  1  1
		 17  108   277.07  4346.43482   4346.4367   4.0  1  1
		 17  108   348.28  4345.16794    4345.168   4.0  1  1
		 17  108   394.97  4344.32709   4344.3265   4.0  1  1
		 17  108   415.66  4343.95182   4343.9515   4.0  1  1
		 17  108   446.94  4343.38155   4343.3817   4.0  1  1
		 17  108   497.92  4342.44426   4342.4442   4.0  1  1
		 17  108   581.03  4340.89583   4340.8954   4.0  1  1
		 17  108   727.41  4338.10708   4338.1078   4.0  1  1
		 17  108   770.23  4337.27659   4337.2774   4.0  1  1
		 17  108   780.80  4337.07054   4337.0708   4.0  1  1
		 17  108   868.88  4335.33753   4335.3379   4.0  1  1
		 17  108   957.72  4333.56083   4333.5612   4.0  1  1
		 17  108  1017.92  4332.34042   4332.3395   4.0  1  1
		 17  108  1033.11  4332.03041   4332.0297   4.0  1  1
		 17  108  1073.59  4331.20008   4331.1995   4.0  1  1
		 17  108  1090.76    4330.846   4330.8438   4.0  1  1
		 17  108  1111.68  4330.41311    4330.412   4.0  1  1
		 17  108  1183.45  4328.91583   4328.9154   4.0  1  1
		 17  108  1327.16  4325.86038   4325.8599   4.0  1  1
		 17  108  1354.32  4325.27417   4325.2741   4.0  1  1
		 17  108  1587.57  4320.12679   4320.1264   4.0  1  1
		 17  108  1663.13  4318.41522   4318.4157   4.0  1  1
		 17  108  1800.31  4315.25307   4315.2543   4.0  1  1
		 17  108  1840.31   4314.3176   4314.3195   4.0  1  1
		 17  108  1896.53  4312.99231   4312.9975   4.0  1  0
		 17  108  1946.72    4311.799   4311.7994   4.0  1  1
		 17  108  2053.08  4309.23862   4309.2392   4.0  1  1
		 17  108  2098.88   4308.1225    4308.122   4.0  1  1
		 17  108  2137.46  4307.17634   4307.1762   4.0  1  1
		 17  108  2170.36   4306.3647   4306.3668   4.0  1  1
		 17  108  2227.02  4304.95693   4304.9565   4.0  1  1
		 17  108  2397.32  4300.64999   4300.6495   4.0  1  1
		 17  108  2418.66  4300.10199   4300.1008   4.0  1  1
		 17  108  2428.80  4299.84097   4299.8393   4.0  1  1
		 17  108  2526.47  4297.30552   4297.3066   4.0  1  1
		 17  108  2624.49   4294.7206   4294.7193   4.0  1  1
		 17  108  2732.97   4291.8117   4291.8098   4.0  1  1
		 17  108  2848.04  4288.66741   4288.6688   4.0  1  1
		 18  107    43.70  4391.10926   4391.1105   4.0  1  1
		 18  107   388.16  4385.05632   4385.0566   4.0  1  1
		 18  107   560.41  4381.85988   4381.8601   4.0  1  1
		 18  107   584.63  4381.40161   4381.4018   4.0  1  1
		 18  107   643.12  4380.28593   4380.2863   4.0  1  1
		 18  107   675.34  4379.66606   4379.6668   4.0  1  1
		 18  107   751.93  4378.17696   4378.1768   4.0  1  1
		 18  107   835.34  4376.53063   4376.5309   4.0  1  1
		 18  107   864.27  4375.95375   4375.9542   4.0  1  1
		 18  107   955.01  4374.12406   4374.1239   4.0  1  1
		 18  107  1034.75  4372.49094     4372.49   4.0  1  1
		 18  107  1090.75   4371.3298    4371.329   4.0  1  1
		 18  107  1118.35  4370.75327   4370.7532   4.0  1  1
		 18  107  1160.08  4369.87628   4369.8756   4.0  1  1
		 18  107  1256.17   4367.8319   4367.8316   4.0  1  1
		 18  107  1275.41  4367.41836    4367.418   4.0  1  1
		 18  107  1344.11  4365.93054   4365.9301   4.0  1  1
		 18  107  1441.34  4363.79443   4363.7945   4.0  1  1
		 18  107  1518.79  4362.06727   4362.0662   4.0  1  1
		 18  107  1602.81  4360.16789   4360.1672   4.0  1  1
		 18  107  1637.64  4359.37263   4359.3719   4.0  1  1
		 18  107  1683.45   4358.3196     4358.32   4.0  1  1
		 18  107  1812.15  4355.31835   4355.3205   4.0  1  1
		 18  107  1891.01  4353.44791   4353.4487   4.0  1  1
		 18  107  1925.93  4352.61211   4352.6122   4.0  1  1
		 18  107  1942.87  4352.20495   4352.2049   4.0  1  1
		 18  107  2071.67  4349.07289   4349.0722   4.0  1  1
		 18  107  2090.85  4348.60107   4348.5982   4.0  1  1
		 18  107  2112.59  4348.06431    4348.064   4.0  1  1
		 18  107  2178.18  4346.43403   4346.4367   4.0  1  1
		 18  107  2228.60  4345.16941    4345.168   4.0  1  1
		 18  107  2261.93  4344.32781   4344.3265   4.0  1  1
		 18  107  2276.71  4343.95334   4343.9515   4.0  1  1
		 18  107  2335.86  4342.44547   4342.4442   4.0  1  1
		 18  107  2396.06  4340.89635   4340.8954   4.0  1  1
		 18  107  2503.04  4338.10703   4338.1078   4.0  1  1
		 18  107  2534.48  4337.27809   4337.2774   4.0  1  1
		 18  107  2542.32  4337.07075   4337.0708   4.0  1  1
		 18  107  2607.53  4335.33608   4335.3379   4.0  1  1
		 18  107  2673.60   4333.5598   4333.5612   4.0  1  1
		 18  107  2729.85  4332.03206   4332.0297   4.0  1  1
		 18  107  2760.25  4331.20051   4331.1995   4.0  1  1
		 18  107  2773.20  4330.84516   4330.8438   4.0  1  1
		 18  107  2843.13  4328.91163   4328.9154   4.0  1  0
		 19  106    18.70  4432.96196   4432.9628   4.0  1  1
		 19  106    60.43  4432.25157   4432.2523   4.0  1  1
		 19  106   133.18  4430.99574   4430.9963   4.0  1  1
		 19  106   179.31  4430.18841    4430.189   4.0  1  1
		 19  106   411.38  4426.00054   4426.0011   4.0  1  1
		 19  106   473.84  4424.83833   4424.8373   4.0  1  1
		 19  106   533.21  4423.72014   4423.7202   4.0  1  1
		 19  106   620.70  4422.04805   4422.0479   4.0  1  1
		 19  106   646.75  4421.54474   4421.5439   4.0  1  1
		 19  106   712.92  4420.25489   4420.2571   4.0  1  1
		 19  106   883.99  4416.84475   4416.8447   4.0  1  1
		 19  106   913.89  4416.23773    4416.237   4.0  1  1
		 19  106   999.22  4414.48642   4414.4863   4.0  1  1
		 19  106  1216.68  4409.89999   4409.8991   4.0  1  1
		 19  106  1263.75   4408.8838   4408.8828   4.0  1  1
		 19  106  1532.21  4402.92692   4402.9271   4.0  1  1
		 19  106  1562.18  4402.24466   4402.2452   4.0  1  1
		 19  106  1617.09  4400.98606   4400.9863   4.0  1  1
		 19  106  1655.58  4400.09685   4400.0968   4.0  1  1
		 19  106  1685.30  4399.40648    4399.406   4.0  1  1
		 19  106  1749.01  4397.91479   4397.9149   4.0  1  1
		 19  106  1809.74  4396.47841   4396.4783   4.0  1  1
		 19  106  1923.16  4393.75765    4393.759   4.0  1  1
		 19  106  1955.48  4392.97317    4392.974   4.0  1  1
		 19  106  2031.55  4391.11073   4391.1105   4.0  1  1
		 19  106  2272.62  4385.05839   4385.0566   4.0  1  1
		 19  106  2396.39  4381.86063   4381.8601   4.0  1  1
		 19  106  2413.91  4381.40291   4381.4018   4.0  1  1
		 19  106  2479.92  4379.66694   4379.6668   4.0  1  1
		 19  106  2536.07    4378.176   4378.1768   4.0  1  1
		 19  106  2618.92  4375.95127   4375.9542   4.0  1  1
		 19  106  2686.27  4374.12071   4374.1239   4.0  1  1
		 19  106  2745.59  4372.49158     4372.49   4.0  1  1
		 19  106  2787.53  4371.32995    4371.329   4.0  1  1
		 19  106  2808.28  4370.75216   4370.7532   4.0  1  1
		 19  106  2839.66   4369.8743   4369.8756   4.0  1  1
		 20  105    16.53  4475.22098   4475.2214   4.0  1  1
		 20  105    43.52  4474.75824   4474.7594   4.0  1  1
		 20  105   257.05  4470.99167   4470.9906   4.0  1  1
		 20  105   337.54   4469.5251   4469.5253   4.0  1  1
		 20  105   560.10  4465.34054   4465.3406   4.0  1  1
		 20  105   637.86  4463.83454   4463.8346   4.0  1  1
		 20  105   646.48  4463.66603    4463.666   4.0  1  1
		 20  105   754.75  4461.52771   4461.5278   4.0  1  1
		 20  105   803.19  4460.55682   4460.5574   4.0  1  1
		 20  105   892.75  4458.73854   4458.7384   4.0  1  1
		 20  105   928.64  4458.00142   4458.0015   4.0  1  1
		 20  105  1083.14  4454.77272   4454.7738   4.0  1  1
		 20  105  1186.35  4452.56565   4452.5655   4.0  1  1
		 20  105  1267.54  4450.80069    4450.804   4.0  1  0
		 20  105  1325.69  4449.52125   4449.5206   4.0  1  1
		 20  105  1354.63  4448.87973   4448.8792   4.0  1  1
		 20  105  1401.49  4447.83387   4447.8346   4.0  1  1
		 20  105  1487.21  4445.89927   4445.9012   4.0  1  1
		 20  105  1525.19   4445.0329   4445.0338   4.0  1  1
		 20  105  1584.64  4443.66583   4443.6657   4.0  1  1
		 20  105  1672.97  4441.60907   4441.6084   4.0  1  1
		 20  105  1704.57  4440.86609   4440.8659   4.0  1  1
		 20  105  1716.98  4440.57318   4440.5737   4.0  1  1
		 20  105  1746.33  4439.87809   4439.8793   4.0  1  1
		 20  105  1763.85   4439.4616   4439.4614   4.0  1  1
		 20  105  1778.06   4439.1228   4439.1237   4.0  1  1
		 20  105  1793.80   4438.7468   4438.7464   4.0  1  1
		 20  105  1995.64  4433.83819    4433.838   4.0  1  1
		 20  105  2030.95  4432.96303   4432.9628   4.0  1  1
		 20  105  2059.48  4432.25224   4432.2523   4.0  1  1
		 20  105  2109.57  4430.99685   4430.9963   4.0  1  1
		 20  105  2141.56  4430.18959    4430.189   4.0  1  1
		 20  105  2305.01  4426.00201   4426.0011   4.0  1  1
		 20  105  2392.33  4423.72049   4423.7202   4.0  1  1
		 20  105  2455.57  4422.04846   4422.0479   4.0  1  1
		 20  105  2648.53  4416.84123   4416.8447   4.0  1  0
		 20  105  2733.80  4414.48778   4414.4863   4.0  1  1
		 21  104   194.53  4515.11887   4515.1182   4.0  1  1
		 21  104   273.77  4513.68104   4513.6799   4.0  1  1
		 21  104   298.70  4513.22357   4513.2231   4.0  1  1
		 21  104   432.22  4510.73252   4510.7332   4.0  1  1
		 21  104   443.06  4510.52713   4510.5259   4.0  1  1
		 21  104   583.19  4507.83362   4507.8339   4.0  1  1
		 21  104   652.52  4506.47322    4506.473   4.0  1  1
		 21  104   715.76  4505.21668   4505.2167   4.0  1  1
		 21  104   829.11  4502.92636   4502.9268   4.0  1  1
		 21  104   971.39  4499.98277   4499.9832   4.0  1  1
		 21  104  1020.78  4498.94297   4498.9401   4.0  1  1
		 21  104  1039.83   4498.5393   4498.5384   4.0  1  1
		 21  104  1279.89  4493.33474   4493.3337   4.0  1  1
		 21  104  1385.19  4490.98157   4490.9816   4.0  1  1
		 21  104  1443.33  4489.66404   4489.6645   4.0  1  1
		 21  104  1486.45  4488.67829   4488.6803   4.0  1  1
		 21  104  1502.48  4488.31001   4488.3123   4.0  1  1
		 21  104  1537.75   4487.4962   4487.4955   4.0  1  1
		 21  104  1563.56  4486.89762   4486.8973   4.0  1  1
		 21  104  1714.44  4483.34607   4483.3468   4.0  1  1
		 21  104  1778.54  4481.81025   4481.8107   4.0  1  1
		 21  104  1868.12  4479.63684   4479.6376   4.0  1  1
		 21  104  1910.59   4478.5955   4478.5958   4.0  1  1
		 21  104  2046.25  4475.22086   4475.2214   4.0  1  1
		 21  104  2064.56  4474.75982   4474.7594   4.0  1  1
		 21  104  2268.75  4469.52704   4469.5253   4.0  1  1
		 21  104  2427.50  4465.34109   4465.3406   4.0  1  1
		 21  104  2489.91  4463.66671    4463.666   4.0  1  1
		 21  104  2568.78  4461.52668   4461.5278   4.0  1  1
		 21  104  2604.31  4460.55364   4460.5574   4.0  1  0
		 21  104  2696.60  4458.00048   4458.0015   4.0  1  1
		 21  104  2811.45  4454.76812   4454.7738   4.0  1  0
		 22  103   228.14  4558.34714   4558.3458   4.0  1  1
		 22  103   364.67  4555.81264   4555.8127   4.0  1  1
		 22  103   555.26  4552.15351   4552.1536   4.0  1  1
		 22  103   589.83  4551.47477   4551.4736   4.0  1  1
		 22  103   775.20  4547.75807   4547.7589   4.0  1  1
		 22  103   800.17  4547.24737   4547.2498   4.0  1  1
		 22  103   864.74  4545.91567   4545.9156   4.0  1  1
		 22  103   906.26  4545.05093   4545.0519   4.0  1  1
		 22  103   931.83  4544.51505   4544.5142   4.0  1  1
		 22  103   962.51  4543.86887   4543.8692   4.0  1  1
		 22  103  1096.69  4541.00002    4540.999   4.0  1  1
		 22  103  1249.71  4537.64337   4537.6426   4.0  1  1
		 22  103  1324.04  4535.98002   4535.9798   4.0  1  1
		 22  103  1345.67    4535.492   4535.4903   4.0  1  1
		 22  103  1356.15  4535.25487   4535.2546   4.0  1  1
		 22  103  1406.07  4534.11949   4534.1198   4.0  1  1
		 22  103  1441.66  4533.30406   4533.3042   4.0  1  1
		 22  103  1451.57  4533.07595    4533.077   4.0  1  1
		 22  103  1560.19  4530.55219   4530.5523   4.0  1  1
		 22  103  1570.12   4530.3192   4530.3191   4.0  1  1
		 22  103  1901.38  4522.32202    4522.323   4.0  1  1
		 22  103  1946.68  4521.19452   4521.1939   4.0  1  1
		 22  103  2023.65  4519.26007   4519.2592   4.0  1  1
		 22  103  2185.34  4515.11833   4515.1182   4.0  1  1
		 22  103  2240.51  4513.68108   4513.6799   4.0  1  1
		 22  103  2257.93   4513.2245   4513.2231   4.0  1  1
		 22  103  2352.16  4510.73374   4510.7332   4.0  1  1
		 22  103  2359.83  4510.52935   4510.5259   4.0  1  0
		 22  103  2510.16  4506.47345    4506.473   4.0  1  1
		 22  103  2556.08  4505.21529   4505.2167   4.0  1  1
		 22  103  2638.84  4502.92436   4502.9268   4.0  1  1
		 22  103  2743.43  4499.98466   4499.9832   4.0  1  1
		 22  103  2780.02  4498.94418   4498.9401   4.0  1  0
		 22  103  2794.18  4498.53961   4498.5384   4.0  1  1
		 23  102   222.59  4603.14479   4603.1446   4.0  1  1
		 23  102   454.42  4598.76131   4598.7627   4.0  1  1
		 23  102   579.63  4596.30693   4596.3078   4.0  1  1
		 23  102   590.28  4596.09535   4596.0967   4.0  1  1
		 23  102   624.14  4595.41977   4595.4206   4.0  1  1
		 23  102   712.18  4593.64273   4593.6437   4.0  1  1
		 23  102   759.97  4592.66549    4592.666   4.0  1  1
		 23  102   893.09  4589.89697   4589.8978   4.0  1  1
		 23  102   962.54  4588.42551   4588.4261   4.0  1  1
		 23  102  1292.66  4581.17405   4581.1732   4.0  1  1
		 23  102  1351.89  4579.82774   4579.8272   4.0  1  1
		 23  102  1372.77  4579.34983   4579.3495   4.0  1  1
		 23  102  1717.19  4571.21811   4571.2195   4.0  1  1
		 23  102  1727.35  4570.97105   4570.9722   4.0  1  1
		 23  102  1842.50  4568.14211   4568.1426   4.0  1  1
		 23  102  1878.77  4567.24012   4567.2403   4.0  1  1
		 23  102  1974.48  4564.83442   4564.8354   4.0  1  1
		 23  102  1991.44  4564.40444   4564.4054   4.0  1  1
		 23  102  2110.61   4561.3491   4561.3477   4.0  1  1
		 23  102  2225.58  4558.34662   4558.3458   4.0  1  1
		 23  102  2320.98  4555.81349   4555.8127   4.0  1  1
		 23  102  2456.35  4552.15376   4552.1536   4.0  1  1
		 23  102  2615.32  4547.75515   4547.7589   4.0  1  0
		 23  102  2680.67  4545.91437   4545.9156   4.0  1  1
		 23  102  2711.05   4545.0517   4545.0519   4.0  1  1
		 23  102  2752.38  4543.87159   4543.8692   4.0  1  1
		 23  102  2851.78  4541.00012    4540.999   4.0  1  1
		 24  101   300.99  4647.25333   4647.2509   4.0  1  1
		 24  101   330.79  4646.68716   4646.6861   4.0  1  1
		 24  101   492.34  4643.55646   4643.5566   4.0  1  1
		 24  101   667.61  4640.04479   4640.0462   4.0  1  1
		 24  101   693.38  4639.51827   4639.5188   4.0  1  1
		 24  101   733.94  4638.68455   4638.6849   4.0  1  1
		 24  101   803.85  4637.23247   4637.2328   4.0  1  1
		 24  101   967.21  4633.76507   4633.7657   4.0  1  1
		 24  101  1059.41  4631.76184   4631.7617   4.0  1  1
		 24  101  1208.97  4628.44126   4628.4409   4.0  1  1
		 24  101  1219.59  4628.20214   4628.2015   4.0  1  1
		 24  101  1259.56  4627.29807    4627.298   4.0  1  1
		 24  101  1389.54  4624.31401    4624.314   4.0  1  1
		 24  101  1523.71  4621.16344   4621.1629   4.0  1  1
		 24  101  1594.24  4619.47824   4619.4794   4.0  1  1
		 24  101  1764.31  4615.33282    4615.334   4.0  1  1
		 24  101  1776.76  4615.02481    4615.024   4.0  1  1
		 24  101  1833.84  4613.60441   4613.6044   4.0  1  1
		 24  101  1876.15  4612.54304   4612.5435   4.0  1  1
		 24  101  1993.41  4609.56367   4609.5673   4.0  1  0
		 24  101  2030.13  4608.61929   4608.6201   4.0  1  1
		 24  101  2056.59  4607.93521   4607.9347   4.0  1  1
		 24  101  2238.83  4603.14565   4603.1446   4.0  1  1
		 24  101  2401.14  4598.76307   4598.7627   4.0  1  1
		 24  101  2490.35  4596.30636   4596.3078   4.0  1  1
		 24  101  2497.91  4596.09656   4596.0967   4.0  1  1
		 24  101  2522.27  4595.41911   4595.4206   4.0  1  1
		 24  101  2620.40   4592.6626    4592.666   4.0  1  0
		 24  101  2717.29  4589.89847   4589.8978   4.0  1  1
		 24  101  2768.19  4588.42905   4588.4261   4.0  1  1
		 25  100   232.12   4695.0412   4695.0381   4.0  1  1
		 25  100   282.09  4694.09372   4694.0914   4.0  1  1
		 25  100   409.53  4691.63283   4691.6354   4.0  1  1
		 25  100   460.95  4690.62176   4690.6219   4.0  1  1
		 25  100   680.21  4686.19435   4686.1946   4.0  1  1
		 25  100   816.31  4683.35115   4683.3517   4.0  1  1
		 25  100   961.50  4680.23745   4680.2377   4.0  1  1
		 25  100  1150.62  4676.05644   4676.0555   4.0  1  1
		 25  100  1180.77  4675.37681    4675.376   4.0  1  1
		 25  100  1256.18  4673.66084   4673.6609   4.0  1  1
		 25  100  1414.51  4669.98398   4669.9842   4.0  1  1
		 25  100  1491.03  4668.17079   4668.1716   4.0  1  1
		 25  100  1548.32  4666.79778   4666.7985   4.0  1  1
		 25  100  1560.02   4666.5157   4666.5158   4.0  1  1
		 25  100  1581.18  4666.00436    4666.005   4.0  1  1
		 25  100  1695.78  4663.20279   4663.2026   4.0  1  1
		 25  100  1906.96  4657.90054   4657.9012   4.0  1  1
		 25  100  2011.36  4655.21174   4655.2126   4.0  1  1
		 25  100  2134.24   4651.9894   4651.9895   4.0  1  1
		 25  100  2150.52  4651.55791   4651.5552   4.0  1  1
		 25  100  2200.17  4650.23454   4650.2343   4.0  1  1
		 25  100  2310.65  4647.25302   4647.2509   4.0  1  1
		 25  100  2331.42  4646.68669   4646.6861   4.0  1  1
		 25  100  2618.00  4638.68189   4638.6849   4.0  1  1
		 25  100  2668.58  4637.23141   4637.2328   4.0  1  1
		 26   99   250.60  4742.12043   4742.1174   4.0  1  1
		 26   99   293.00   4741.3059   4741.3039   4.0  1  1
		 26   99   311.06  4740.95674   4740.9585   4.0  1  1
		 26   99   332.83  4740.53414   4740.5292   4.0  1  0
		 26   99   376.73  4739.67638   4739.6764   4.0  1  1
		 26   99   565.34  4735.90486   4735.9058   4.0  1  1
		 26   99   751.10   4732.0528   4732.0532   4.0  1  1
		 26   99   887.88  4729.12866   4729.1282   4.0  1  1
		 26   99   991.30  4726.86795   4726.8683   4.0  1  1
		 26   99  1129.33  4723.78416    4723.784   4.0  1  1
		 26   99  1144.57   4723.4389   4723.4382   4.0  1  1
		 26   99  1203.75  4722.08957   4722.0886   4.0  1  1
		 26   99  1225.46  4721.59111    4721.591   4.0  1  1
		 26   99  1239.10  4721.27672   4721.2765   4.0  1  1
		 26   99  1274.51  4720.45775   4720.4586   4.0  1  1
		 26   99  1593.82  4712.84122   4712.8408   4.0  1  1
		 26   99  1608.50  4712.48119   4712.4814   4.0  1  1
		 26   99  1675.59   4710.8241   4710.8238   4.0  1  1
		 26   99  1776.61  4708.29406    4708.294   4.0  1  1
		 26   99  1876.18  4705.75935   4705.7606   4.0  1  1
		 26   99  1944.75  4703.99012   4703.9898   4.0  1  1
		 26   99  1969.11   4703.3567   4703.3581   4.0  1  1
		 26   99  2008.94  4702.31603   4702.3161   4.0  1  1
		 26   99  2265.42  4695.45485   4695.4542   4.0  1  1
		 26   99  2280.61  4695.03964   4695.0381   4.0  1  1
		 26   99  2315.17  4694.09167   4694.0914   4.0  1  1
		 26   99  2403.86  4691.63483   4691.6354   4.0  1  1
		 26   99  2440.07  4690.62203   4690.6219   4.0  1  1
		 26   99  2596.07  4686.19272   4686.1946   4.0  1  1
		 26   99  2694.16  4683.35199   4683.3517   4.0  1  1
		 27   98   308.71  4789.38796   4789.3868   4.0  1  1
		 27   98   422.00  4787.14714    4787.148   4.0  1  1
		 27   98   452.66  4786.53207    4786.531   4.0  1  1
		 27   98   583.69  4783.86126   4783.8617   4.0  1  1
		 27   98   780.19  4779.72754   4779.7286   4.0  1  1
		 27   98   846.68  4778.29375    4778.294   4.0  1  1
		 27   98   897.25  4777.19115   4777.1915   4.0  1  1
		 27   98   960.66  4775.79412    4775.794   4.0  1  1
		 27   98   982.33  4775.31294    4775.313   4.0  1  1
		 27   98  1074.65   4773.2416    4773.241   4.0  1  1
		 27   98  1360.82  4766.60094   4766.6006   4.0  1  1
		 27   98  1402.97  4765.59454    4765.595   4.0  1  1
		 27   98  1433.44  4764.86262   4764.8646   4.0  1  1
		 27   98  1454.85  4764.34586   4764.3463   4.0  1  1
		 27   98  1742.58  4757.21994   4757.2196   4.0  1  1
		 27   98  1929.27  4752.41316   4752.4141   4.0  1  1
		 27   98  2021.99  4749.97158   4749.9713   4.0  1  1
		 27   98  2050.99  4749.20055   4749.2002   4.0  1  1
		 27   98  2194.39   4745.3353   4745.3375   4.0  1  1
		 27   98  2311.36  4742.11732   4742.1174   4.0  1  1
		 27   98  2353.05  4740.95609   4740.9585   4.0  1  1
		 27   98  2368.15  4740.53348   4740.5292   4.0  1  0
		 27   98  2398.64  4739.67751   4739.6764   4.0  1  1
		 27   98  2531.32  4735.90471   4735.9058   4.0  1  1
		 27   98  2664.00  4732.05318   4732.0532   4.0  1  1
		 28   97   202.42  4840.85033   4840.8492   4.0  1  1
		 28   97   602.25  4832.80165   4832.8025   4.0  1  1
		 28   97   659.52  4831.59667   4831.5975   4.0  1  1
		 28   97   681.96  4831.12101   4831.1213   4.0  1  1
		 28   97   743.93  4829.79659   4829.7973   4.0  1  1
		 28   97   886.03  4826.70051   4826.7004   4.0  1  1
		 28   97  1007.10  4823.99754   4823.9967   4.0  1  1
		 28   97  1024.40  4823.60624   4823.6058   4.0  1  1
		 28   97  1057.47  4822.85522   4822.8548   4.0  1  1
		 28   97  1112.77  4821.58918   4821.5878   4.0  1  1
		 28   97  1143.28  4820.88519   4820.8847   4.0  1  1
		 28   97  1161.43  4820.46476   4820.4649   4.0  1  1
		 28   97  1215.94  4819.19362    4819.193   4.0  1  1
		 28   97  1307.91  4817.02095   4817.0206   4.0  1  1
		 28   97  1437.69  4813.89617   4813.8963   4.0  1  1
		 28   97  1444.93  4813.71982   4813.7204   4.0  1  1
		 28   97  1474.17  4813.00519   4813.0069   4.0  1  1
		 28   97  1499.83  4812.37512   4812.3755   4.0  1  1
		 28   97  1611.06  4809.61298    4809.614   4.0  1  1
		 28   97  1669.78  4808.13379   4808.1337   4.0  1  1
		 28   97  1752.73  4806.02015   4806.0205   4.0  1  1
		 28   97  2134.61  4795.91466   4795.9131   4.0  1  1
		 28   97  2231.70  4793.24621   4793.2446   4.0  1  1
		 28   97  2273.56  4792.08287   4792.0819   4.0  1  1
		 28   97  2369.54   4789.3873   4789.3868   4.0  1  1
		 28   97  2448.21  4787.14728    4787.148   4.0  1  1
		 28   97  2469.60  4786.53357    4786.531   4.0  1  1
		 28   97  2561.89  4783.86224   4783.8617   4.0  1  1
		 29   96   315.79  4889.04363   4889.0422   4.0  1  1
		 29   96   645.21  4882.24222   4882.2432   4.0  1  1
		 29   96   693.70  4881.20406   4881.2046   4.0  1  1
		 29   96   755.67  4879.86334   4879.8635   4.0  1  1
		 29   96   807.35  4878.73304    4878.733   4.0  1  1
		 29   96   840.17  4878.00942   4878.0094   4.0  1  1
		 29   96   908.22  4876.49515   4876.4949   4.0  1  1
		 29   96  1002.50  4874.36547   4874.3645   4.0  1  1
		 29   96  1065.59  4872.91967   4872.9169   4.0  1  1
		 29   96  1135.85  4871.29004    4871.289   4.0  1  1
		 29   96  1238.13  4868.88112   4868.8814   4.0  1  1
		 29   96  1293.62  4867.55612    4867.556   4.0  1  1
		 29   96  1361.78  4865.91092     4865.91   4.0  1  1
		 29   96  1379.61  4865.47748   4865.4775   4.0  1  1
		 29   96  1532.07  4861.71617   4861.7173   4.0  1  1
		 29   96  1552.05  4861.21592   4861.2167   4.0  1  1
		 29   96  1876.24  4852.86674   4852.8685   4.0  1  1
		 29   96  1967.41  4850.43842   4850.4397   4.0  1  1
		 29   96  1988.86  4849.86195   4849.8617   4.0  1  1
		 29   96  2015.59  4849.14065   4849.1399   4.0  1  1
		 29   96  2044.33  4848.36175   4848.3625   4.0  1  1
		 29   96  2064.60  4847.81047   4847.8095   4.0  1  1
		 29   96  2161.02  4845.16281   4845.1626   4.0  1  1
		 29   96  2205.18  4843.93684   4843.9413   4.0  1  0
		 29   96  2315.30   4840.8421   4840.8492   4.0  1  0
		 29   96  2328.27  4840.47407   4840.4744   4.0  1  1
		 29   96  2592.92   4832.8017   4832.8025   4.0  1  1
		 29   96  2633.52  4831.59704   4831.5975   4.0  1  1
		 29   96  2649.47  4831.12183   4831.1213   4.0  1  1
		 30   95     3.02  4946.66402   4946.6637   4.0  1  1
		 30   95    65.85  4945.45563   4945.4587   4.0  1  1
		 30   95   188.24  4943.06498   4943.0642   4.0  1  1
		 30   95   358.92  4939.64203   4939.6422   4.0  1  1
		 30   95   447.20  4937.82808   4937.8295   4.0  1  1
		 30   95   497.82   4936.7739   4936.7746   4.0  1  1
		 30   95   665.47  4933.20872   4933.2091   4.0  1  1
		 30   95   910.80  4927.78161   4927.7803   4.0  1  1
		 30   95  1176.64   4921.6157   4921.6134   4.0  1  1
		 30   95  1251.87  4919.81703   4919.8157   4.0  1  1
		 30   95  1547.10  4912.52807   4912.5293   4.0  1  1
		 30   95  1592.39  4911.37747   4911.3787   4.0  1  1
		 30   95  1615.17  4910.79547   4910.7929   4.0  1  1
		 30   95  1640.07  4910.15692   4910.1576   4.0  1  1
		 30   95  1846.80  4904.75242   4904.7516   4.0  1  1
		 30   95  1920.02  4902.79423   4902.7943   4.0  1  1
		 30   95  1947.51  4902.05319   4902.0545   4.0  1  1
		 30   95  2050.70  4899.24192   4899.2401   4.0  1  1
		 30   95  2204.81  4894.95664   4894.9551   4.0  1  1
		 30   95  2258.29  4893.44505   4893.4453   4.0  1  1
		 30   95  2282.36   4892.7605   4892.7592   4.0  1  1
		 30   95  2396.15  4889.48956   4889.4903   4.0  1  1
		 30   95  2411.56  4889.04234   4889.0422   4.0  1  1
		 30   95  2438.39  4888.26079   4888.2612   4.0  1  1
		 30   95  2641.40  4882.24357   4882.2432   4.0  1  1
		 31   94   497.62  4989.30816   4989.3086   4.0  1  1
		 31   94   680.53   4985.3727   4985.3725   4.0  1  1
		 31   94   810.61  4982.48888   4982.4875   4.0  1  1
		 31   94   912.37   4980.1828   4980.1859   4.0  1  1
		 31   94  1252.29  4972.16038   4972.1597   4.0  1  1
		 31   94  1510.77   4965.7319   4965.7315   4.0  1  1
		 31   94  1536.42  4965.07845   4965.0795   4.0  1  1
		 31   94  2218.41  4946.66408   4946.6637   4.0  1  1
		 31   94  2260.54  4945.45933   4945.4587   4.0  1  1
		 31   94  2343.49  4943.06405   4943.0642   4.0  1  1
		 31   94  2460.22  4939.64074   4939.6422   4.0  1  1
		 31   94  2521.21  4937.82801   4937.8295   4.0  1  1
		 31   94  2556.40   4936.7743   4936.7746   4.0  1  1
	offset	125
	slope	-1
	niterate 3
	lowreject 3.
	highreject 3.
	coefficients	36
		1.
		6.999999999999999
		4.
		1.
		1.
		3000.
		94.
		124.
		466553.4291725593
		-3603.669734643277
		-230.9782740900183
		-3.16888335749334
		-1.033789470850409
		-0.2687556093271257
		-0.1716721114018244
		-22.25079005787145
		-21.80239657119431
		-4.196857032565778
		-0.3006642717668459
		-1.058770432631318
		-0.06391464465459727
		-0.3861451802610958
		1.045771817833117
		-1.696645987243492
		0.2225519719719454
		0.158992271256524
		0.2759333672656629
		-0.009265787883340508
		0.09431403187363962
		-0.3854761503082013
		0.122650368879643
		-0.5867178015378246
		-0.08209191076214912
		-0.3976058666210772
		-0.02530726881220808
		-0.1651168244052322

