# Fri 15:14:13 04-Apr-2003
begin	ecidentify refThAr_860_l_2148x4096
	id	refThAr_860_l_2148x4096
	task	ecidentify
	image	refThAr_860_l_2148x4096
	units	angstroms
	features	54
		  1    1  2075.55  2094.55103   10349.048   4.0  1  1
		  1    1  2991.14  3010.13916   10308.544   4.0  1  1
		  1    1  3546.57  3565.56958   10283.116   4.0  1  1
		  2    2   134.07  153.068161   10247.557   4.0  1  1
		  2    2   988.84  1007.83826   10218.433   4.0  1  1
		  2    2  2114.71  2133.71313   10175.008   4.0  1  1
		  2    2  3074.56  3093.56372   10133.566   4.0  1  1
		  2    2  3549.53  3568.53442   10111.874   4.0  1  1
		  3    3  1310.16  1329.15869   10039.364   4.0  1  1
		  3    3  1474.97  1493.96912   10033.222   4.0  1  1
		  3    3  2611.44  2630.44043    9987.635   4.0  1  1
		  3    3  3608.92  3627.92041    9943.064   4.0  1  1
		  4    4   166.00  185.004761     9916.12   4.0  1  1
		  4    4   782.51  801.507141    9896.048   4.0  1  1
		  4    4  2897.34  2916.34204    9814.958   4.0  1  1
		  4    4  3460.07  3479.06714    9789.511   4.0  1  1
		  5    5   218.46  237.462372     9757.22   4.0  1  1
		  5    5   334.02  353.024658    9753.592   4.0  1  1
		  5    5   557.04  576.038391    9746.463   4.0  1  1
		  5    5   648.79  667.788635    9743.562   4.0  1  1
		  5    5  2001.66  2020.66052    9695.031   4.0  1  1
		  5    5  2754.24  2773.24341   9664.6983   4.0  1  1
		  5    5  3561.63  3580.62549   9629.5693   4.0  1  1
		  5    5  3658.05  3677.04687    9625.198   4.0  1  1
		  6    6   779.78   798.78479    9587.027   4.0  1  1
		  6    6  1889.64  1908.63513   9548.0303   4.0  1  1
		  6    6  2954.12  2973.12183    9505.393   4.0  1  1
		  6    6  3749.60  3768.59717   9470.6819   4.0  1  1
		  7    7   281.61  300.607727   9455.2023   4.0  1  1
		  7    7  1021.53  1040.53137   9431.5996   4.0  1  1
		  7    7  2208.55  2227.54663   9388.9308   4.0  1  1
		  7    7  3391.26  3410.26294   9340.7053   4.0  1  1
		  7    7  3496.04  3515.03906   9336.1624   4.0  1  1
		  8    8    87.03  106.030075   9317.7296   4.0  1  1
		  8    8  1566.82  1585.81775   9270.1501   4.0  1  1
		  8    8  2990.31  3009.30518   9215.9197   4.0  1  1
		  8    8  3861.29  3880.29492   9178.7795   4.0  1  1
		  9    9    84.77  103.769539   9178.7795   4.0  1  1
		  9    9  1311.62  1330.62488   9140.5559   4.0  1  1
		  9    9  2411.57  2430.57324    9101.083   4.0  1  1
		  9    9  3779.50  3798.50024   9045.3532   4.0  1  1
		 10   10    31.14  50.1411304   9045.3532   4.0  1  1
		 10   10  1559.65  1578.64905   8997.8763   4.0  1  1
		 10   10  2656.05  2675.04663    8957.986   4.0  1  1
		 10   10  3071.63  3090.62573   8941.6608   4.0  1  1
		 11   11   155.07  174.071976   8910.8566   4.0  1  1
		 11   11  1924.49  1943.48621   8854.9079   4.0  1  1
		 11   11  2616.27  2635.26636   8829.6938   4.0  1  1
		 11   11  3790.78  3809.77563   8782.7156   4.0  1  1
		 12   12   439.38  458.380859   8775.5733   4.0  1  1
		 12   12   946.51  965.510132   8760.4496   4.0  1  1
		 12   12  2463.33  2482.32593   8709.2341   4.0  1  1
		 12   12  3591.57   3610.5708   8665.4855   4.0  1  1
		 12   12  3824.12  3843.12012    8655.876   4.0  1  1
	slope	0

# Fri 15:19:58 04-Apr-2003
begin	ecidentify refThAr_860_l_2148x4096
	id	refThAr_860_l_2148x4096
	task	ecidentify
	image	refThAr_860_l_2148x4096
	units	angstroms
	features	195
		  1   57  2075.55  10349.0471   10349.048   4.0  1  1
		  1   57  2991.14  10309.1369   10308.544   4.0  1  0
		  1   57  3546.57  10283.1158   10283.116   4.0  1  1
		  2   58   134.07  10247.5529   10247.557   4.0  1  1
		  2   58   988.84  10218.4293   10218.433   4.0  1  1
		  2   58  2114.71   10175.008   10175.008   4.0  1  1
		  2   58  3074.56  10133.5679   10133.566   4.0  1  1
		  2   58  3549.53  10111.5924   10111.874   4.0  1  0
		  3   59  1310.16  10039.3717   10039.364   4.0  1  1
		  3   59  1474.97    10033.23   10033.222   4.0  1  1
		  3   59  2611.44  9987.63263    9987.635   4.0  1  1
		  3   59  3608.92  9943.06579    9943.064   4.0  1  1
		  4   60   166.00  9916.14497     9916.12   4.0  1  1
		  4   60   782.51  9896.06233    9896.048   4.0  1  1
		  4   60  2897.34  9814.41828    9814.958   4.0  1  0
		  4   60  3460.07  9789.50687    9789.511   4.0  1  1
		  5   61   218.46  9757.20422     9757.22   4.0  1  1
		  5   61   334.02  9753.60117    9753.592   4.0  1  1
		  5   61   557.04  9746.47782    9746.463   4.0  1  1
		  5   61   648.79  9743.48247    9743.562   4.0  1  1
		  5   61  2001.66  9695.02715    9695.031   4.0  1  1
		  5   61  2754.24  9664.69319   9664.6983   4.0  1  1
		  5   61  2918.56  9657.75841   9657.7863   4.0  1  1
		  5   61  3493.35   9632.6393   9632.6439   4.0  1  1
		  5   61  3561.63   9629.5678   9629.5693   4.0  1  1
		  5   61  3658.05  9625.19832    9625.198   4.0  1  1
		  6   62   520.80  9595.40721   9595.3906   4.0  1  1
		  6   62   779.78  9587.02678    9587.027   4.0  1  1
		  6   62   905.87  9582.84057   9582.8133   4.0  1  1
		  6   62  1067.60  9577.36989   9577.3475   4.0  1  1
		  6   62  1525.60  9561.26707   9561.2452   4.0  1  1
		  6   62  1883.99  9548.04434   9548.0303   4.0  1  1
		  6   62  1889.64  9547.83175   9548.0303   4.0  1  0
		  6   62  2207.07  9535.66336   9535.6566   4.0  1  1
		  6   62  2881.09  9508.44961   9508.4513   4.0  1  1
		  6   62  2900.20  9507.65084   9507.6525   4.0  1  1
		  6   62  2954.12  9505.39003    9505.393   4.0  1  1
		  6   62  3074.58  9500.29679   9500.2999   4.0  1  1
		  6   62  3147.51  9497.18528   9497.1891   4.0  1  1
		  6   62  3186.90   9495.4958   9495.4979   4.0  1  1
		  6   62  3220.71  9494.04061   9494.0442   4.0  1  1
		  6   62  3384.59  9486.92361   9486.9256   4.0  1  1
		  6   62  3656.49  9474.88153   9474.8793   4.0  1  1
		  6   62  3749.60  9470.69149   9470.6819   4.0  1  1
		  6   62  3826.41   9467.2092   9467.1954   4.0  1  1
		  7   63    86.80   9461.0262   9461.0279   4.0  1  1
		  7   63   281.61  9455.21019   9455.2023   4.0  1  1
		  7   63   864.23  9436.83279   9436.8127   4.0  1  1
		  7   63  1001.04  9432.30618   9432.2827   4.0  1  1
		  7   63  1021.53  9431.62123   9431.5996   4.0  1  1
		  7   63  1347.21  9420.49715   9420.4985   4.0  1  1
		  7   63  1528.57  9414.10883   9414.0886   4.0  1  1
		  7   63  1660.73  9409.36726   9409.3488   4.0  1  1
		  7   63  1940.29  9399.09751   9399.0891   4.0  1  1
		  7   63  2165.40   9390.5943   9390.5852   4.0  1  1
		  7   63  2208.55  9388.94085   9388.9308   4.0  1  1
		  7   63  2354.77  9383.28078   9383.2722   4.0  1  1
		  7   63  2910.24  9360.99205   9360.9879   4.0  1  1
		  7   63  3391.26  9340.69855   9340.7053   4.0  1  1
		  7   63  3496.04  9336.15776   9336.1624   4.0  1  1
		  8   64    87.03  9317.73131   9317.7296   4.0  1  1
		  8   64   333.46  9310.45235    9310.444   4.0  1  1
		  8   64   417.63   9307.9066   9307.8956   4.0  1  1
		  8   64   672.34  9300.01973   9300.0131   4.0  1  1
		  8   64   830.38  9294.98821    9294.974   4.0  1  1
		  8   64   936.61  9291.54694   9291.5313   4.0  1  1
		  8   64   996.68  9289.58023   9289.5624   4.0  1  1
		  8   64  1391.31  9276.28589   9276.2732   4.0  1  1
		  8   64  1566.82  9270.16613   9270.1501   4.0  1  1
		  8   64  1636.48  9267.70197   9267.6895   4.0  1  1
		  8   64  1658.09  9266.93349   9266.9198   4.0  1  1
		  8   64  1678.16  9266.21812    9266.207   4.0  1  1
		  8   64  1748.69  9263.69108    9263.693   4.0  1  1
		  8   64  1841.51  9260.33445   9260.3254   4.0  1  1
		  8   64  2105.72  9250.58802   9250.5782   4.0  1  1
		  8   64  2401.71  9239.33458   9239.3261   4.0  1  1
		  8   64  2542.43  9233.86125   9233.8574   4.0  1  1
		  8   64  2577.15   9232.4987    9232.496   4.0  1  1
		  8   64  2703.21  9227.51148   9227.5119   4.0  1  1
		  8   64  2990.31   9215.9189   9215.9197   4.0  1  1
		  8   64  3168.09  9208.57797   9208.5811   4.0  1  1
		  8   64  3278.49   9203.9571   9203.9617   4.0  1  1
		  8   64  3379.71  9199.67902   9199.6841   4.0  1  1
		  8   64  3497.97  9194.63077   9194.6385   4.0  1  1
		  8   64  3522.33  9193.58398   9193.5928   4.0  1  1
		  8   64  3661.50  9187.56087   9187.5654   4.0  1  1
		  8   64  3861.29  9178.78388   9178.7795   4.0  1  1
		  9   65    84.77  9178.77985   9178.7795   4.0  1  1
		  9   65   357.49  9170.82663    9170.822   4.0  1  1
		  9   65   521.15  9165.90417    9165.895   4.0  1  1
		  9   65   743.35  9159.04279   9159.0346   4.0  1  1
		  9   65  1311.62  9140.56775   9140.5559   4.0  1  1
		  9   65  1483.97  9134.70375   9134.6919   4.0  1  1
		  9   65  1554.11  9132.28268   9132.2739   4.0  1  1
		  9   65  1819.36  9122.94758   9122.9674   4.0  1  1
		  9   65  2133.18  9111.53835   9111.5314   4.0  1  1
		  9   65  2248.88  9107.23302   9107.2269   4.0  1  1
		  9   65  2411.57  9101.08921    9101.083   4.0  1  1
		  9   65  2574.50  9094.83186   9094.8289   4.0  1  1
		  9   65  2677.54  9090.82091   9090.8186   4.0  1  1
		  9   65  3064.37  9075.39218   9075.3945   4.0  1  1
		  9   65  3140.64  9072.28169   9072.2785   4.0  1  1
		  9   65  3206.41  9069.58164   9069.5817   4.0  1  1
		  9   65  3244.29  9068.01858    9068.023   4.0  1  1
		  9   65  3290.37  9066.10995   9066.1115   4.0  1  1
		  9   65  3342.21  9063.95316     9063.96   4.0  1  1
		  9   65  3375.57  9062.56002   9062.5631   4.0  1  1
		  9   65  3529.47  9056.07629   9056.0813   4.0  1  1
		  9   65  3590.64    9053.474   9053.4858   4.0  1  1
		  9   65  3712.62  9048.24281   9048.2501   4.0  1  1
		  9   65  3779.50  9045.35033   9045.3532   4.0  1  1
		 10   66    31.14  9045.35147   9045.3532   4.0  1  1
		 10   66   215.60  9040.12349   9040.1229   4.0  1  1
		 10   66   265.12  9038.69599   9038.6911   4.0  1  1
		 10   66   292.67  9037.89746   9037.8938   4.0  1  1
		 10   66   360.38  9035.92159   9035.9195   4.0  1  1
		 10   66   498.72  9031.82622   9031.8194   4.0  1  1
		 10   66   960.18    9017.599   9017.5912   4.0  1  1
		 10   66   991.63  9016.59802   9016.5903   4.0  1  1
		 10   66  1118.02  9012.53428   9012.5263   4.0  1  1
		 10   66  1199.22  9009.88959   9009.8832   4.0  1  1
		 10   66  1242.64  9008.46442   9008.4636   4.0  1  1
		 10   66  1559.65  8997.83076   8997.8763   4.0  1  1
		 10   66  1636.46  8995.19393   8995.1893   4.0  1  1
		 10   66  1760.04  8990.90216   8990.8935   4.0  1  1
		 10   66  1859.47  8987.40521   8987.4079   4.0  1  1
		 10   66  1919.74  8985.26617   8985.2808   4.0  1  1
		 10   66  2342.33  8969.86891   8969.8667   4.0  1  1
		 10   66  2401.86  8967.64345   8967.6403   4.0  1  1
		 10   66  2547.28  8962.14966   8962.1468   4.0  1  1
		 10   66  2656.05  8957.98717    8957.986   4.0  1  1
		 10   66  2711.50  8955.84728   8955.8467   4.0  1  1
		 10   66  2883.76  8949.12427   8949.1227   4.0  1  1
		 10   66  3071.63  8941.66222   8941.6608   4.0  1  1
		 10   66  3405.13  8928.08373   8928.0925   4.0  1  1
		 10   66  3594.34  8920.19222   8920.2012   4.0  1  1
		 10   66  3814.33  8910.84792   8910.8566   4.0  1  1
		 11   67   155.07  8910.85532   8910.8566   4.0  1  1
		 11   67   290.21  8907.02582   8907.0331   4.0  1  1
		 11   67   337.91  8905.65663   8905.6581   4.0  1  1
		 11   67   555.23  8899.30078   8899.2971   4.0  1  1
		 11   67   764.81  8892.99058   8892.9865   4.0  1  1
		 11   67   887.97  8889.19987   8889.1939   4.0  1  1
		 11   67  1325.70  8875.23779   8875.2324   4.0  1  1
		 11   67  1518.74  8868.83886   8868.8334   4.0  1  1
		 11   67  1924.49  8854.91221   8854.9079   4.0  1  1
		 11   67  1984.66  8852.79207   8852.7916   4.0  1  1
		 11   67  2066.01  8849.90364   8849.9165   4.0  1  1
		 11   67  2282.83   8842.0794   8842.0744   4.0  1  1
		 11   67  2307.29  8841.18561   8841.1822   4.0  1  1
		 11   67  2616.27  8829.69431   8829.6938   4.0  1  1
		 11   67  2927.67    8817.744   8817.7431   4.0  1  1
		 11   67  2967.87  8816.17454   8816.1728   4.0  1  1
		 11   67  3118.19  8810.25186    8810.254   4.0  1  1
		 11   67  3260.00  8804.58617   8804.5894   4.0  1  1
		 11   67  3396.01  8799.08137   8799.0875   4.0  1  1
		 11   67  3418.41  8798.16823    8798.172   4.0  1  1
		 11   67  3567.42  8792.04556   8792.0572   4.0  1  1
		 11   67  3607.91  8790.36768   8790.3761   4.0  1  1
		 11   67  3747.16  8784.55064   8784.5621   4.0  1  1
		 11   67  3790.78  8782.71406   8782.7156   4.0  1  1
		 12   68   120.60  8784.54565   8784.5621   4.0  1  1
		 12   68   186.85  8782.71473   8782.7156   4.0  1  1
		 12   68   439.38  8775.57219   8775.5733   4.0  1  1
		 12   68   534.80  8772.80656   8772.8052   4.0  1  1
		 12   68   567.09   8771.8624   8771.8602   4.0  1  1
		 12   68   739.54   8766.7499    8766.745   4.0  1  1
		 12   68   906.32  8761.69258   8761.6862   4.0  1  1
		 12   68   946.51   8760.4573   8760.4496   4.0  1  1
		 12   68  1017.75  8758.25208   8758.2434   4.0  1  1
		 12   68  1240.77  8751.21944   8751.2062   4.0  1  1
		 12   68  1304.37  8749.17824   8749.1697   4.0  1  1
		 12   68  1339.62  8748.04013   8748.0309   4.0  1  1
		 12   68  1590.74  8739.79109   8739.7816   4.0  1  1
		 12   68  1761.75  8734.03354   8734.0234   4.0  1  1
		 12   68  1808.71  8732.43262    8732.424   4.0  1  1
		 12   68  2041.19  8724.38251   8724.3761   4.0  1  1
		 12   68  2059.82  8723.72863   8723.7177   4.0  1  1
		 12   68  2095.63  8722.46774   8722.4577   4.0  1  1
		 12   68  2118.25  8721.66844   8721.6595   4.0  1  1
		 12   68  2175.51  8719.63727    8719.629   4.0  1  1
		 12   68  2341.44  8713.67995   8713.6547   4.0  1  1
		 12   68  2364.24  8712.85347   8712.8528   4.0  1  1
		 12   68  2431.03  8710.42032   8710.4142   4.0  1  1
		 12   68  2463.33  8709.23771   8709.2341   4.0  1  1
		 12   68  2514.28  8707.36403   8707.3592   4.0  1  1
		 12   68  2581.86   8704.8635   8704.8601   4.0  1  1
		 12   68  2612.98  8703.70655   8703.7025   4.0  1  1
		 12   68  2682.08  8701.12413   8701.1209   4.0  1  1
		 12   68  3030.02  8687.85009    8687.848   4.0  1  1
		 12   68  3270.61  8678.40822   8678.4083   4.0  1  1
		 12   68  3346.16  8675.39941   8675.3983   4.0  1  1
		 12   68  3591.57  8665.48089   8665.4855   4.0  1  1
		 12   68  3673.11  8662.13665   8662.1372   4.0  1  1
		 12   68  3824.12   8655.8798    8655.876   4.0  1  1
	offset	56
	niterate 3
	lowreject 3.
	highreject 3.
	coefficients	24
		1.
		4.
		4.
		1.
		1.
		3881.
		57.00000000000001
		67.99999999999998
		591680.5245118022
		-4548.182612013481
		-243.6555150005913
		2.370197589286279
		1636.561368838749
		-22.73658794966989
		-2.100569767732248
		0.1518588883866487
		-70.05415993085534
		1.958589708731236
		0.2985829009733411
		-0.5427284557780812
		3.032503735163016
		0.1585150726155228
		-0.1353422097553781
		0.4619380121727674

# Fri 15:23:13 04-Apr-2003
begin	ecidentify refThAr_860_l_2148x4096
	id	refThAr_860_l_2148x4096
	task	ecidentify
	image	refThAr_860_l_2148x4096
	units	angstroms
	features	158
		  1   59  2075.55   10349.048   10349.048   4.0  1  1
		  1   59  3546.57  10283.1149   10283.116   4.0  1  1
		  2   60   134.07  10247.5565   10247.557   4.0  1  1
		  2   60   988.84  10218.4338   10218.433   4.0  1  1
		  2   60  2114.71  10175.0081   10175.008   4.0  1  1
		  2   60  3074.56  10133.5671   10133.566   4.0  1  1
		  3   61  1310.16  10039.3629   10039.364   4.0  1  1
		  3   61  1474.97  10033.2218   10033.222   4.0  1  1
		  3   61  2611.44  9987.63478    9987.635   4.0  1  1
		  3   61  3608.92   9943.0671    9943.064   4.0  1  1
		  4   62   782.51  9896.04702    9896.048   4.0  1  1
		  4   62  3460.07  9789.50975    9789.511   4.0  1  1
		  5   63   334.02  9753.59494    9753.592   4.0  1  1
		  5   63   557.04  9746.46298    9746.463   4.0  1  1
		  5   63  2754.24  9664.69602   9664.6983   4.0  1  1
		  5   63  3493.35  9632.64166   9632.6439   4.0  1  1
		  5   63  3561.63  9629.56839   9629.5693   4.0  1  1
		  5   63  3658.05  9625.19658    9625.198   4.0  1  1
		  6   64   520.80  9595.39186   9595.3906   4.0  1  1
		  6   64  1067.60   9577.3465   9577.3475   4.0  1  1
		  6   64  1525.60   9561.2463   9561.2452   4.0  1  1
		  6   64  1883.99  9548.02941   9548.0303   4.0  1  1
		  6   64  2207.07  9535.65458   9535.6566   4.0  1  1
		  6   64  2881.09  9508.45199   9508.4513   4.0  1  1
		  6   64  2900.20  9507.65369   9507.6525   4.0  1  1
		  6   64  2954.12  9505.39329    9505.393   4.0  1  1
		  6   64  3074.58  9500.30095   9500.2999   4.0  1  1
		  6   64  3147.51  9497.18946   9497.1891   4.0  1  1
		  6   64  3186.90  9495.50002   9495.4979   4.0  1  1
		  6   64  3220.71  9494.04494   9494.0442   4.0  1  1
		  6   64  3384.59  9486.92708   9486.9256   4.0  1  1
		  6   64  3656.49  9474.88124   9474.8793   4.0  1  1
		  7   65    86.80  9461.02595   9461.0279   4.0  1  1
		  7   65   281.61  9455.20213   9455.2023   4.0  1  1
		  7   65   864.23  9436.81283   9436.8127   4.0  1  1
		  7   65  1001.04  9432.28525   9432.2827   4.0  1  1
		  7   65  1021.53  9431.60034   9431.5996   4.0  1  1
		  7   65  1528.57  9414.09015   9414.0886   4.0  1  1
		  7   65  1660.73  9409.34981   9409.3488   4.0  1  1
		  7   65  2165.40  9390.58475   9390.5852   4.0  1  1
		  7   65  2208.55  9388.93183   9388.9308   4.0  1  1
		  7   65  2354.77  9383.27426   9383.2722   4.0  1  1
		  7   65  3391.26  9340.70252   9340.7053   4.0  1  1
		  7   65  3496.04  9336.16121   9336.1624   4.0  1  1
		  8   66    87.03  9317.72902   9317.7296   4.0  1  1
		  8   66   333.46  9310.44363    9310.444   4.0  1  1
		  8   66   417.63  9307.89626   9307.8956   4.0  1  1
		  8   66   830.38  9294.97258    9294.974   4.0  1  1
		  8   66   936.61  9291.53092   9291.5313   4.0  1  1
		  8   66   996.68  9289.56394   9289.5624   4.0  1  1
		  8   66  1391.31  9276.26994   9276.2732   4.0  1  1
		  8   66  1566.82  9270.15125   9270.1501   4.0  1  1
		  8   66  1636.48  9267.68776   9267.6895   4.0  1  1
		  8   66  1658.09   9266.9195   9266.9198   4.0  1  1
		  8   66  1678.16  9266.20428    9266.207   4.0  1  1
		  8   66  1841.51  9260.32204   9260.3254   4.0  1  1
		  8   66  2105.72  9250.57861   9250.5782   4.0  1  1
		  8   66  2401.71  9239.32901   9239.3261   4.0  1  1
		  8   66  2542.43  9233.85767   9233.8574   4.0  1  1
		  8   66  2577.15  9232.49558    9232.496   4.0  1  1
		  8   66  2703.21  9227.50987   9227.5119   4.0  1  1
		  8   66  2990.31  9215.92025   9215.9197   4.0  1  1
		  8   66  3168.09  9208.58101   9208.5811   4.0  1  1
		  8   66  3278.49  9203.96115   9203.9617   4.0  1  1
		  8   66  3379.71  9199.68368   9199.6841   4.0  1  1
		  8   66  3497.97  9194.63568   9194.6385   4.0  1  1
		  8   66  3522.33  9193.58912   9193.5928   4.0  1  1
		  8   66  3661.50  9187.56609   9187.5654   4.0  1  1
		  9   67    84.77  9178.77754   9178.7795   4.0  1  1
		  9   67   357.49  9170.82024    9170.822   4.0  1  1
		  9   67   521.15  9165.89609    9165.895   4.0  1  1
		  9   67   743.35  9159.03284   9159.0346   4.0  1  1
		  9   67  1311.62  9140.55669   9140.5559   4.0  1  1
		  9   67  1483.97  9134.69288   9134.6919   4.0  1  1
		  9   67  1554.11  9132.27211   9132.2739   4.0  1  1
		  9   67  2133.18  9111.53135   9111.5314   4.0  1  1
		  9   67  2248.88  9107.22695   9107.2269   4.0  1  1
		  9   67  2411.57  9101.08474    9101.083   4.0  1  1
		  9   67  2574.50  9094.82892   9094.8289   4.0  1  1
		  9   67  2677.54  9090.81883   9090.8186   4.0  1  1
		  9   67  3064.37  9075.39452   9075.3945   4.0  1  1
		  9   67  3206.41  9069.58518   9069.5817   4.0  1  1
		  9   67  3244.29  9068.02277    9068.023   4.0  1  1
		  9   67  3290.37  9066.11469   9066.1115   4.0  1  1
		  9   67  3342.21  9063.95834     9063.96   4.0  1  1
		  9   67  3375.57  9062.56523   9062.5631   4.0  1  1
		  9   67  3529.47  9056.08318   9056.0813   4.0  1  1
		  9   67  3712.62  9048.25132   9048.2501   4.0  1  1
		 10   68    31.14  9045.35197   9045.3532   4.0  1  1
		 10   68   215.60    9040.122   9040.1229   4.0  1  1
		 10   68   265.12  9038.69406   9038.6911   4.0  1  1
		 10   68   292.67  9037.89527   9037.8938   4.0  1  1
		 10   68   360.38  9035.91881   9035.9195   4.0  1  1
		 10   68   498.72  9031.82219   9031.8194   4.0  1  1
		 10   68   960.18  9017.59255   9017.5912   4.0  1  1
		 10   68   991.63  9016.59131   9016.5903   4.0  1  1
		 10   68  1118.02  9012.52732   9012.5263   4.0  1  1
		 10   68  1199.22  9009.88244   9009.8832   4.0  1  1
		 10   68  1636.46  8995.18673   8995.1893   4.0  1  1
		 10   68  1760.04  8990.89523   8990.8935   4.0  1  1
		 10   68  2342.33  8969.86459   8969.8667   4.0  1  1
		 10   68  2401.86  8967.63978   8967.6403   4.0  1  1
		 10   68  2547.28  8962.14711   8962.1468   4.0  1  1
		 10   68  2656.05   8957.9852    8957.986   4.0  1  1
		 10   68  2711.50   8955.8459   8955.8467   4.0  1  1
		 10   68  2883.76  8949.12446   8949.1227   4.0  1  1
		 10   68  3071.63  8941.66415   8941.6608   4.0  1  1
		 10   68  3405.13  8928.08948   8928.0925   4.0  1  1
		 10   68  3594.34  8920.20068   8920.2012   4.0  1  1
		 10   68  3814.33  8910.85931   8910.8566   4.0  1  1
		 11   69   155.07  8910.85838   8910.8566   4.0  1  1
		 11   69   337.91  8905.65705   8905.6581   4.0  1  1
		 11   69   555.23   8899.2988   8899.2971   4.0  1  1
		 11   69   764.81  8892.98682   8892.9865   4.0  1  1
		 11   69   887.97  8889.19543   8889.1939   4.0  1  1
		 11   69  1325.70  8875.23143   8875.2324   4.0  1  1
		 11   69  1518.74  8868.83244   8868.8334   4.0  1  1
		 11   69  1924.49  8854.90624   8854.9079   4.0  1  1
		 11   69  2282.83  8842.07517   8842.0744   4.0  1  1
		 11   69  2307.29  8841.18127   8841.1822   4.0  1  1
		 11   69  2616.27  8829.69184   8829.6938   4.0  1  1
		 11   69  2927.67  8817.74413   8817.7431   4.0  1  1
		 11   69  2967.87  8816.17497   8816.1728   4.0  1  1
		 11   69  3118.19  8810.25336    8810.254   4.0  1  1
		 11   69  3260.00  8804.58909   8804.5894   4.0  1  1
		 11   69  3396.01  8799.08572   8799.0875   4.0  1  1
		 11   69  3418.41  8798.17272    8798.172   4.0  1  1
		 11   69  3607.91  8790.37415   8790.3761   4.0  1  1
		 11   69  3747.16  8784.55859   8784.5621   4.0  1  1
		 12   70   439.38  8775.57215   8775.5733   4.0  1  1
		 12   70   534.80  8772.80459   8772.8052   4.0  1  1
		 12   70   567.09  8771.85984   8771.8602   4.0  1  1
		 12   70   739.54  8766.74423    8766.745   4.0  1  1
		 12   70   906.32  8761.68492   8761.6862   4.0  1  1
		 12   70   946.51  8760.44935   8760.4496   4.0  1  1
		 12   70  1017.75  8758.24359   8758.2434   4.0  1  1
		 12   70  1240.77  8751.20971   8751.2062   4.0  1  1
		 12   70  1304.37  8749.16818   8749.1697   4.0  1  1
		 12   70  1339.62  8748.02989   8748.0309   4.0  1  1
		 12   70  1590.74  8739.78099   8739.7816   4.0  1  1
		 12   70  1761.75   8734.0239   8734.0234   4.0  1  1
		 12   70  1808.71  8732.42325    8732.424   4.0  1  1
		 12   70  2041.19  8724.37444   8724.3761   4.0  1  1
		 12   70  2059.82  8723.72049   8723.7177   4.0  1  1
		 12   70  2095.63  8722.45976   8722.4577   4.0  1  1
		 12   70  2118.25  8721.66088   8721.6595   4.0  1  1
		 12   70  2175.51  8719.62988    8719.629   4.0  1  1
		 12   70  2431.03  8710.41481   8710.4142   4.0  1  1
		 12   70  2463.33  8709.23234   8709.2341   4.0  1  1
		 12   70  2514.28   8707.3591   8707.3592   4.0  1  1
		 12   70  2581.86  8704.85933   8704.8601   4.0  1  1
		 12   70  2612.98  8703.70242   8703.7025   4.0  1  1
		 12   70  2682.08  8701.12057   8701.1209   4.0  1  1
		 12   70  3030.02  8687.84844    8687.848   4.0  1  1
		 12   70  3270.61  8678.40766   8678.4083   4.0  1  1
		 12   70  3346.16   8675.3989   8675.3983   4.0  1  1
		 12   70  3673.11  8662.13625   8662.1372   4.0  1  1
		 12   70  3824.12  8655.87856    8655.876   4.0  1  1
	slope	0

# Tue 22:32:22 08-Apr-2003
begin	ecidentify refThAr_860_l_2148x4096
	id	refThAr_860_l_2148x4096
	task	ecidentify
	image	refThAr_860_l_2148x4096
	units	angstroms
	features	191
		  1   59  1569.06  10369.5267   10369.526   4.0  1  1
		  1   59  2075.55  10349.0482   10349.048   4.0  1  1
		  1   59  3546.57  10283.1158   10283.116   4.0  1  1
		  2   60   134.07  10247.5577   10247.557   4.0  1  1
		  2   60   484.41  10236.0287   10236.028   4.0  1  1
		  2   60   988.84  10218.4338   10218.433   4.0  1  1
		  2   60  2028.88  10178.5174    10178.52   4.0  1  1
		  2   60  2114.71  10175.0077   10175.008   4.0  1  1
		  2   60  2900.15  10141.3936   10141.397   4.0  1  1
		  2   60  2921.69  10140.4342   10140.431   4.0  1  1
		  2   60  3074.56  10133.5671   10133.566   4.0  1  1
		  2   60  3413.49  10117.9863    10117.99   4.0  1  1
		  3   61    31.05  10082.8766   10082.879   4.0  1  1
		  3   61  1310.16  10039.3624   10039.364   4.0  1  1
		  3   61  1474.97  10033.2211   10033.222   4.0  1  1
		  3   61  2036.65  10011.3925   10011.396   4.0  1  1
		  3   61  2492.88  9992.65148    9992.648   4.0  1  1
		  3   61  2611.44  9987.63436    9987.635   4.0  1  1
		  3   61  2671.92  9985.05201     9985.05   4.0  1  1
		  3   61  2911.03  9974.68981    9974.689   4.0  1  1
		  3   61  3006.96  9970.46423    9970.463   4.0  1  1
		  3   61  3163.38  9963.49121    9963.491   4.0  1  1
		  3   61  3608.92  9943.06726    9943.064   4.0  1  1
		  4   62   594.56  9902.35784    9902.356   4.0  1  1
		  4   62   782.51  9896.04769    9896.048   4.0  1  1
		  4   62  1410.85  9873.81724    9873.815   4.0  1  1
		  4   62  1570.58  9867.89005    9867.891   4.0  1  1
		  4   62  1889.07  9855.74147    9855.742   4.0  1  1
		  4   62  2446.66  9833.42405    9833.423   4.0  1  1
		  4   62  2614.46   9826.4492    9826.449   4.0  1  1
		  4   62  2786.43  9819.17826    9819.178   4.0  1  1
		  4   62  2937.30  9812.69753    9812.697   4.0  1  1
		  4   62  3288.48  9797.24509    9797.245   4.0  1  1
		  4   62  3311.76  9796.20282      9796.2   4.0  1  1
		  4   62  3460.07  9789.50974    9789.511   4.0  1  1
		  5   63   557.04  9746.46446    9746.463   4.0  1  1
		  5   63   866.29  9736.21122    9736.213   4.0  1  1
		  5   63  1373.46  9718.49365    9718.492   4.0  1  1
		  5   63  1438.44  9716.14308    9716.142   4.0  1  1
		  5   63  2510.10   9674.7902    9674.791   4.0  1  1
		  5   63  2754.24  9664.69571   9664.6983   4.0  1  1
		  5   63  3252.81  9643.31808    9643.319   4.0  1  1
		  5   63  3271.95   9642.4769    9642.478   4.0  1  1
		  5   63  3493.35  9632.64157   9632.6439   4.0  1  1
		  5   63  3561.63  9629.56828   9629.5693   4.0  1  1
		  5   63  3658.05  9625.19642    9625.198   4.0  1  1
		  6   64    82.09  9608.93452    9608.936   4.0  1  1
		  6   64    97.07  9608.48621    9608.486   4.0  1  1
		  6   64   520.80  9595.39314   9595.3906   4.0  1  1
		  6   64  1067.60  9577.34644   9577.3475   4.0  1  1
		  6   64  1341.38  9567.82902    9567.829   4.0  1  1
		  6   64  1405.42  9565.55693    9565.559   4.0  1  1
		  6   64  1525.60  9561.24579   9561.2452   4.0  1  1
		  6   64  1883.99  9548.02884   9548.0303   4.0  1  1
		  6   64  2207.07  9535.65409   9535.6566   4.0  1  1
		  6   64  2881.09  9508.45182   9508.4513   4.0  1  1
		  6   64  2900.20  9507.65354   9507.6525   4.0  1  1
		  6   64  2954.12  9505.39315    9505.393   4.0  1  1
		  6   64  3074.58  9500.30086   9500.2999   4.0  1  1
		  6   64  3147.51  9497.18938   9497.1891   4.0  1  1
		  6   64  3186.90  9495.49995   9495.4979   4.0  1  1
		  6   64  3220.71  9494.04487   9494.0442   4.0  1  1
		  6   64  3384.59  9486.92701   9486.9256   4.0  1  1
		  6   64  3656.49  9474.88106   9474.8793   4.0  1  1
		  7   65    86.80  9461.02786   9461.0279   4.0  1  1
		  7   65   281.61  9455.20347   9455.2023   4.0  1  1
		  7   65   864.23  9436.81303   9436.8127   4.0  1  1
		  7   65  1001.04  9432.28529   9432.2827   4.0  1  1
		  7   65  1021.53  9431.60037   9431.5996   4.0  1  1
		  7   65  1433.43  9417.45739    9417.457   4.0  1  1
		  7   65  1528.57  9414.08986   9414.0886   4.0  1  1
		  7   65  1660.73  9409.34949   9409.3488   4.0  1  1
		  7   65  2165.40  9390.58447   9390.5852   4.0  1  1
		  7   65  2208.55  9388.93156   9388.9308   4.0  1  1
		  7   65  2354.77  9383.27403   9383.2722   4.0  1  1
		  7   65  3391.26  9340.70247   9340.7053   4.0  1  1
		  7   65  3496.04  9336.16114   9336.1624   4.0  1  1
		  8   66    87.03  9317.72968   9317.7296   4.0  1  1
		  8   66   333.46  9310.44406    9310.444   4.0  1  1
		  8   66   417.63  9307.89662   9307.8956   4.0  1  1
		  8   66   830.38  9294.97268    9294.974   4.0  1  1
		  8   66   936.61  9291.53098   9291.5313   4.0  1  1
		  8   66   996.68  9289.56398   9289.5624   4.0  1  1
		  8   66  1391.31  9276.26988   9276.2732   4.0  1  1
		  8   66  1566.82  9270.15118   9270.1501   4.0  1  1
		  8   66  1636.48  9267.68768   9267.6895   4.0  1  1
		  8   66  1658.09  9266.91942   9266.9198   4.0  1  1
		  8   66  1678.16   9266.2042    9266.207   4.0  1  1
		  8   66  1841.51  9260.32197   9260.3254   4.0  1  1
		  8   66  2105.72  9250.57855   9250.5782   4.0  1  1
		  8   66  2401.71  9239.32898   9239.3261   4.0  1  1
		  8   66  2542.43  9233.85765   9233.8574   4.0  1  1
		  8   66  2577.15  9232.49557    9232.496   4.0  1  1
		  8   66  2703.21  9227.50987   9227.5119   4.0  1  1
		  8   66  2990.31  9215.92026   9215.9197   4.0  1  1
		  8   66  3168.09  9208.58102   9208.5811   4.0  1  1
		  8   66  3278.49  9203.96115   9203.9617   4.0  1  1
		  8   66  3379.71  9199.68367   9199.6841   4.0  1  1
		  8   66  3497.97  9194.63565   9194.6385   4.0  1  1
		  8   66  3522.33  9193.58909   9193.5928   4.0  1  1
		  8   66  3661.50  9187.56603   9187.5654   4.0  1  1
		  9   67    84.77  9178.77726   9178.7795   4.0  1  1
		  9   67   357.49  9170.82008    9170.822   4.0  1  1
		  9   67   521.15  9165.89599    9165.895   4.0  1  1
		  9   67   743.35   9159.0328   9159.0346   4.0  1  1
		  9   67  1311.62  9140.55676   9140.5559   4.0  1  1
		  9   67  1483.97  9134.69297   9134.6919   4.0  1  1
		  9   67  1554.11  9132.27221   9132.2739   4.0  1  1
		  9   67  2133.18  9111.53146   9111.5314   4.0  1  1
		  9   67  2248.88  9107.22706   9107.2269   4.0  1  1
		  9   67  2411.57  9101.08485    9101.083   4.0  1  1
		  9   67  2574.50  9094.82902   9094.8289   4.0  1  1
		  9   67  2677.54  9090.81892   9090.8186   4.0  1  1
		  9   67  3064.37  9075.39458   9075.3945   4.0  1  1
		  9   67  3206.41  9069.58523   9069.5817   4.0  1  1
		  9   67  3244.29  9068.02281    9068.023   4.0  1  1
		  9   67  3290.37  9066.11472   9066.1115   4.0  1  1
		  9   67  3342.21  9063.95837     9063.96   4.0  1  1
		  9   67  3375.57  9062.56526   9062.5631   4.0  1  1
		  9   67  3529.47  9056.08319   9056.0813   4.0  1  1
		  9   67  3712.62  9048.25132   9048.2501   4.0  1  1
		 10   68    31.14  9045.35126   9045.3532   4.0  1  1
		 10   68   215.60  9040.12148   9040.1229   4.0  1  1
		 10   68   265.12  9038.69359   9038.6911   4.0  1  1
		 10   68   292.67  9037.89482   9037.8938   4.0  1  1
		 10   68   360.38  9035.91842   9035.9195   4.0  1  1
		 10   68   498.72  9031.82191   9031.8194   4.0  1  1
		 10   68   960.18  9017.59255   9017.5912   4.0  1  1
		 10   68   991.63  9016.59132   9016.5903   4.0  1  1
		 10   68  1118.02  9012.52737   9012.5263   4.0  1  1
		 10   68  1199.22  9009.88252   9009.8832   4.0  1  1
		 10   68  1636.46   8995.1869   8995.1893   4.0  1  1
		 10   68  1760.04  8990.89542   8990.8935   4.0  1  1
		 10   68  2342.33  8969.86477   8969.8667   4.0  1  1
		 10   68  2401.86  8967.63995   8967.6403   4.0  1  1
		 10   68  2547.28  8962.14727   8962.1468   4.0  1  1
		 10   68  2656.05  8957.98534    8957.986   4.0  1  1
		 10   68  2711.50  8955.84604   8955.8467   4.0  1  1
		 10   68  2883.76  8949.12458   8949.1227   4.0  1  1
		 10   68  3071.63  8941.66424   8941.6608   4.0  1  1
		 10   68  3405.13  8928.08954   8928.0925   4.0  1  1
		 10   68  3594.34  8920.20072   8920.2012   4.0  1  1
		 10   68  3814.33  8910.85935   8910.8566   4.0  1  1
		 11   69   155.07  8910.85821   8910.8566   4.0  1  1
		 11   69   337.91  8905.65693   8905.6581   4.0  1  1
		 11   69   555.23  8899.29872   8899.2971   4.0  1  1
		 11   69   764.81  8892.98678   8892.9865   4.0  1  1
		 11   69   887.97  8889.19542   8889.1939   4.0  1  1
		 11   69  1325.70  8875.23148   8875.2324   4.0  1  1
		 11   69  1518.74  8868.83251   8868.8334   4.0  1  1
		 11   69  1924.49  8854.90635   8854.9079   4.0  1  1
		 11   69  2282.83  8842.07529   8842.0744   4.0  1  1
		 11   69  2307.29  8841.18139   8841.1822   4.0  1  1
		 11   69  2616.27  8829.69196   8829.6938   4.0  1  1
		 11   69  2927.67  8817.74424   8817.7431   4.0  1  1
		 11   69  2967.87  8816.17507   8816.1728   4.0  1  1
		 11   69  3118.19  8810.25345    8810.254   4.0  1  1
		 11   69  3260.00  8804.58917   8804.5894   4.0  1  1
		 11   69  3396.01  8799.08577   8799.0875   4.0  1  1
		 11   69  3418.41  8798.17277    8798.172   4.0  1  1
		 11   69  3607.91  8790.37417   8790.3761   4.0  1  1
		 11   69  3747.16  8784.55858   8784.5621   4.0  1  1
		 12   70   439.38  8775.57281   8775.5733   4.0  1  1
		 12   70   534.80  8772.80509   8772.8052   4.0  1  1
		 12   70   567.09   8771.8603   8771.8602   4.0  1  1
		 12   70   739.54  8766.74446    8766.745   4.0  1  1
		 12   70   906.32  8761.68498   8761.6862   4.0  1  1
		 12   70   946.51  8760.44938   8760.4496   4.0  1  1
		 12   70  1017.75  8758.24357   8758.2434   4.0  1  1
		 12   70  1240.77  8751.20957   8751.2062   4.0  1  1
		 12   70  1304.37  8749.16803   8749.1697   4.0  1  1
		 12   70  1339.62  8748.02972   8748.0309   4.0  1  1
		 12   70  1590.74  8739.78078   8739.7816   4.0  1  1
		 12   70  1761.75  8734.02369   8734.0234   4.0  1  1
		 12   70  1808.71  8732.42306    8732.424   4.0  1  1
		 12   70  2041.19  8724.37429   8724.3761   4.0  1  1
		 12   70  2059.82  8723.72034   8723.7177   4.0  1  1
		 12   70  2095.63  8722.45962   8722.4577   4.0  1  1
		 12   70  2118.25  8721.66074   8721.6595   4.0  1  1
		 12   70  2175.51  8719.62976    8719.629   4.0  1  1
		 12   70  2431.03  8710.41476   8710.4142   4.0  1  1
		 12   70  2463.33  8709.23229   8709.2341   4.0  1  1
		 12   70  2514.28  8707.35906   8707.3592   4.0  1  1
		 12   70  2581.86  8704.85931   8704.8601   4.0  1  1
		 12   70  2612.98  8703.70241   8703.7025   4.0  1  1
		 12   70  2682.08  8701.12058   8701.1209   4.0  1  1
		 12   70  3030.02   8687.8485    8687.848   4.0  1  1
		 12   70  3270.61  8678.40771   8678.4083   4.0  1  1
		 12   70  3346.16  8675.39893   8675.3983   4.0  1  1
		 12   70  3673.11  8662.13614   8662.1372   4.0  1  1
		 12   70  3824.12  8655.87833    8655.876   4.0  1  1
	offset	58
	niterate 3
	lowreject 3.
	highreject 3.
	coefficients	24
		1.
		4.
		4.
		1.
		1.
		3881.
		59.
		70.
		610685.663233043
		-4694.150027511415
		-251.1206375422209
		2.306498627318332
		13.34733425684581
		-10.51878640667802
		-1.261150352982078
		-0.122575483923655
		-0.5494938979516329
		1.368266723395831
		0.1057613902168089
		-0.03544158646475279
		0.04126853317735382
		-0.116980620872624
		-0.009030485285096199
		0.03207361625132914

