begin ecidentify refCalib_UVES_red_r_860_2048x1931_20
 refCalib_UVES_red_r_860_2048x1931_20
task	ecidentify
 refCalib_UVES_red_r_860_2048x1931_20
units	angstroms
features	571
1 1  141.32  141.32 8655.876   4.0  1  1
1 1  260.13  260.13 8649.149   4.0  1  1
1 1  325.82  325.82 8645.3087   4.0  1  1
1 1 1624.02 1624.02 8556.325   4.0  1  1
1 1 1641.32 1641.32 8554.944   4.0  1  1
1 1 1771.60 1771.60 8544.5955   4.0  1  1
1 1 1782.46 1782.46 8543.7225   4.0  1  1
1 1 1831.01 1831.01 8539.793   4.0  1  1
2 2   66.14   66.14 8539.793   4.0  1  1
2 2  474.10  474.10 8516.5542   4.0  1  1
2 2  550.65  550.65 8511.9091   4.0  1  1
2 2  570.92  570.92 8510.624   4.0  1  1
2 2  729.14  729.14 8500.6797   4.0  1  1
2 2  888.91  888.91 8490.3065   4.0  1  1
2 2 1064.89 1064.89 8478.358   4.0  1  1
2 2 1159.04 1159.04 8471.826   4.0  1  1
2 2 1245.32 1245.32 8465.6706   4.0  1  1
2 2 1265.20 1265.20 8464.2367   4.0  1  1
2 2 1374.01 1374.01 8456.3468   4.0  1  1
2 2 1449.69 1449.69 8450.6754   4.0  1  0
2 2 1505.80 1505.80 8446.5116   4.0  1  1
2 2 1519.18 1519.18 8445.487   4.0  1  1
2 2 1688.57 1688.57 8432.4935   4.0  1  1
2 2 1830.61 1830.61 8421.2254   4.0  1  1
2 2 1870.73 1870.73 8417.9982   4.0  1  1
2 2 1886.36 1886.36 8416.7269   4.0  1  1
3 3   96.81   96.81 8421.2254   4.0  1  1
3 3  156.11  156.11 8417.9982   4.0  1  1
3 3  179.92  179.92 8416.7269   4.0  1  1
3 3  266.19  266.19 8411.9172   4.0  1  1
3 3  408.12  408.12 8403.7965   4.0  1  1
3 3  438.99  438.99 8401.989   4.0  1  1
3 3  484.17  484.17 8399.2578   4.0  1  0
3 3  502.97  502.97 8398.178   4.0  1  1
3 3  661.72  661.72 8388.5363   4.0  1  1
3 3  684.72  684.72 8387.1053   4.0  1  1
3 3  706.16  706.16 8385.728   4.0  1  1
3 3  722.13  722.13 8384.724   4.0  1  1
3 3  809.00  809.00 8379.2261   4.0  1  1
3 3  960.04  960.04 8369.3404   4.0  1  1
3 3  989.09  989.09 8367.3936   4.0  1  1
3 3 1008.38 1008.38 8366.0741   4.0  1  1
3 3 1090.97 1090.97 8360.4915   4.0  1  1
3 3 1116.32 1116.32 8358.726   4.0  1  1
3 3 1155.04 1155.04 8356.0627   4.0  1  1
3 3 1361.17 1361.17 8341.477   4.0  1  1
3 3 1439.92 1439.92 8335.7067   4.0  1  1
3 3 1486.92 1486.92 8332.21   4.0  1  1
3 3 1510.86 1510.86 8330.4494   4.0  1  1
3 3 1637.98 1637.98 8320.8554   4.0  1  1
3 3 1757.38 1757.38 8311.6306   4.0  1  1
3 3 1848.93 1848.93 8304.4244   4.0  1  1
4 4   16.96   16.96 8311.6306   4.0  1  1
4 4  154.23  154.23 8304.4244   4.0  1  1
4 4  285.90  285.90 8297.1765   4.0  1  1
4 4  315.27  315.27 8295.5497   4.0  1  1
4 4  367.88  367.88 8292.5272   4.0  1  1
4 4  440.21  440.21 8288.4143   4.0  1  1
4 4  654.84  654.84 8275.6266   4.0  1  1
4 4  886.91  886.91 8261.0143   4.0  1  1
4 4  910.07  910.07 8259.511   4.0  1  1
4 4  982.95  982.95 8254.7422   4.0  1  1
4 4  999.93  999.93 8253.6156   4.0  1  1
4 4 1018.04 1018.04 8252.3936   4.0  1  1
4 4 1273.74 1273.74 8234.9381   4.0  1  1
4 4 1323.92 1323.92 8231.4069   4.0  1  1
4 4 1519.98 1519.98 8217.2264   4.0  1  1
4 4 1561.47 1561.47 8214.1472   4.0  1  1
4 4 1624.32 1624.32 8209.4461   4.0  1  1
4 4 1650.60 1650.60 8207.4785   4.0  1  1
4 4 1720.80 1720.80 8202.1469   4.0  1  1
4 4 1768.80 1768.80 8198.442   4.0  1  1
4 4 1821.21 1821.21 8194.3943   4.0  1  1
4 4 1865.94 1865.94 8190.8849   4.0  1  1
4 4 1916.24 1916.24 8186.9113   4.0  1  1
5 5   63.73   63.73 8198.442   4.0  1  1
5 5  141.20  141.20 8194.3943   4.0  1  1
5 5  206.55  206.55 8190.8849   4.0  1  1
5 5  280.10  280.10 8186.9113   4.0  1  1
5 5  452.75  452.75 8177.1788   4.0  1  1
5 5  580.00  580.00 8169.7865   4.0  1  1
5 5  636.23  636.23 8166.4477   4.0  1  1
5 5  691.03  691.03 8163.121   4.0  1  1
5 5  746.02  746.02 8159.7277   4.0  1  1
5 5  781.85  781.85 8157.5434   4.0  1  1
5 5  862.98  862.98 8152.3818   4.0  1  1
5 5  905.15  905.15 8149.7021   4.0  1  1
5 5 1007.02 1007.02 8143.138   4.0  1  1
5 5 1055.83 1055.83 8139.9032   4.0  1  1
5 5 1077.79 1077.79 8138.4753   4.0  1  1
5 5 1212.08 1212.08 8129.4051   4.0  1  1
5 5 1308.89 1308.89 8122.7234   4.0  1  1
5 5 1359.19 1359.19 8119.1811   4.0  1  1
5 5 1704.01 1704.01 8094.0559   4.0  1  1
5 5 1709.87 1709.87 8093.6238   4.0  1  1
5 5 1728.08 1728.08 8092.2373   4.0  1  1
5 5 1764.45 1764.45 8089.4852   4.0  1  1
5 5 1820.16 1820.16 8085.219   4.0  1  1
5 5 1891.84 1891.84 8079.68   4.0  1  1
6 6    3.89    3.89 8093.6238   4.0  1  1
6 6   31.09   31.09 8092.2373   4.0  1  1
6 6   85.90   85.90 8089.4852   4.0  1  1
6 6  167.27  167.27 8085.219   4.0  1  1
6 6  344.88  344.88 8075.6518   4.0  1  1
6 6  574.09  574.09 8062.6304   4.0  1  1
6 6  710.22  710.22 8054.5355   4.0  1  1
6 6  731.00  731.00 8053.3085   4.0  1  1
6 6  774.87  774.87 8050.648   4.0  1  1
6 6  848.02  848.02 8046.1169   4.0  1  1
6 6  988.06  988.06 8037.2183   4.0  1  1
6 6 1061.97 1061.97 8032.4313   4.0  1  1
6 6 1095.94 1095.94 8030.2004   4.0  1  1
6 6 1156.04 1156.04 8026.2135   4.0  1  1
6 6 1163.04 1163.04 8025.7271   4.0  1  1
6 6 1185.39 1185.39 8024.253   4.0  1  1
6 6 1215.37 1215.37 8022.2014   4.0  1  1
6 6 1284.73 1284.73 8017.5275   4.0  1  1
6 6 1533.52 1533.52 8000.0449   4.0  1  1
6 6 1621.05 1621.05 7993.6808   4.0  1  1
6 6 1652.71 1652.71 7991.3655   4.0  1  1
6 6 1698.61 1698.61 7987.9731   4.0  1  1
6 6 1788.90 1788.90 7981.2262   4.0  1  1
6 6 1818.61 1818.61 7978.9731   4.0  1  1
6 6 1881.72 1881.72 7974.1592   4.0  1  1
6 6 1902.00 1902.00 7972.596   4.0  1  1
7 7   14.94   14.94 7987.9731   4.0  1  1
7 7  148.55  148.55 7981.2262   4.0  1  1
7 7  192.07  192.07 7978.9731   4.0  1  1
7 7  283.00  283.00 7974.1592   4.0  1  1
7 7  311.94  311.94 7972.596   4.0  1  1
7 7  590.85  590.85 7956.974   4.0  1  1
7 7  631.99  631.99 7954.5923   4.0  1  1
7 7  846.84  846.84 7941.7259   4.0  1  1
7 7  911.02  911.02 7937.7335   4.0  1  1
7 7 1099.02 1099.02 7925.7478   4.0  1  1
7 7 1111.08 1111.08 7924.9914   4.0  1  1
7 7 1239.89 1239.89 7916.442   4.0  1  1
7 7 1474.77 1474.77 7900.32   4.0  1  1
7 7 1484.68 1484.68 7899.6229   4.0  1  1
7 7 1529.42 1529.42 7896.4528   4.0  1  1
7 7 1569.04 1569.04 7893.6191   4.0  1  1
7 7 1604.66 1604.66 7891.075   4.0  1  1
7 7 1670.86 1670.86 7886.283   4.0  1  1
7 7 1795.76 1795.76 7877.0756   4.0  1  1
7 7 1817.51 1817.51 7875.4626   4.0  1  1
7 7 1854.99 1854.99 7872.6316   4.0  1  1
7 7 1913.37 1913.37 7868.1946   4.0  1  1
8 8  185.29  185.29 7877.0756   4.0  1  1
8 8  216.46  216.46 7875.4626   4.0  1  1
8 8  270.26  270.26 7872.6316   4.0  1  1
8 8  352.96  352.96 7868.1946   4.0  1  1
8 8  394.13  394.13 7865.9698   4.0  1  1
8 8  430.09  430.09 7864.0218   4.0  1  1
8 8  468.08  468.08 7861.911   4.0  1  1
8 8  704.05  704.05 7848.4547   4.0  1  1
8 8  719.86  719.86 7847.5394   4.0  1  1
8 8  808.00  808.00 7842.2656   4.0  1  1
8 8  816.02  816.02 7841.7911   4.0  1  1
8 8  839.64  839.64 7840.2981   4.0  1  0
8 8  902.99  902.99 7836.4597   4.0  1  1
8 8  917.01  917.01 7835.6209   4.0  1  1
8 8  935.99  935.99 7834.4578   4.0  1  1
8 8 1126.01 1126.01 7822.3877   4.0  1  1
8 8 1197.05 1197.05 7817.7669   4.0  1  1
8 8 1221.99 1221.99 7816.1534   4.0  1  1
8 8 1249.68 1249.68 7814.323   4.0  1  1
8 8 1255.04 1255.04 7813.9729   4.0  1  1
8 8 1262.02 1262.02 7813.4761   4.0  1  1
8 8 1305.09 1305.09 7810.6245   4.0  1  1
8 8 1484.57 1484.57 7798.3579   4.0  1  1
8 8 1618.51 1618.51 7788.9342   4.0  1  1
8 8 1635.06 1635.06 7787.8002   4.0  1  1
8 8 1710.64 1710.64 7782.3165   4.0  1  1
8 8 1763.20 1763.20 7778.4922   4.0  1  1
8 8 1788.01 1788.01 7776.6727   4.0  1  1
8 8 1851.89 1851.89 7771.9468   4.0  1  1
9 9   86.00   86.00 7782.3165   4.0  1  1
9 9  163.24  163.24 7778.4922   4.0  1  1
9 9  198.09  198.09 7776.6727   4.0  1  1
9 9  290.01  290.01 7771.9468   4.0  1  1
9 9  463.14  463.14 7762.732   4.0  1  1
9 9  480.84  480.84 7761.7133   4.0  1  1
9 9  791.60  791.60 7743.9552   4.0  1  1
9 9  816.08  816.08 7742.5628   4.0  1  1
9 9 1038.02 1038.02 7728.951   4.0  1  1
9 9 1160.06 1160.06 7721.2023   4.0  1  1
9 9 1272.04 1272.04 7713.9378   4.0  1  1
9 9 1295.27 1295.27 7712.405   4.0  1  1
9 9 1327.86 1327.86 7710.2692   4.0  1  1
9 9 1409.00 1409.00 7704.8169   4.0  1  1
9 9 1425.81 1425.81 7703.685   4.0  1  1
9 9 1463.50 1463.50 7701.1081   4.0  1  1
9 9 1483.23 1483.23 7699.7794   4.0  1  1
9 9 1488.25 1488.25 7699.4034   4.0  1  1
9 9 1569.14 1569.14 7693.8016   4.0  1  1
9 9 1598.21 1598.21 7691.7706   4.0  1  1
9 9 1689.92 1689.92 7685.3075   4.0  1  1
9 9 1722.01 1722.01 7683.0189   4.0  1  1
9 9 1789.67 1789.67 7678.1267   4.0  1  1
9 9 1815.88 1815.88 7676.2195   4.0  1  1
9 9 1869.79 1869.79 7672.2552   4.0  1  1
9 9 1899.58 1899.58 7670.0575   4.0  1  1
9 9 1914.18 1914.18 7668.9608   4.0  1  1
10 10   81.08   81.08 7685.3075   4.0  1  1
10 10  128.09  128.09 7683.0189   4.0  1  1
10 10  225.97  225.97 7678.1267   4.0  1  1
10 10  263.35  263.35 7676.2195   4.0  1  1
10 10  340.09  340.09 7672.2552   4.0  1  1
10 10  381.79  381.79 7670.0575   4.0  1  1
10 10  401.76  401.76 7668.9608   4.0  1  1
10 10  447.02  447.02 7666.5679   4.0  1  1
10 10  551.01  551.01 7660.8903   4.0  1  1
10 10  567.08  567.08 7660.0234   4.0  1  1
10 10  597.14  597.14 7658.3246   4.0  1  1
10 10  661.28  661.28 7654.6998   4.0  1  1
10 10  677.01  677.01 7653.8284   4.0  1  1
10 10  713.28  713.28 7651.7451   4.0  1  1
10 10  789.02  789.02 7647.3794   4.0  1  1
10 10  933.93  933.93 7638.7805   4.0  1  1
10 10  956.89  956.89 7637.3852   4.0  1  1
10 10 1041.37 1041.37 7632.1305   4.0  1  0
10 10 1071.25 1071.25 7630.3106   4.0  1  1
10 10 1094.16 1094.16 7628.8818   4.0  1  1
10 10 1121.77 1121.77 7627.1749   4.0  1  1
10 10 1145.03 1145.03 7625.7053   4.0  1  1
10 10 1233.01 1233.01 7620.0773   4.0  1  1
10 10 1259.91 1259.91 7618.3443   4.0  1  1
10 10 1419.25 1419.25 7607.823   4.0  1  1
10 10 1561.22 1561.22 7598.2054   4.0  1  1
10 10 1689.12 1689.12 7589.3151   4.0  1  1
10 10 1739.11 1739.11 7585.74   4.0  1  1
10 10 1911.30 1911.30 7573.3437   4.0  1  1
11 11  104.99  104.99 7589.3151   4.0  1  1
11 11  421.04  421.04 7573.3437   4.0  1  1
11 11  463.95  463.95 7571.0326   4.0  1  1
11 11  472.95  472.95 7570.559   4.0  1  1
11 11  491.80  491.80 7569.5115   4.0  1  1
11 11  525.22  525.22 7567.7417   4.0  1  1
11 11  548.01  548.01 7566.5296   4.0  1  1
11 11  560.03  560.03 7565.8515   4.0  1  1
11 11  747.96  747.96 7555.3254   4.0  1  1
11 11  851.99  851.99 7549.3138   4.0  1  1
11 11 1050.31 1050.31 7537.4287   4.0  1  1
11 11 1066.88 1066.88 7536.4365   4.0  1  1
11 11 1151.98 1151.98 7531.1437   4.0  1  1
11 11 1193.96 1193.96 7528.4892   4.0  1  1
11 11 1241.08 1241.08 7525.5079   4.0  1  1
11 11 1278.06 1278.06 7523.1347   4.0  1  1
11 11 1345.15 1345.15 7518.7824   4.0  1  1
11 11 1451.32 1451.32 7511.7902   4.0  1  1
11 11 1458.02 1458.02 7511.3498   4.0  1  1
11 11 1472.11 1472.11 7510.4082   4.0  1  1
11 11 1501.05 1501.05 7508.4787   4.0  1  1
11 11 1616.24 1616.24 7500.6556   4.0  1  1
11 11 1640.18 1640.18 7499.0024   4.0  1  1
11 11 1689.85 1689.85 7495.5641   4.0  1  1
11 11 1720.68 1720.68 7493.4276   4.0  1  1
11 11 1798.05 1798.05 7487.9738   4.0  1  1
11 11 1849.07 1849.07 7484.3267   4.0  1  1
11 11 1859.01 1859.01 7483.6256   4.0  1  1
11 11 1890.48 1890.48 7481.3545   4.0  1  1
12 12   22.97   22.97 7500.6556   4.0  1  1
12 12   57.66   57.66 7499.0024   4.0  1  1
12 12  130.42  130.42 7495.5641   4.0  1  1
12 12  173.74  173.74 7493.4276   4.0  1  1
12 12  284.82  284.82 7487.9738   4.0  1  1
12 12  356.08  356.08 7484.3267   4.0  1  1
12 12  370.04  370.04 7483.6256   4.0  1  1
12 12  414.02  414.02 7481.3545   4.0  1  1
12 12  604.97  604.97 7471.1641   4.0  1  1
12 12  643.88  643.88 7469.0566   4.0  1  1
12 12  751.61  751.61 7462.991   4.0  1  1
12 12  771.95  771.95 7461.8746   4.0  1  1
12 12  825.81  825.81 7458.7541   4.0  1  1
12 12  887.13  887.13 7455.208   4.0  1  1
12 12 1012.00 1012.00 7447.8488   4.0  1  1
12 12 1063.00 1063.00 7444.7489   4.0  1  1
12 12 1132.89 1132.89 7440.4933   4.0  1  1
12 12 1200.21 1200.21 7436.297   4.0  1  1
12 12 1215.05 1215.05 7435.3683   4.0  1  1
12 12 1296.05 1296.05 7430.2533   4.0  1  1
12 12 1316.92 1316.92 7428.9405   4.0  1  1
12 12 1373.42 1373.42 7425.2942   4.0  1  1
12 12 1396.39 1396.39 7423.8044   4.0  1  1
12 12 1419.03 1419.03 7422.3118   4.0  1  1
12 12 1476.70 1476.70 7418.5499   4.0  1  1
12 12 1488.06 1488.06 7417.7908   4.0  1  1
12 12 1569.91 1569.91 7412.3368   4.0  1  1
12 12 1578.63 1578.63 7411.7363   4.0  1  1
12 12 1590.51 1590.51 7410.9683   4.0  1  1
12 12 1717.94 1717.94 7402.2521   4.0  1  1
12 12 1844.00 1844.00 7393.4377   4.0  1  1
12 12 1850.30 1850.30 7392.9801   4.0  1  1
13 13    7.73    7.73 7410.9683   4.0  1  1
13 13  193.23  193.23 7402.2521   4.0  1  1
13 13  371.00  371.00 7393.4377   4.0  1  1
13 13  379.94  379.94 7392.9801   4.0  1  1
13 13  524.05  524.05 7385.5006   4.0  1  1
13 13  618.95  618.95 7380.4263   4.0  1  1
13 13  684.02  684.02 7376.8772   4.0  1  1
13 13  768.86  768.86 7372.1184   4.0  1  1
13 13  793.06  793.06 7370.8255   4.0  1  1
13 13  956.92  956.92 7361.3472   4.0  1  1
13 13 1008.00 1008.00 7358.3449   4.0  1  1
13 13 1093.03 1093.03 7353.293   4.0  1  1
13 13 1133.77 1133.77 7350.814   4.0  1  1
13 13 1178.93 1178.93 7348.053   4.0  1  1
13 13 1206.03 1206.03 7346.3428   4.0  1  1
13 13 1221.95 1221.95 7345.3996   4.0  1  1
13 13 1267.12 1267.12 7342.5769   4.0  1  1
13 13 1289.96 1289.96 7341.1515   4.0  1  1
13 13 1314.07 1314.07 7339.6035   4.0  1  1
13 13 1377.99 1377.99 7335.5772   4.0  1  1
13 13 1472.08 1472.08 7329.4916   4.0  1  1
13 13 1490.22 1490.22 7328.285   4.0  1  1
13 13 1523.14 1523.14 7326.1491   4.0  1  1
13 13 1543.11 1543.11 7324.8073   4.0  1  1
13 13 1567.91 1567.91 7323.2106   4.0  1  1
13 13 1674.88 1674.88 7316.005   4.0  1  1
13 13 1688.77 1688.77 7315.0661   4.0  1  1
13 13 1737.90 1737.90 7311.7159   4.0  1  1
13 13 1829.20 1829.20 7305.4043   4.0  1  1
14 14  154.13  154.13 7316.005   4.0  1  1
14 14  174.33  174.33 7315.0661   4.0  1  1
14 14  243.92  243.92 7311.7159   4.0  1  1
14 14  371.13  371.13 7305.4043   4.0  1  1
14 14  513.97  513.97 7298.1434   4.0  1  1
14 14  549.95  549.95 7296.2659   4.0  1  1
14 14  750.04  750.04 7285.4437   4.0  1  1
14 14  760.02  760.02 7284.9033   4.0  1  1
14 14  970.07  970.07 7272.9359   4.0  1  0
14 14 1010.26 1010.26 7270.6636   4.0  1  1
14 14 1102.96 1102.96 7265.1724   4.0  1  1
14 14 1218.09 1218.09 7258.177   4.0  1  1
14 14 1238.01 1238.01 7256.986   4.0  1  1
14 14 1264.09 1264.09 7255.3541   4.0  1  1
14 14 1290.86 1290.86 7253.676   4.0  1  1
14 14 1341.16 1341.16 7250.5895   4.0  1  1
14 14 1411.15 1411.15 7246.1277   4.0  1  1
14 14 1433.93 1433.93 7244.6965   4.0  1  1
14 14 1474.14 1474.14 7242.0919   4.0  1  1
14 14 1504.02 1504.02 7240.1848   4.0  1  1
14 14 1605.92 1605.92 7233.5365   4.0  1  1
14 14 1645.86 1645.86 7230.8623   4.0  1  1
14 14 1659.68 1659.68 7229.938   4.0  1  1
14 14 1731.41 1731.41 7225.1099   4.0  1  1
14 14 1792.29 1792.29 7220.9809   4.0  1  1
14 14 1818.97 1818.97 7219.1515   4.0  1  1
14 14 1835.01 1835.01 7218.0542   4.0  1  1
14 14 1912.07 1912.07 7212.6896   4.0  1  1
15 15   77.90   77.90 7233.5365   4.0  1  1
15 15  135.14  135.14 7230.8623   4.0  1  1
15 15  154.91  154.91 7229.938   4.0  1  1
15 15  256.22  256.22 7225.1099   4.0  1  1
15 15  340.90  340.90 7220.9809   4.0  1  1
15 15  378.08  378.08 7219.1515   4.0  1  1
15 15  400.68  400.68 7218.0542   4.0  1  1
15 15  505.98  505.98 7212.6896   4.0  1  1
15 15  595.99  595.99 7208.0063   4.0  1  1
15 15  615.13  615.13 7206.9804   4.0  1  1
15 15  624.97  624.97 7206.483   4.0  1  1
15 15  699.15  699.15 7202.5166   4.0  1  1
15 15  705.09  705.09 7202.191   4.0  1  1
15 15  711.92  711.92 7201.8091   4.0  1  1
15 15  745.00  745.00 7200.0454   4.0  1  1
15 15  905.03  905.03 7191.1328   4.0  1  1
15 15  951.11  951.11 7188.532   4.0  1  1
15 15 1153.14 1153.14 7176.7213   4.0  1  1
15 15 1161.96 1161.96 7176.186   4.0  1  1
15 15 1209.00 1209.00 7173.3725   4.0  1  1
15 15 1258.97 1258.97 7170.3607   4.0  1  1
15 15 1283.14 1283.14 7168.8952   4.0  1  1
15 15 1310.16 1310.16 7167.2028   4.0  1  1
15 15 1384.94 1384.94 7162.5569   4.0  1  1
15 15 1426.56 1426.56 7159.947   4.0  1  1
15 15 1443.96 1443.96 7158.8387   4.0  1  1
15 15 1473.96 1473.96 7156.9416   4.0  1  1
15 15 1526.19 1526.19 7153.5877   4.0  1  1
15 15 1577.15 1577.15 7150.2844   4.0  1  1
15 15 1603.93 1603.93 7148.5589   4.0  1  1
15 15 1627.07 1627.07 7147.0416   4.0  1  1
15 15 1698.25 1698.25 7142.331   4.0  1  1
15 15 1726.54 1726.54 7140.4617   4.0  1  1
15 15 1842.81 1842.81 7132.61   4.0  1  1
15 15 1860.99 1860.99 7131.3586   4.0  1  1
15 15 1870.31 1870.31 7130.7236   4.0  1  1
15 15 1877.93 1877.93 7130.1846   4.0  1  1
16 16   58.52   58.52 7150.2844   4.0  1  1
16 16   96.74   96.74 7148.5589   4.0  1  1
16 16  130.17  130.17 7147.0416   4.0  1  1
16 16  231.18  231.18 7142.331   4.0  1  1
16 16  270.20  270.20 7140.4617   4.0  1  1
16 16  431.29  431.29 7132.61   4.0  1  1
16 16  456.04  456.04 7131.3586   4.0  1  1
16 16  469.09  469.09 7130.7236   4.0  1  1
16 16  478.72  478.72 7130.1846   4.0  1  1
16 16  565.00  565.00 7125.82   4.0  1  1
16 16  588.97  588.97 7124.5607   4.0  1  1
16 16  807.74  807.74 7112.9189   4.0  1  1
16 16  863.08  863.08 7109.8602   4.0  1  1
16 16  876.08  876.08 7109.1819   4.0  1  1
16 16  905.99  905.99 7107.4778   4.0  1  1
16 16 1028.93 1028.93 7100.5144   4.0  1  1
16 16 1219.82 1219.82 7089.3395   4.0  1  1
16 16 1228.08 1228.08 7088.8232   4.0  1  1
16 16 1263.29 1263.29 7086.7044   4.0  1  1
16 16 1305.07 1305.07 7084.169   4.0  1  1
16 16 1415.86 1415.86 7077.369   4.0  1  1
16 16 1448.14 1448.14 7075.3336   4.0  1  1
16 16 1465.34 1465.34 7074.2563   4.0  1  1
16 16 1495.02 1495.02 7072.3939   4.0  1  1
16 16 1509.25 1509.25 7071.48   4.0  1  1
16 16 1515.93 1515.93 7071.0942   4.0  1  1
16 16 1552.64 1552.64 7068.7358   4.0  1  1
16 16 1576.76 1576.76 7067.2181   4.0  1  1
16 16 1619.10 1619.10 7064.4515   4.0  1  1
16 16 1666.16 1666.16 7061.3942   4.0  1  1
16 16 1677.63 1677.63 7060.6538   4.0  1  1
16 16 1687.02 1687.02 7060.0417   4.0  1  1
16 16 1694.74 1694.74 7059.5253   4.0  1  1
16 16 1710.65 1710.65 7058.4895   4.0  1  1
16 16 1772.10 1772.10 7054.4177   4.0  1  1
16 16 1784.01 1784.01 7053.6196   4.0  1  1
16 16 1900.00 1900.00 7045.797   4.0  1  1
17 17   44.42   44.42 7068.7358   4.0  1  1
17 17  139.82  139.82 7064.4515   4.0  1  1
17 17  206.30  206.30 7061.3942   4.0  1  1
17 17  222.00  222.00 7060.6538   4.0  1  1
17 17  235.03  235.03 7060.0417   4.0  1  1
17 17  246.83  246.83 7059.5253   4.0  1  1
17 17  268.92  268.92 7058.4895   4.0  1  1
17 17  353.87  353.87 7054.4177   4.0  1  1
17 17  369.92  369.92 7053.6196   4.0  1  1
17 17  527.97  527.97 7045.797   4.0  1  1
17 17  666.00  666.00 7038.7202   4.0  1  1
17 17  712.05  712.05 7036.2831   4.0  1  1
17 17  774.74  774.74 7032.931   4.0  1  1
17 17  824.99  824.99 7030.2514   4.0  1  1
17 17  865.89  865.89 7028.0228   4.0  1  1
17 17  893.88  893.88 7026.4616   4.0  1  1
17 17  987.03  987.03 7021.2832   4.0  1  1
17 17 1000.98 1000.98 7020.4841   4.0  1  1
17 17 1034.99 1034.99 7018.5675   4.0  1  1
17 17 1092.02 1092.02 7015.3172   4.0  1  1
17 17 1098.30 1098.30 7014.9689   4.0  1  1
17 17 1232.92 1232.92 7007.0961   4.0  1  1
17 17 1303.01 1303.01 7002.8829   4.0  1  1
17 17 1337.79 1337.79 7000.8036   4.0  1  1
17 17 1356.96 1356.96 6999.6238   4.0  1  1
17 17 1404.08 1404.08 6996.7573   4.0  1  1
17 17 1449.09 1449.09 6993.9873   4.0  1  1
17 17 1464.05 1464.05 6993.0371   4.0  1  1
17 17 1469.96 1469.96 6992.6966   4.0  1  1
17 17 1477.40 1477.40 6992.2126   4.0  1  1
17 17 1518.22 1518.22 6989.6553   4.0  1  1
17 17 1576.02 1576.02 6986.0298   4.0  1  1
17 17 1584.86 1584.86 6985.4718   4.0  1  1
17 17 1653.26 1653.26 6981.0831   4.0  1  1
17 17 1833.20 1833.20 6969.2976   4.0  1  1
17 17 1891.22 1891.22 6965.4307   4.0  1  1
18 18   16.28   16.28 6989.6553   4.0  1  1
18 18   97.78   97.78 6986.0298   4.0  1  0
18 18  111.16  111.16 6985.4718   4.0  1  1
18 18  208.31  208.31 6981.0831   4.0  1  1
18 18  455.86  455.86 6969.2976   4.0  1  1
18 18  595.88  595.88 6962.3117   4.0  1  1
18 18  637.02  637.02 6960.25   4.0  1  1
18 18  732.13  732.13 6955.315   4.0  1  1
18 18  743.96  743.96 6954.656   4.0  1  1
18 18  777.12  777.12 6952.9666   4.0  1  1
18 18  901.84  901.84 6946.2134   4.0  1  1
18 18  914.98  914.98 6945.4902   4.0  1  1
18 18  949.01  949.01 6943.6105   4.0  1  1
18 18  969.02  969.02 6942.538   4.0  1  1
18 18 1055.98 1055.98 6937.6642   4.0  1  1
18 18 1073.96 1073.96 6936.6528   4.0  1  1
18 18 1274.81 1274.81 6925.0094   4.0  1  1
18 18 1358.05 1358.05 6920.0394   4.0  1  1
18 18 1422.65 1422.65 6916.1289   4.0  1  1
18 18 1445.97 1445.97 6914.7127   4.0  1  1
18 18 1502.27 1502.27 6911.2264   4.0  1  1
18 18 1524.89 1524.89 6909.8491   4.0  1  1
18 18 1538.49 1538.49 6908.9905   4.0  1  1
18 18 1646.04 1646.04 6902.2105   4.0  1  1
18 18 1668.56 1668.56 6900.7632   4.0  1  1
18 18 1800.64 1800.64 6892.2502   4.0  1  1
18 18 1845.48 1845.48 6889.3032   4.0  1  1
18 18 1862.56 1862.56 6888.1742   4.0  1  1
18 18 1878.95 1878.95 6887.0881   4.0  1  1
18 18 1889.12 1889.12 6886.4082   4.0  1  1
19 19   14.20   14.20 6911.2264   4.0  1  1
19 19   46.49   46.49 6909.8491   4.0  1  1
19 19   66.35   66.35 6908.9905   4.0  1  1
19 19  218.51  218.51 6902.2105   4.0  1  1
19 19  249.00  249.00 6900.7632   4.0  1  1
19 19  389.80  389.80 6894.2303   4.0  1  1
19 19  431.17  431.17 6892.2502   4.0  1  1
19 19  492.06  492.06 6889.3032   4.0  1  1
19 19  514.93  514.93 6888.1742   4.0  1  1
19 19  536.28  536.28 6887.0881   4.0  1  1
19 19  549.87  549.87 6886.4082   4.0  1  1
19 19  622.01  622.01 6882.8114   4.0  1  1
19 19  685.18  685.18 6879.5824   4.0  1  1
19 19  778.89  778.89 6874.753   4.0  1  1
19 19  844.00  844.00 6871.2891   4.0  1  1
19 19  896.99  896.99 6868.4508   4.0  1  1
19 19  928.01  928.01 6866.7634   4.0  1  1
19 19  935.02  935.02 6866.3666   4.0  1  1
19 19  986.99  986.99 6863.535   4.0  1  1
19 19  999.11  999.11 6862.8685   4.0  1  1
19 19 1028.01 1028.01 6861.2688   4.0  1  1
19 19 1127.86 1127.86 6855.6891   4.0  1  1
19 19 1134.00 1134.00 6855.315   4.0  1  1
19 19 1148.94 1148.94 6854.5128   4.0  1  1
19 19 1155.01 1155.01 6854.1093   4.0  1  1
19 19 1165.72 1165.72 6853.5234   4.0  1  1
19 19 1186.27 1186.27 6852.3545   4.0  1  1
19 19 1193.98 1193.98 6851.8842   4.0  1  1
19 19 1286.93 1286.93 6846.479   4.0  1  1
19 19 1408.49 1408.49 6839.2949   4.0  1  1
19 19 1480.40 1480.40 6834.9246   4.0  1  1
19 19 1513.55 1513.55 6832.8927   4.0  1  1
19 19 1576.13 1576.13 6829.0355   4.0  1  1
19 19 1604.99 1604.99 6827.2488   4.0  1  1
19 19 1646.07 1646.07 6824.6774   4.0  1  1
19 19 1664.55 1664.55 6823.5084   4.0  1  1
19 19 1788.44 1788.44 6815.6123   4.0  1  1
19 19 1832.12 1832.12 6812.7752   4.0  1  1
19 19 1836.60 1836.60 6812.4915   4.0  1  1
19 19 1866.14 1866.14 6810.5494   4.0  1  1
19 19 1884.79 1884.79 6809.3173   4.0  1  1
19 19 1896.91 1896.91 6808.5311   4.0  1  1
19 19 1915.48 1915.48 6807.319   4.0  1  1
20 20   52.12   52.12 6832.8927   4.0  1  1
20 20  132.49  132.49 6829.3472   4.0  1  1
20 20  139.72  139.72 6829.0355   4.0  1  1
20 20  180.12  180.12 6827.2488   4.0  1  1
20 20  237.06  237.06 6824.6774   4.0  1  1
20 20  262.92  262.92 6823.5084   4.0  1  1
20 20  431.86  431.86 6815.6123   4.0  1  1
20 20  491.99  491.99 6812.7752   4.0  1  1
20 20  498.21  498.21 6812.4915   4.0  1  1
20 20  537.10  537.10 6810.5494   4.0  1  1
20 20  562.07  562.07 6809.3173   4.0  1  1
20 20  578.06  578.06 6808.5311   4.0  1  1
20 20  603.13  603.13 6807.319   4.0  1  1
20 20  739.15  739.15 6800.4645   4.0  1  0
20 20  775.94  775.94 6798.4868   4.0  1  1
20 20  827.76  827.76 6795.7982   4.0  1  1
20 20  914.00  914.00 6791.2351   4.0  1  1
20 20  958.96  958.96 6788.8403   4.0  1  1
20 20  979.01  979.01 6787.7364   4.0  1  1
20 20 1112.02 1112.02 6780.4131   4.0  1  1
20 20 1117.04 1117.04 6780.1252   4.0  1  1
20 20 1149.00 1149.00 6778.3123   4.0  1  1
20 20 1241.09 1241.09 6773.0973   4.0  1  1
20 20 1256.55 1256.55 6772.1745   4.0  1  1
20 20 1292.91 1292.91 6770.1069   4.0  1  1
20 20 1352.32 1352.32 6766.6117   4.0  1  1
20 20 1493.63 1493.63 6758.2035   4.0  1  1
20 20 1511.72 1511.72 6757.1092   4.0  1  1
20 20 1522.29 1522.29 6756.4528   4.0  1  1
20 20 1568.14 1568.14 6753.6598   4.0  1  1
20 20 1581.78 1581.78 6752.8335   4.0  1  1
20 20 1604.61 1604.61 6751.4267   4.0  1  1
20 20 1689.42 1689.42 6746.1355   4.0  1  1
20 20 1741.29 1741.29 6742.8845   4.0  1  1
20 20 1756.45 1756.45 6741.9212   4.0  1  1
20 20 1815.09 1815.09 6738.18   4.0  1  1
20 20 1883.75 1883.75 6733.7488   4.0  1  1
20 20 1900.68 1900.68 6732.6491   4.0  1  1
slope 0
