begin ecidentify refThAr_SES_2148x2052_92
task	ecidentify
units	angstroms
features	2058
3 3    7.96    7.96 10133.566   6.0  1  0
3 3    6.90    6.90 10141.397   6.0  1  1
3 3    1.44    1.44 10144.265   6.0  1  0
4 4    2.38    2.38 9943.064   6.0  1  0
4 4    6.60    6.60 9970.463   6.0  1  1
4 4    3.50    3.50 9974.689   6.0  1  0
4 4    6.76    6.76 9985.05   6.0  1  1
4 4    9.02    9.02 9987.635   6.0  1  0
5 5    4.28    4.28 9812.697   6.0  1  1
5 5    7.54    7.54 9826.449   6.0  1  1
5 5    1.98    1.98 9833.423   6.0  1  1
6 6    0.46    0.46 9629.5693   6.0  1  1
6 6    0.38    0.38 9632.6439   6.0  1  1
6 6    8.14    8.14 9664.6983   5.0  1  1
7 7    4.30    4.30 9431.5996   6.0  1  1
7 7    7.12    7.12 9470.6819   6.0  1  1
7 7    6.90    6.90 9474.8793   6.0  1  1
7 7    9.38    9.38 9497.1891   5.0  1  1
8 8    3.12    3.12 9276.2732   5.0  1  1
8 8    9.72    9.72 9289.5624   5.0  1  1
8 8    1.84    1.84 9291.5313   6.0  1  1
8 8    2.60    2.60 9307.8956   5.0  1  1
8 8    6.64    6.64 9340.7053   5.0  1  1
8 8    0.16    0.16 9354.2198   5.0  1  1
9 9    6.60    6.60 9134.6919   5.0  1  1
9 9    4.08    4.08 9140.5559   5.0  1  1
9 9    1.14    1.14 9165.895   5.0  1  1
9 9    2.36    2.36 9178.7795   5.0  1  0
9 9    7.42    7.42 9194.6385   5.0  1  1
9 9    1.48    1.48 9203.9617   6.0  1  1
9 9    3.52    3.52 9227.5119   6.0  1  1
10 10    8.90    8.90 8987.4079   5.0  1  1
10 10    5.82    5.82 8997.8763   5.0  1  1
10 10    5.60    5.60 9008.4636   5.0  1  1
10 10    5.50    5.50 9012.5263   5.0  1  1
10 10    5.56    5.56 9016.5903   6.0  1  1
10 10    2.76    2.76 9017.5912   5.0  1  1
10 10    0.16    0.16 9031.8194   5.0  1  1
10 10    6.78    6.78 9037.8938   5.0  1  1
10 10    6.72    6.72 9040.1229   5.0  1  0
10 10    8.36    8.36 9045.3532   5.0  1  1
10 10    0.14    0.14 9048.2501   6.0  1  1
10 10    3.44    3.44 9053.4858   5.0  1  1
10 10    6.86    6.86 9062.5631   5.0  1  1
10 10    1.88    1.88 9063.96   5.0  1  1
10 10    1.14    1.14 9066.1115   5.0  1  1
10 10    9.88    9.88 9075.3945   5.0  1  1
11 11    0.32    0.32 8841.1822   5.0  1  1
11 11    5.24    5.24 8842.0744   5.0  1  0
11 11    9.36    9.36 8849.9165   5.0  1  1
11 11    6.28    6.28 8868.8334   5.0  1  1
11 11    3.50    3.50 8889.1939   6.0  1  0
11 11    1.56    1.56 8892.9865   6.0  1  1
11 11    8.60    8.60 8905.6581   5.0  1  1
11 11    1.90    1.90 8949.1227   5.0  1  1
12 12  181.44  181.44 8709.2341   5.0  1  1
12 12  201.52  201.52 8710.4142   5.0  1  1
12 12  587.36  587.36 8732.424   5.0  1  1
12 12  865.46  865.46 8748.0309   5.0  1  1
12 12  885.46  885.46 8749.1697   5.0  1  1
12 12   49.58   49.58 8758.2434   6.0  1  1
12 12   89.60   89.60 8760.4496   5.0  1  1
12 12  112.20  112.20 8761.6862   5.0  1  1
12 12  366.76  366.76 8775.5733   5.0  1  1
12 12  533.34  533.34 8784.5621   5.0  1  1
12 12  673.82  673.82 8792.0572   5.0  1  1
12 12  806.70  806.70 8799.0875   5.0  1  1
13 13  109.00  109.00 8573.1205   7.0  1  1
13 13  148.24  148.24 8575.3305   7.0  1  1
13 13  182.14  182.14 8577.2768   5.0  1  1
13 13  439.68  439.68 8591.8387   5.0  1  1
13 13  462.42  462.42 8593.1089   5.0  1  1
13 13  689.78  689.78 8605.7762   5.0  1  1
13 13  879.66  879.66 8616.2219   5.0  1  1
13 13  956.82  956.82 8620.4602   5.0  1  1
13 13  288.54  288.54 8638.3623   7.0  1  0
13 13  308.18  308.18 8639.4416   5.0  1  1
13 13  801.56  801.56 8665.4855   7.0  1  1
14 14  115.42  115.42 8445.487   5.0  1  1
14 14  133.72  133.72 8446.5116   5.0  1  1
14 14  208.70  208.70 8450.6754   5.0  1  0
14 14  452.00  452.00 8464.2367   5.0  1  1
14 14  477.56  477.56 8465.6706   5.0  1  1
14 14  589.60  589.60 8471.826   7.0  1  1
14 14  709.52  709.52 8478.358   5.0  1  1
14 14  929.82  929.82 8490.3065   5.0  1  1
14 14  311.38  311.38 8510.624   5.0  1  1
14 14  423.84  423.84 8516.5542   5.0  1  1
14 14  873.34  873.34 8539.793   5.0  1  1
14 14  950.96  950.96 8543.7225   5.0  1  1
14 14  967.88  967.88 8544.5955   5.0  1  1
15 15  108.18  108.18 8320.8554   7.0  1  1
15 15  282.20  282.20 8330.4494   7.0  1  1
15 15  314.64  314.64 8332.21   7.0  1  1
15 15  378.04  378.04 8335.7067   5.0  1  1
15 15  803.26  803.26 8358.726   5.0  1  0
15 15  942.26  942.26 8366.0741   5.0  1  1
15 15  967.08  967.08 8367.3936   5.0  1  1
15 15    3.74    3.74 8369.3404   5.0  1  1
15 15  191.78  191.78 8379.2261   5.0  1  1
15 15  297.46  297.46 8384.724   5.0  1  1
15 15  370.74  370.74 8388.5363   5.0  1  1
15 15  580.36  580.36 8399.2578   5.0  1  0
15 15  829.98  829.98 8411.9172   5.0  1  0
15 15  924.18  924.18 8416.7269   7.0  1  1
15 15  949.62  949.62 8417.9982   7.0  1  1
15 15   14.48   14.48 8421.2254   7.0  1  1
16 16  143.58  143.58 8202.1469   7.0  1  1
16 16  241.54  241.54 8207.4785   5.0  1  1
16 16  364.62  364.62 8214.1472   5.0  1  1
16 16  421.74  421.74 8217.2264   5.0  1  1
16 16  687.50  687.50 8231.4069   7.0  1  1
16 16   88.08   88.08 8252.3936   7.0  1  1
16 16  111.60  111.60 8253.6156   5.0  1  1
16 16  133.78  133.78 8254.7422   5.0  1  1
16 16  226.26  226.26 8259.511   5.0  1  1
16 16  254.78  254.78 8261.0143   5.0  1  1
16 16  974.36  974.36 8297.1765   5.0  1  1
17 17  148.68  148.68 8085.219   5.0  1  1
17 17  228.44  228.44 8089.4852   5.0  1  1
17 17  279.86  279.86 8092.2373   5.0  1  1
17 17  305.76  305.76 8093.6238   7.0  1  1
17 17  988.82  988.82 8129.4051   5.0  1  1
17 17  166.64  166.64 8138.4753   7.0  1  1
17 17  195.34  195.34 8139.9032   7.0  1  1
17 17  258.48  258.48 8143.138   7.0  1  1
17 17  589.42  589.42 8159.7277   7.0  1  1
17 17  657.80  657.80 8163.121   5.0  1  1
17 17  793.26  793.26 8169.7865   5.0  1  1
18 18  172.96  172.96 7972.596   5.0  1  1
18 18  202.52  202.52 7974.1592   5.0  1  1
18 18  293.94  293.94 7978.9731   6.0  1  1
18 18  466.06  466.06 7987.9731   5.0  1  1
18 18  531.24  531.24 7991.3655   5.0  1  1
18 18  576.02  576.02 7993.6808   5.0  1  1
18 18   41.42   41.42 8017.5275   5.0  1  1
18 18  133.46  133.46 8022.2014   5.0  1  0
18 18  174.88  174.88 8024.253   5.0  1  1
18 18  338.56  338.56 8032.4313   6.0  1  0
18 18  436.82  436.82 8037.2183   5.0  1  0
18 18  616.78  616.78 8046.1169   6.0  1  1
18 18  764.44  764.44 8053.3085   6.0  1  1
18 18  958.24  958.24 8062.6304   6.0  1  1
19 19  174.60  174.60 7861.91   6.0  1  1
19 19  215.14  215.14 7864.0218   5.0  1  1
19 19  252.52  252.52 7865.9698   6.0  1  1
19 19  295.44  295.44 7868.1946   5.0  1  1
19 19  647.56  647.56 7886.283   6.0  1  1
19 19  741.88  741.88 7891.075   5.0  1  1
19 19  911.24  911.24 7899.6229   5.0  1  1
19 19  925.28  925.28 7900.32   6.0  1  1
19 19  425.84  425.84 7924.9914   5.0  1  0
19 19  770.40  770.40 7941.7259   5.0  1  1
19 19   43.28   43.28 7954.5923   5.0  1  0
20 20  321.36  321.36 7761.7133   5.0  1  1
20 20  523.04  523.04 7771.9468   6.0  1  1
20 20  616.84  616.84 7776.6727   5.0  1  1
20 20  652.78  652.78 7778.4922   5.0  1  1
20 20  729.74  729.74 7782.3165   6.0  1  0
20 20  838.30  838.30 7787.8002   5.0  1  0
20 20  861.94  861.94 7788.9342   6.0  1  1
20 20   53.28   53.28 7798.3579   5.0  1  1
20 20  178.78  178.78 7804.5298   6.0  1  1
20 20  304.16  304.16 7810.6245   5.0  1  1
20 20  363.26  363.26 7813.4761   6.0  1  1
20 20  380.80  380.80 7814.323   5.0  1  1
20 20  417.34  417.34 7816.1534   5.0  1  0
20 20  452.62  452.62 7817.7669   6.0  1  1
20 20  828.50  828.50 7835.6209   5.0  1  1
20 20  929.36  929.36 7840.2981   5.0  1  0
20 20  960.46  960.46 7841.7911   6.0  1  1
20 20  970.30  970.30 7842.2656   5.0  1  1
21 21  135.60  135.60 7647.3794   5.0  1  1
21 21  221.28  221.28 7651.7451   6.0  1  1
21 21  233.04  233.04 7652.3202   5.0  1  1
21 21  262.94  262.94 7653.8284   5.0  1  1
21 21  279.90  279.90 7654.6998   6.0  1  1
21 21  351.78  351.78 7658.3246   6.0  1  1
21 21  402.98  402.98 7660.8903   5.0  1  1
21 21  516.38  516.38 7666.5679   6.0  1  1
21 21  564.22  564.22 7668.9608   5.0  1  1
21 21  586.58  586.58 7670.0575   5.0  1  1
21 21  711.20  711.20 7676.2195   6.0  1  1
21 21  749.72  749.72 7678.1267   5.0  1  1
21 21  849.38  849.38 7683.0189   5.0  1  1
21 21  895.96  895.96 7685.3075   5.0  1  1
21 21   28.76   28.76 7691.7706   5.0  1  1
21 21   70.66   70.66 7693.8016   6.0  1  1
21 21  157.04  157.04 7697.9238   6.0  1  0
21 21  187.14  187.14 7699.4034   6.0  1  1
21 21  193.84  193.84 7699.7794   5.0  1  0
21 21  275.98  275.98 7703.685   6.0  1  1
21 21  299.64  299.64 7704.8169   5.0  1  1
21 21  414.08  414.08 7710.2692   5.0  1  1
21 21  459.02  459.02 7712.405   6.0  1  1
21 21  492.06  492.06 7713.9378   5.0  1  1
21 21  646.02  646.02 7721.2023   6.0  1  1
21 21  812.26  812.26 7728.951   6.0  1  1
21 21  871.94  871.94 7731.7385   5.0  1  1
22 22  214.18  214.18 7549.3138   6.0  1  1
22 22  548.32  548.32 7565.8515   6.0  1  0
22 22  561.52  561.52 7566.5296   6.0  1  1
22 22  586.10  586.10 7567.7417   5.0  1  1
22 22  622.58  622.58 7569.5115   5.0  1  1
22 22  700.88  700.88 7573.3437   5.0  1  1
22 22   31.28   31.28 7589.3151   5.0  1  1
22 22  217.94  217.94 7598.2054   6.0  1  1
22 22  422.36  422.36 7607.823   5.0  1  1
22 22  648.56  648.56 7618.3443   5.0  1  1
22 22  808.50  808.50 7625.7053   6.0  1  1
22 22  840.68  840.68 7627.1749   6.0  1  1
22 22  878.48  878.48 7628.8818   5.0  1  1
22 22  909.96  909.96 7630.3106   5.0  1  1
22 22  949.12  949.12 7632.1305   6.0  1  1
23 23  108.94  108.94 7444.7489   5.0  1  1
23 23  171.62  171.62 7447.8488   5.0  1  1
23 23  208.30  208.30 7449.605   6.0  1  0
23 23  321.16  321.16 7455.208   5.0  1  1
23 23  457.52  457.52 7461.8746   6.0  1  1
23 23  648.96  648.96 7471.1641   5.0  1  1
23 23  861.44  861.44 7481.3545   6.0  1  1
23 23  909.26  909.26 7483.6256   5.0  1  1
23 23  923.88  923.88 7484.3267   5.0  1  1
23 23    0.82    0.82 7487.9738   6.0  1  1
23 23  116.32  116.32 7493.4276   5.0  1  1
23 23  235.64  235.64 7499.0024   5.0  1  1
23 23  270.98  270.98 7500.6556   5.0  1  1
23 23  439.26  439.26 7508.4787   5.0  1  1
23 23  481.24  481.24 7510.4082   5.0  1  1
23 23  501.72  501.72 7511.3498   5.0  1  1
23 23  510.52  510.52 7511.7902   5.0  1  0
23 23  664.00  664.00 7518.7824   6.0  1  1
23 23  812.18  812.18 7525.5079   5.0  1  1
24 24   55.30   55.30 7345.3996   5.0  1  1
24 24  166.06  166.06 7350.814   5.0  1  1
24 24  216.74  216.74 7353.293   5.0  1  1
24 24  383.20  383.20 7361.3472   5.0  1  1
24 24  580.30  580.30 7370.8255   5.0  1  1
24 24  607.58  607.58 7372.1184   5.0  1  1
24 24  707.26  707.26 7376.8772   5.0  1  1
24 24  782.14  782.14 7380.4263   5.0  1  1
24 24  889.94  889.94 7385.5006   5.0  1  1
24 24   49.68   49.68 7392.9801   5.0  1  1
24 24   59.48   59.48 7393.4377   5.0  1  1
24 24  249.90  249.90 7402.2521   5.0  1  1
24 24  456.84  456.84 7411.7363   6.0  1  1
24 24  470.18  470.18 7412.3368   5.0  1  1
24 24  590.70  590.70 7417.7908   6.0  1  1
24 24  607.08  607.08 7418.5499   6.0  1  1
24 24  690.82  690.82 7422.3118   5.0  1  1
24 24  757.38  757.38 7425.2942   5.0  1  1
24 24  839.20  839.20 7428.9405   5.0  1  1
24 24  868.64  868.64 7430.2533   5.0  1  1
24 24  984.24  984.24 7435.3683   5.0  1  1
24 24    5.34    5.34 7436.297   5.0  1  1
25 25  106.92  106.92 7253.676   5.0  1  1
25 25  141.52  141.52 7255.3541   6.0  1  1
25 25  175.26  175.26 7256.986   6.0  1  1
25 25  199.82  199.82 7258.177   6.0  1  1
25 25  346.16  346.16 7265.1724   5.0  1  1
25 25  461.18  461.18 7270.6636   5.0  1  1
25 25  509.12  509.12 7272.9359   5.0  1  1
25 25  763.68  763.68 7284.9033   5.0  1  1
25 25  775.12  775.12 7285.4437   5.0  1  1
25 25    7.42    7.42 7296.2659   6.0  1  0
25 25   49.04   49.04 7298.1434   5.0  1  1
25 25  346.62  346.62 7311.7159   5.0  1  1
25 25  421.00  421.00 7315.0661   5.0  1  1
25 25  441.78  441.78 7316.005   5.0  1  1
25 25  638.04  638.04 7324.8073   5.0  1  0
25 25  716.24  716.24 7328.285   5.0  1  0
25 25  743.54  743.54 7329.4916   5.0  1  0
25 25  974.72  974.72 7339.6035   5.0  1  1
25 25   10.58   10.58 7341.1515   6.0  1  1
25 25   42.30   42.30 7342.5769   5.0  1  1
26 26   44.32   44.32 7158.8387   5.0  1  1
26 26   67.24   67.24 7159.947   5.0  1  1
26 26  122.22  122.22 7162.5569   5.0  1  1
26 26  219.60  219.60 7167.2028   6.0  1  1
26 26  255.88  255.88 7168.8952   5.0  1  1
26 26  286.18  286.18 7170.3607   6.0  1  1
26 26  350.02  350.02 7173.3725   5.0  1  1
26 26  410.10  410.10 7176.186   5.0  1  1
26 26  421.28  421.28 7176.7213   6.0  1  1
26 26  674.50  674.50 7188.532   6.0  1  1
26 26  730.52  730.52 7191.1328   6.0  1  1
26 26  924.34  924.34 7200.0454   5.0  1  1
26 26  963.16  963.16 7201.8091   6.0  1  1
26 26  978.52  978.52 7202.5166   5.0  1  1
26 26   66.56   66.56 7206.483   6.0  1  0
26 26   76.72   76.72 7206.9804   5.0  1  1
26 26   99.54   99.54 7208.0063   6.0  1  1
26 26  203.22  203.22 7212.6896   5.0  1  1
26 26  322.42  322.42 7218.0542   5.0  1  1
26 26  347.22  347.22 7219.1515   5.0  1  1
26 26  388.18  388.18 7220.9809   5.0  1  1
26 26  590.30  590.30 7229.938   5.0  1  1
26 26  611.38  611.38 7230.8623   5.0  1  1
26 26  825.08  825.08 7240.1848   6.0  1  1
26 26  868.82  868.82 7242.0919   5.0  1  1
26 26  929.08  929.08 7244.6965   6.0  1  1
26 26  962.20  962.20 7246.1277   5.0  1  1
27 27   32.00   32.00 7068.7358   5.0  1  1
27 27   81.90   81.90 7071.0942   6.0  1  1
27 27  109.62  109.62 7072.3939   6.0  1  1
27 27  149.32  149.32 7074.2563   5.0  1  1
27 27  171.94  171.94 7075.3336   5.0  1  1
27 27  360.80  360.80 7084.169   6.0  1  1
27 27  415.52  415.52 7086.7044   5.0  1  1
27 27  461.22  461.22 7088.8232   5.0  1  1
27 27  472.40  472.40 7089.3395   6.0  1  1
27 27  715.40  715.40 7100.5144   6.0  1  1
27 27  868.38  868.38 7107.4778   5.0  1  1
27 27  906.14  906.14 7109.1819   5.0  1  1
27 27  920.90  920.90 7109.8602   6.0  1  1
27 27  989.26  989.26 7112.9189   6.0  1  1
27 27   12.58   12.58 7113.9879   5.0  1  1
27 27   22.40   22.40 7114.3984   6.0  1  1
27 27  249.32  249.32 7124.5607   6.0  1  1
27 27  277.96  277.96 7125.82   5.0  1  1
27 27  376.76  376.76 7130.1846   5.0  1  1
27 27  389.00  389.00 7130.7236   6.0  1  1
27 27  403.32  403.32 7131.3586   5.0  1  1
27 27  432.02  432.02 7132.61   5.0  1  1
27 27  611.62  611.62 7140.4617   6.0  1  1
27 27  654.96  654.96 7142.331   6.0  1  1
27 27  762.54  762.54 7147.0416   5.0  1  0
27 27  797.94  797.94 7148.5589   5.0  1  0
27 27  839.50  839.50 7150.2844   5.0  1  1
27 27  916.48  916.48 7153.5877   6.0  1  1
27 27  995.32  995.32 7156.9416   5.0  1  1
27 27   40.42   40.42 7158.8387   5.0  1  1
28 28   24.54   24.54 6981.0831   5.0  1  1
28 28  130.56  130.56 6986.0298   5.0  1  1
28 28  208.58  208.58 6989.6553   6.0  1  1
28 28  264.06  264.06 6992.2126   5.0  1  1
28 28  273.96  273.96 6992.6966   5.0  1  1
28 28  282.20  282.20 6993.0371   5.0  1  1
28 28  424.34  424.34 6999.6238   5.0  1  0
28 28  451.00  451.00 7000.8036   5.0  1  1
28 28  496.40  496.40 7002.8829   6.0  1  1
28 28  588.84  588.84 7007.0961   5.0  1  1
28 28  763.04  763.04 7014.9689   5.0  1  1
28 28  770.74  770.74 7015.3172   6.0  1  1
28 28  843.16  843.16 7018.5675   6.0  1  1
28 28  886.08  886.08 7020.4841   5.0  1  1
28 28  903.80  903.80 7021.2832   5.0  1  1
28 28  992.46  992.46 7025.2251   5.0  1  1
28 28   20.16   20.16 7026.4616   5.0  1  1
28 28   55.38   55.38 7028.0228   5.0  1  1
28 28  105.86  105.86 7030.2514   5.0  1  1
28 28  167.00  167.00 7032.931   5.0  1  1
28 28  242.88  242.88 7036.2831   6.0  1  1
28 28  461.26  461.26 7045.797   5.0  1  1
28 28  642.90  642.90 7053.6196   6.0  1  1
28 28  661.94  661.94 7054.4177   6.0  1  1
28 28  757.20  757.20 7058.4895   5.0  1  1
28 28  781.38  781.38 7059.5253   5.0  1  1
28 28  793.66  793.66 7060.0417   5.0  1  1
28 28  808.10  808.10 7060.6538   5.0  1  1
28 28  825.48  825.48 7061.3942   5.0  1  1
28 28  898.14  898.14 7064.4515   6.0  1  1
28 28  999.86  999.86 7068.7358   5.0  1  1
29 29  130.56  130.56 6900.7632   5.0  1  0
29 29  161.46  161.46 6902.2105   6.0  1  1
29 29  309.72  309.72 6908.9905   5.0  1  1
29 29  328.68  328.68 6909.8491   6.0  1  1
29 29  358.98  358.98 6911.2264   6.0  1  1
29 29  436.58  436.58 6914.7127   5.0  1  0
29 29  467.26  467.26 6916.1289   5.0  1  1
29 29  553.62  553.62 6920.0394   5.0  1  1
29 29  664.78  664.78 6925.0094   5.0  1  1
29 29  927.38  927.38 6936.6528   6.0  1  1
29 29  950.16  950.16 6937.6642   5.0  1  1
29 29   61.24   61.24 6942.538   6.0  1  1
29 29   85.74   85.74 6943.6105   5.0  1  1
29 29  128.72  128.72 6945.4902   6.0  1  1
29 29  145.22  145.22 6946.2134   5.0  1  1
29 29  266.68  266.68 6951.4776   5.0  1  1
29 29  300.90  300.90 6952.9666   5.0  1  1
29 29  340.64  340.64 6954.656   6.0  1  1
29 29  355.88  355.88 6955.315   5.0  1  1
29 29  471.02  471.02 6960.25   5.0  1  1
29 29  519.20  519.20 6962.3117   6.0  1  1
29 29  965.14  965.14 6981.0831   5.0  1  1
30 30   23.12   23.12 6812.7752   5.0  1  0
30 30   86.96   86.96 6815.6123   5.0  1  1
30 30  260.62  260.62 6823.5084   6.0  1  1
30 30  286.58  286.58 6824.6774   6.0  1  1
30 30  343.96  343.96 6827.2488   5.0  1  1
30 30  383.72  383.72 6829.0355   6.0  1  1
30 30  515.72  515.72 6834.9246   5.0  1  1
30 30  614.08  614.08 6839.2949   5.0  1  1
30 30  777.36  777.36 6846.479   6.0  1  1
30 30  900.54  900.54 6851.8842   5.0  1  1
30 30  910.98  910.98 6852.3545   5.0  1  1
30 30  938.36  938.36 6853.5234   6.0  1  1
30 30  951.50  951.50 6854.1093   5.0  1  1
30 30  979.12  979.12 6855.315   5.0  1  1
30 30  987.96  987.96 6855.6891   6.0  1  1
30 30  116.86  116.86 6861.2688   5.0  1  1
30 30  169.54  169.54 6863.535   5.0  1  1
30 30  235.36  235.36 6866.3666   5.0  1  1
30 30  244.82  244.82 6866.7634   5.0  1  1
30 30  284.78  284.78 6868.4508   5.0  1  1
30 30  351.24  351.24 6871.2891   5.0  1  1
30 30  432.74  432.74 6874.753   5.0  1  1
30 30  547.40  547.40 6879.5824   5.0  1  1
30 30  624.20  624.20 6882.8114   5.0  1  1
30 30  710.66  710.66 6886.4082   5.0  1  1
30 30  726.78  726.78 6887.0881   5.0  1  1
30 30  752.96  752.96 6888.1742   5.0  1  1
30 30  780.28  780.28 6889.3032   6.0  1  1
30 30  851.62  851.62 6892.2502   6.0  1  1
31 31   46.76   46.76 6732.6491   5.0  1  1
31 31   71.08   71.08 6733.7488   6.0  1  1
31 31  169.90  169.90 6738.18   5.0  1  1
31 31  253.22  253.22 6741.9212   5.0  1  1
31 31  275.04  275.04 6742.8845   5.0  1  1
31 31  467.74  467.74 6751.4267   5.0  1  1
31 31  500.08  500.08 6752.8335   5.0  1  1
31 31  518.76  518.76 6753.6598   6.0  1  1
31 31  582.04  582.04 6756.4528   5.0  1  1
31 31  597.20  597.20 6757.1092   5.0  1  1
31 31  622.04  622.04 6758.2035   5.0  1  1
31 31  815.60  815.60 6766.6117   5.0  1  1
31 31  896.30  896.30 6770.1069   5.0  1  1
31 31  944.86  944.86 6772.1745   6.0  1  1
31 31  965.76  965.76 6773.0973   5.0  1  1
31 31   87.88   87.88 6778.3123   5.0  1  1
31 31  111.74  111.74 6779.3242   5.0  1  1
31 31  130.82  130.82 6780.1252   5.0  1  1
31 31  136.88  136.88 6780.4131   5.0  1  1
31 31  310.06  310.06 6787.7364   5.0  1  1
31 31  336.48  336.48 6788.8403   5.0  1  1
31 31  393.58  393.58 6791.2351   5.0  1  1
31 31  567.52  567.52 6798.4868   5.0  1  1
31 31  811.22  811.22 6808.5311   5.0  1  1
31 31  830.64  830.64 6809.3173   5.0  1  1
31 31  860.50  860.50 6810.5494   6.0  1  1
32 32   68.30   68.30 6654.3675   6.0  1  1
32 32   93.28   93.28 6655.4892   5.0  1  1
32 32  126.00  126.00 6656.9386   5.0  1  1
32 32  165.50  165.50 6658.6774   5.0  1  1
32 32  210.52  210.52 6660.6761   5.0  1  1
32 32  246.60  246.60 6662.2686   5.0  1  1
32 32  287.26  287.26 6664.051   5.0  1  1
32 32  339.68  339.68 6666.3588   5.0  1  1
32 32  395.86  395.86 6668.8163   5.0  1  1
32 32  504.88  504.88 6673.5797   6.0  1  1
32 32  530.94  530.94 6674.6969   5.0  1  1
32 32  590.10  590.10 6677.2817   5.0  1  1
32 32  623.34  623.34 6678.7067   6.0  1  1
32 32  655.10  655.10 6680.0811   5.0  1  1
32 32  731.52  731.52 6683.3673   6.0  1  1
32 32  753.08  753.08 6684.2929   5.0  1  1
32 32  828.60  828.60 6687.5207   5.0  1  1
32 32  950.34  950.34 6692.7262   5.0  1  1
32 32  980.42  980.42 6694.0068   5.0  1  1
32 32  992.18  992.18 6694.4967   5.0  1  1
32 32   31.28   31.28 6696.14   5.0  1  1
32 32   68.22   68.22 6697.7123   5.0  1  1
32 32  140.18  140.18 6700.7499   5.0  1  1
32 32  391.96  391.96 6711.2521   6.0  1  1
32 32  457.94  457.94 6713.97   5.0  1  1
32 32  540.86  540.86 6717.3851   5.0  1  1
32 32  585.20  585.20 6719.1995   6.0  1  1
32 32  675.36  675.36 6722.8899   5.0  1  1
32 32  787.84  787.84 6727.4583   5.0  1  1
32 32  804.26  804.26 6728.1183   6.0  1  1
32 32  819.88  819.88 6728.7595   6.0  1  1
32 32  916.74  916.74 6732.6491   5.0  1  1
32 32  944.02  944.02 6733.7488   6.0  1  1
33 33   49.30   49.30 6576.1221   5.0  1  1
33 33   74.16   74.16 6577.2146   5.0  1  1
33 33   83.40   83.40 6577.6552   5.0  1  0
33 33  142.80  142.80 6580.2299   6.0  1  1
33 33  227.22  227.22 6583.906   6.0  1  1
33 33  242.46  242.46 6584.613   5.0  1  0
33 33  267.62  267.62 6585.6945   5.0  1  1
33 33  333.66  333.66 6588.5396   5.0  1  1
33 33  401.80  401.80 6591.4845   5.0  1  1
33 33  447.30  447.30 6593.4628   5.0  1  1
33 33  458.28  458.28 6593.9391   6.0  1  1
33 33  509.10  509.10 6596.1141   5.0  1  1
33 33  569.80  569.80 6598.6778   5.0  1  0
33 33  587.60  587.60 6599.4824   5.0  1  1
33 33  664.30  664.30 6602.762   5.0  1  1
33 33  684.34  684.34 6603.6209   5.0  1  1
33 33  713.56  713.56 6604.8534   5.0  1  1
33 33  726.62  726.62 6605.4165   5.0  1  1
33 33  915.08  915.08 6613.374   5.0  1  1
33 33    2.68    2.68 6617.058   6.0  1  1
33 33   13.50   13.50 6617.5154   5.0  1  1
33 33   28.90   28.90 6618.1668   6.0  1  1
33 33   71.80   71.80 6619.9458   5.0  1  1
33 33   96.14   96.14 6620.9665   5.0  1  1
33 33  365.36  365.36 6632.0837   5.0  1  1
33 33  515.58  515.58 6638.2207   5.0  1  1
33 33  532.44  532.44 6638.9119   5.0  1  1
33 33  552.98  552.98 6639.7403   5.0  1  1
33 33  650.62  650.62 6643.6976   5.0  1  1
33 33  674.76  674.76 6644.6635   6.0  1  1
33 33  721.48  721.48 6646.5407   6.0  1  1
33 33  770.16  770.16 6648.4954   6.0  1  1
33 33  781.98  781.98 6648.9586   6.0  1  1
33 33  917.28  917.28 6654.3675   5.0  1  1
33 33  982.34  982.34 6656.9386   5.0  1  1
33 33   26.48   26.48 6658.6774   5.0  1  1
34 34   17.38   17.38 6499.1061   5.0  1  1
34 34   53.08   53.08 6500.6575   5.0  1  1
34 34   83.78   83.78 6501.9919   5.0  1  1
34 34  118.36  118.36 6503.5111   6.0  1  1
34 34  199.00  199.00 6506.9868   5.0  1  1
34 34  230.10  230.10 6508.3605   5.0  1  0
34 34  246.90  246.90 6509.0503   6.0  1  1
34 34  324.08  324.08 6512.3639   6.0  1  1
34 34  358.68  358.68 6513.8462   5.0  1  1
34 34  550.78  550.78 6522.0432   5.0  1  1
34 34  561.76  561.76 6522.4994   5.0  1  1
34 34  771.66  771.66 6531.3418   6.0  1  1
34 34  886.40  886.40 6536.1441   5.0  1  1
34 34  921.46  921.46 6537.6139   5.0  1  1
34 34  933.40  933.40 6538.112   5.0  1  1
34 34   28.80   28.80 6542.0498   5.0  1  1
34 34  117.76  117.76 6545.7186   5.0  1  1
34 34  226.86  226.86 6550.1877   5.0  1  1
34 34  263.84  263.84 6551.7055   5.0  1  1
34 34  324.16  324.16 6554.1603   5.0  1  1
34 34  440.84  440.84 6558.8756   5.0  1  1
34 34  469.84  469.84 6560.0574   5.0  1  1
34 34  579.22  579.22 6564.4445   5.0  1  1
34 34  594.82  594.82 6565.07   5.0  1  1
34 34  709.26  709.26 6569.6322   5.0  1  1
34 34  873.48  873.48 6576.1221   5.0  1  1
34 34  901.26  901.26 6577.2146   5.0  1  1
34 34  912.24  912.24 6577.6552   6.0  1  1
34 34  978.00  978.00 6580.2299   5.0  1  1
35 35    7.76    7.76 6424.8127   5.0  1  1
35 35   99.98   99.98 6428.7733   5.0  1  1
35 35  165.00  165.00 6431.555   5.0  1  1
35 35  285.02  285.02 6436.6699   5.0  1  1
35 35  310.18  310.18 6437.7613   5.0  1  1
35 35  339.32  339.32 6439.0715   5.0  1  0
35 35  408.34  408.34 6441.8994   5.0  1  1
35 35  454.92  454.92 6443.8598   5.0  1  1
35 35  496.70  496.70 6445.6407   5.0  1  1
35 35  524.20  524.20 6446.7712   6.0  1  1
35 35  601.34  601.34 6450.006   6.0  1  1
35 35  624.02  624.02 6450.9557   6.0  1  1
35 35  649.90  649.90 6452.0591   5.0  1  1
35 35  727.44  727.44 6455.2647   5.0  1  1
35 35  775.96  775.96 6457.2824   6.0  1  1
35 35  853.34  853.34 6460.475   5.0  1  1
35 35  867.38  867.38 6461.0596   5.0  1  1
35 35   28.76   28.76 6467.6754   5.0  1  1
35 35  115.66  115.66 6471.2131   5.0  1  1
35 35  409.86  409.86 6483.0825   5.0  1  1
35 35  520.30  520.30 6487.4811   5.0  1  1
35 35  555.60  555.60 6488.8832   5.0  1  1
35 35  602.38  602.38 6490.7372   5.0  1  1
35 35  664.88  664.88 6493.1975   6.0  1  1
35 35  683.60  683.60 6493.9694   5.0  1  0
35 35  717.20  717.20 6495.2573   5.0  1  1
35 35  736.66  736.66 6496.0292   5.0  1  1
35 35  773.82  773.82 6497.4919   5.0  1  1
35 35  816.32  816.32 6499.1061   5.0  1  0
35 35  889.52  889.52 6501.9919   5.0  1  1
35 35  928.64  928.64 6503.5111   5.0  1  1
35 35   18.68   18.68 6506.9868   6.0  1  1
36 36   85.90   85.90 6355.9108   5.0  1  1
36 36  112.04  112.04 6357.0229   5.0  1  1
36 36  127.78  127.78 6357.6779   5.0  1  1
36 36  149.60  149.60 6358.6211   6.0  1  1
36 36  174.80  174.80 6359.6744   5.0  1  1
36 36  236.20  236.20 6362.2518   6.0  1  1
36 36  298.78  298.78 6364.8937   5.0  1  1
36 36  399.86  399.86 6369.1394   6.0  1  1
36 36  410.50  410.50 6369.5748   5.0  1  1
36 36  467.62  467.62 6371.9436   5.0  1  1
36 36  587.58  587.58 6376.9305   5.0  1  1
36 36  653.70  653.70 6379.6733   5.0  1  1
36 36  694.92  694.92 6381.3598   5.0  1  1
36 36  741.26  741.26 6383.3423   6.0  1  0
36 36  776.58  776.58 6384.7169   5.0  1  1
36 36  842.20  842.20 6387.3957   5.0  1  1
36 36  876.94  876.94 6388.8134   5.0  1  1
36 36  891.18  891.18 6389.39   5.0  1  1
36 36  909.50  909.50 6390.1289   5.0  1  1
36 36  934.86  934.86 6391.1774   5.0  1  1
36 36  964.90  964.90 6392.3685   5.0  1  1
36 36    5.32    5.32 6394.0498   5.0  1  1
36 36   22.76   22.76 6394.7289   5.0  1  1
36 36   77.46   77.46 6396.9499   5.0  1  1
36 36  133.98  133.98 6399.2065   5.0  1  1
36 36  152.06  152.06 6399.9498   5.0  1  1
36 36  170.80  170.80 6400.6961   5.0  1  1
36 36  228.98  228.98 6403.0128   5.0  1  1
36 36  315.10  315.10 6406.4462   5.0  1  1
36 36  369.84  369.84 6408.5986   6.0  1  1
36 36  452.86  452.86 6411.8991   5.0  1  1
36 36  496.14  496.14 6413.6145   6.0  1  1
36 36  544.94  544.94 6415.5374   5.0  1  1
36 36  564.74  564.74 6416.3071   5.0  1  1
36 36  617.52  617.52 6418.3703   5.0  1  1
36 36  713.74  713.74 6422.1075   6.0  1  1
36 36  733.54  733.54 6422.8969   5.0  1  1
36 36  783.44  783.44 6424.8127   5.0  1  1
36 36  885.98  885.98 6428.7733   5.0  1  1
36 36  958.72  958.72 6431.555   5.0  1  1
37 37   86.74   86.74 6285.278   6.0  1  1
37 37  104.62  104.62 6286.0453   5.0  1  1
37 37  133.80  133.80 6287.2554   5.0  1  1
37 37  187.06  187.06 6289.4882   6.0  1  1
37 37  227.92  227.92 6291.1915   5.0  1  1
37 37  239.24  239.24 6291.6286   5.0  1  0
37 37  248.72  248.72 6292.0601   5.0  1  1
37 37  268.86  268.86 6292.8909   5.0  1  1
37 37  277.20  277.20 6293.2424   6.0  1  1
37 37  364.58  364.58 6296.8722   5.0  1  1
37 37  413.64  413.64 6298.9027   5.0  1  1
37 37  462.60  462.60 6300.9165   6.0  1  1
37 37  474.62  474.62 6301.4128   5.0  1  1
37 37  519.66  519.66 6303.2507   5.0  1  1
37 37  543.58  543.58 6304.2423   5.0  1  1
37 37  627.12  627.12 6307.657   5.0  1  1
37 37  663.98  663.98 6309.16   5.0  1  1
37 37  704.46  704.46 6310.8101   6.0  1  1
37 37  749.22  749.22 6312.6222   5.0  1  1
37 37  789.94  789.94 6314.2693   5.0  1  1
37 37  826.94  826.94 6315.775   5.0  1  1
37 37  861.80  861.80 6317.1824   5.0  1  1
37 37  964.08  964.08 6321.3004   5.0  1  1
37 37  977.08  977.08 6321.8199   6.0  1  1
37 37   41.92   41.92 6324.3978   5.0  1  1
37 37   90.78   90.78 6326.3669   5.0  1  1
37 37  113.82  113.82 6327.2778   5.0  1  1
37 37  217.98  217.98 6331.4137   5.0  1  1
37 37  245.54  245.54 6332.5118   5.0  1  1
37 37  261.92  261.92 6333.1459   5.0  1  1
37 37  375.88  375.88 6337.6201   5.0  1  1
37 37  428.12  428.12 6339.6684   5.0  1  1
37 37  510.16  510.16 6342.8595   6.0  1  1
37 37  594.08  594.08 6346.1209   5.0  1  1
37 37  661.88  661.88 6348.7375   5.0  1  1
37 37  849.00  849.00 6355.9108   6.0  1  1
37 37  878.18  878.18 6357.0229   5.0  1  1
37 37  920.78  920.78 6358.6211   5.0  1  1
37 37  948.00  948.00 6359.6744   6.0  1  1
37 37   16.62   16.62 6362.2518   5.0  1  1
38 38   81.00   81.00 6215.9383   5.0  1  1
38 38  179.18  179.18 6220.0112   6.0  1  1
38 38  210.92  210.92 6221.3192   6.0  1  1
38 38  288.86  288.86 6224.5272   6.0  1  1
38 38  333.70  333.70 6226.3697   5.0  1  1
38 38  495.42  495.42 6232.9745   5.0  1  1
38 38  525.20  525.20 6234.1962   5.0  1  1
38 38  541.78  541.78 6234.8554   5.0  1  1
38 38  661.76  661.76 6239.7121   5.0  1  1
38 38  692.66  692.66 6240.9536   6.0  1  1
38 38  746.46  746.46 6243.1201   5.0  1  1
38 38  794.66  794.66 6245.0409   5.0  1  1
38 38  808.72  808.72 6245.6182   5.0  1  1
38 38  822.72  822.72 6246.1736   5.0  1  1
38 38  878.98  878.98 6248.4055   5.0  1  1
38 38  931.00  931.00 6250.4858   6.0  1  1
38 38  106.26  106.26 6257.4237   5.0  1  1
38 38  136.42  136.42 6258.6068   6.0  1  1
38 38  208.16  208.16 6261.4181   5.0  1  1
38 38  292.92  292.92 6264.7139   5.0  1  1
38 38  316.42  316.42 6265.6036   5.0  1  0
38 38  330.14  330.14 6266.1737   5.0  1  1
38 38  382.26  382.26 6268.2001   5.0  1  1
38 38  468.86  468.86 6271.5444   6.0  1  1
38 38  535.80  535.80 6274.1166   6.0  1  1
38 38  589.34  589.34 6276.1646   6.0  1  1
38 38  617.46  617.46 6277.2385   5.0  1  1
38 38  667.90  667.90 6279.166   6.0  1  1
38 38  829.08  829.08 6285.278   5.0  1  1
38 38  849.06  849.06 6286.0453   5.0  1  1
38 38  881.26  881.26 6287.2554   6.0  1  1
38 38  941.30  941.30 6289.4882   6.0  1  1
38 38  986.74  986.74 6291.1915   6.0  1  1
38 38   32.34   32.34 6292.8909   5.0  1  1
38 38   41.58   41.58 6293.2424   6.0  1  1
39 39   10.46   10.46 6145.4411   5.0  1  1
39 39  138.06  138.06 6150.683   6.0  1  1
39 39  170.08  170.08 6151.9929   6.0  1  1
39 39  221.02  221.02 6154.0682   5.0  1  1
39 39  231.94  231.94 6154.5162   5.0  1  1
39 39  249.82  249.82 6155.2385   5.0  1  1
39 39  257.92  257.92 6155.581   6.0  1  1
39 39  295.10  295.10 6157.0878   5.0  1  1
39 39  400.36  400.36 6161.3534   5.0  1  1
39 39  420.42  420.42 6162.17   5.0  1  1
39 39  440.00  440.00 6162.9699   5.0  1  1
39 39  477.78  477.78 6164.4796   6.0  1  1
39 39  494.04  494.04 6165.1232   5.0  1  1
39 39  610.78  610.78 6169.8221   6.0  1  1
39 39  619.40  619.40 6170.174   5.0  1  1
39 39  672.48  672.48 6172.2778   5.0  1  1
39 39  692.94  692.94 6173.0964   5.0  1  1
39 39  827.50  827.50 6178.4315   5.0  1  1
39 39  885.20  885.20 6180.705   5.0  1  1
39 39  933.54  933.54 6182.6217   5.0  1  1
39 39   49.06   49.06 6187.135   5.0  1  1
39 39   74.28   74.28 6188.1251   5.0  1  1
39 39  100.54  100.54 6189.1449   6.0  1  1
39 39  171.64  171.64 6191.9053   5.0  1  1
39 39  221.98  221.98 6193.8563   5.0  1  1
39 39  335.06  335.06 6198.2227   5.0  1  1
39 39  392.74  392.74 6200.4325   5.0  1  1
39 39  410.14  410.14 6201.1002   5.0  1  1
39 39  472.68  472.68 6203.4925   6.0  1  1
39 39  535.20  535.20 6205.8599   5.0  1  1
39 39  570.86  570.86 6207.2201   5.0  1  1
39 39  584.84  584.84 6207.7504   6.0  1  1
39 39  609.60  609.60 6208.6869   5.0  1  1
39 39  802.62  802.62 6215.9383   5.0  1  1
39 39  912.04  912.04 6220.0112   6.0  1  1
39 39  947.18  947.18 6221.3192   5.0  1  1
39 39   34.04   34.04 6224.5272   5.0  1  1
40 40    8.04    8.04 6079.2227   6.0  1  1
40 40   58.52   58.52 6081.2433   5.0  1  0
40 40  159.34  159.34 6085.3748   5.0  1  1
40 40  172.00  172.00 6085.8797   5.0  1  1
40 40  206.48  206.48 6087.2622   6.0  1  1
40 40  225.00  225.00 6088.0305   5.0  1  1
40 40  476.66  476.66 6098.1205   5.0  1  1
40 40  493.98  493.98 6098.8031   5.0  1  1
40 40  523.74  523.74 6099.9886   5.0  1  1
40 40  567.56  567.56 6101.7251   5.0  1  1
40 40  666.32  666.32 6105.6351   5.0  1  1
40 40  714.56  714.56 6107.5337   6.0  1  1
40 40  849.62  849.62 6112.8375   5.0  1  1
40 40  865.80  865.80 6113.4657   5.0  1  1
40 40  893.84  893.84 6114.5392   5.0  1  1
40 40  903.38  903.38 6114.9234   5.0  1  1
40 40  935.06  935.06 6116.1661   5.0  1  1
40 40   26.16   26.16 6119.6998   6.0  1  1
40 40   48.24   48.24 6120.5564   6.0  1  1
40 40   70.62   70.62 6121.4075   5.0  1  1
40 40   91.50   91.50 6122.2144   6.0  1  1
40 40  121.26  121.26 6123.3619   5.0  1  1
40 40  133.48  133.48 6123.8331   5.0  1  1
40 40  150.34  150.34 6124.4805   6.0  1  1
40 40  182.96  182.96 6125.7396   5.0  1  1
40 40  227.00  227.00 6127.416   5.0  1  1
40 40  282.48  282.48 6129.5458   5.0  1  1
40 40  394.86  394.86 6133.8143   5.0  1  1
40 40  504.44  504.44 6137.926   6.0  1  1
40 40  522.98  522.98 6138.6465   5.0  1  1
40 40  686.30  686.30 6144.7581   5.0  1  1
40 40  704.72  704.72 6145.4411   5.0  1  1
40 40  846.14  846.14 6150.683   6.0  1  1
40 40  881.72  881.72 6151.9929   6.0  1  1
40 40  938.34  938.34 6154.0682   6.0  1  1
40 40  950.48  950.48 6154.5162   5.0  1  1
40 40  979.38  979.38 6155.581   6.0  1  1
40 40   20.80   20.80 6157.0878   6.0  1  1
41 41   30.64   30.64 6015.4218   5.0  1  1
41 41   53.76   53.76 6016.3589   5.0  1  1
41 41  119.26  119.26 6018.9934   5.0  1  1
41 41  151.42  151.42 6020.2715   5.0  1  1
41 41  170.28  170.28 6021.0357   5.0  1  1
41 41  224.86  224.86 6023.2242   5.0  1  1
41 41  273.30  273.30 6025.15   5.0  1  1
41 41  295.54  295.54 6026.0448   5.0  1  1
41 41  351.42  351.42 6028.2713   5.0  1  1
41 41  375.86  375.86 6029.2257   5.0  1  1
41 41  386.32  386.32 6029.65   5.0  1  1
41 41  406.80  406.80 6030.445   6.0  1  1
41 41  449.32  449.32 6032.1274   5.0  1  1
41 41  467.98  467.98 6032.8726   6.0  1  1
41 41  527.12  527.12 6035.1923   6.0  1  1
41 41  567.30  567.30 6036.7622   5.0  1  1
41 41  590.72  590.72 6037.6975   6.0  1  1
41 41  615.92  615.92 6038.6805   5.0  1  1
41 41  715.94  715.94 6042.5898   5.0  1  1
41 41  732.34  732.34 6043.2233   5.0  1  1
41 41  763.72  763.72 6044.4327   6.0  1  1
41 41  827.18  827.18 6046.8977   5.0  1  1
41 41  882.94  882.94 6049.051   6.0  1  1
41 41  932.98  932.98 6050.9818   5.0  1  1
41 41  978.18  978.18 6052.7229   5.0  1  1
41 41  995.38  995.38 6053.3808   5.0  1  1
41 41   53.06   53.06 6055.5937   5.0  1  1
41 41  121.04  121.04 6058.1813   5.0  1  1
41 41  152.36  152.36 6059.3725   5.0  1  1
41 41  209.56  209.56 6061.5361   6.0  1  1
41 41  294.34  294.34 6064.7508   5.0  1  1
41 41  321.74  321.74 6065.7799   6.0  1  1
41 41  355.70  355.70 6067.0803   5.0  1  1
41 41  407.98  407.98 6069.0207   6.0  1  1
41 41  443.44  443.44 6070.3412   5.0  1  1
41 41  517.42  517.42 6073.1036   6.0  1  1
41 41  625.44  625.44 6077.1057   5.0  1  1
41 41  646.00  646.00 6077.8728   5.0  1  1
41 41  660.86  660.86 6078.4212   5.0  1  1
41 41  682.56  682.56 6079.2227   6.0  1  1
41 41  737.60  737.60 6081.2433   5.0  1  1
41 41  850.36  850.36 6085.3748   5.0  1  1
41 41  865.28  865.28 6085.8797   5.0  1  0
41 41  902.32  902.32 6087.2622   6.0  1  1
41 41  923.24  923.24 6088.0305   5.0  1  1
41 41  990.36  990.36 6090.4482   5.0  1  1
42 42   94.48   94.48 5954.5852   5.0  1  1
42 42  118.48  118.48 5955.5616   5.0  1  1
42 42  135.86  135.86 5956.2588   6.0  1  1
42 42  222.42  222.42 5959.6738   6.0  1  1
42 42  250.22  250.22 5960.7806   5.0  1  1
42 42  344.02  344.02 5964.4723   5.0  1  1
42 42  442.24  442.24 5968.3199   5.0  1  1
42 42  478.44  478.44 5969.7373   6.0  1  1
42 42  526.40  526.40 5971.6008   5.0  1  1
42 42  547.98  547.98 5972.4351   5.0  1  1
42 42  579.50  579.50 5973.6649   6.0  1  1
42 42  615.62  615.62 5975.0648   5.0  1  1
42 42  644.68  644.68 5976.2005   5.0  1  1
42 42  797.32  797.32 5982.096   5.0  1  1
42 42  906.92  906.92 5986.2665   5.0  1  1
42 42  934.32  934.32 5987.3016   5.0  1  1
42 42  980.14  980.14 5989.0447   5.0  1  1
42 42   31.86   31.86 5991.0071   5.0  1  1
42 42   97.90   97.90 5993.4941   5.0  1  1
42 42  114.32  114.32 5994.1287   6.0  1  1
42 42  180.94  180.94 5996.6297   5.0  1  1
42 42  244.08  244.08 5998.9987   5.0  1  1
42 42  302.94  302.94 6001.2033   5.0  1  1
42 42  317.22  317.22 6001.7339   5.0  1  1
42 42  409.82  409.82 6005.165   5.0  1  1
42 42  425.02  425.02 6005.7242   5.0  1  1
42 42  461.20  461.20 6007.0722   6.0  1  1
42 42  544.94  544.94 6010.1606   6.0  1  1
42 42  582.26  582.26 6011.5337   5.0  1  1
42 42  640.86  640.86 6013.6777   5.0  1  1
42 42  688.38  688.38 6015.4218   6.0  1  1
42 42  843.46  843.46 6021.0357   6.0  1  1
42 42  904.04  904.04 6023.2242   6.0  1  1
42 42  957.48  957.48 6025.15   5.0  1  1
42 42  982.46  982.46 6026.0448   5.0  1  1
43 43   28.56   28.56 5889.9531   6.0  1  1
43 43   66.60   66.60 5891.451   5.0  1  1
43 43  149.28  149.28 5894.6979   6.0  1  1
43 43  163.96  163.96 5895.2818   6.0  1  1
43 43  191.96  191.96 5896.3631   5.0  1  1
43 43  280.84  280.84 5899.8441   6.0  1  1
43 43  351.38  351.38 5902.6021   6.0  1  1
43 43  391.44  391.44 5904.1592   5.0  1  1
43 43  417.64  417.64 5905.1763   5.0  1  1
43 43  428.12  428.12 5905.5707   5.0  1  1
43 43  575.22  575.22 5911.2296   5.0  1  1
43 43  597.30  597.30 5912.0853   5.0  1  1
43 43  629.80  629.80 5913.3638   5.0  1  1
43 43  664.88  664.88 5914.6709   5.0  1  1
43 43  717.52  717.52 5916.7282   5.0  1  0
43 43  776.90  776.90 5918.9442   6.0  1  1
43 43  947.70  947.70 5925.4036   5.0  1  1
43 43  993.38  993.38 5927.1258   5.0  1  1
43 43   38.42   38.42 5928.813   5.0  1  1
43 43   68.14   68.14 5929.9343   6.0  1  1
43 43  134.96  134.96 5932.4274   5.0  1  1
43 43  241.64  241.64 5936.3861   5.0  1  1
43 43  262.78  262.78 5937.1619   5.0  1  1
43 43  276.14  276.14 5937.6634   6.0  1  1
43 43  297.68  297.68 5938.457   5.0  1  1
43 43  307.68  307.68 5938.8252   6.0  1  1
43 43  403.60  403.60 5942.3585   5.0  1  1
43 43  434.22  434.22 5943.4653   5.0  1  1
43 43  466.00  466.00 5944.6472   6.0  1  1
43 43  510.80  510.80 5946.2347   5.0  1  0
43 43  579.92  579.92 5948.7991   6.0  1  1
43 43  740.68  740.68 5954.5852   5.0  1  1
43 43  767.34  767.34 5955.5616   6.0  1  1
43 43  786.78  786.78 5956.2588   5.0  1  1
43 43  883.00  883.00 5959.6738   6.0  1  0
43 43  913.54  913.54 5960.7806   5.0  1  1
44 44   26.52   26.52 5829.1097   5.0  1  1
44 44   45.50   45.50 5829.8625   5.0  1  1
44 44   70.44   70.44 5830.8272   6.0  1  1
44 44  110.14  110.14 5832.3705   5.0  1  1
44 44  158.72  158.72 5834.2633   5.0  1  1
44 44  279.90  279.90 5838.9502   6.0  1  1
44 44  302.88  302.88 5839.8514   5.0  1  1
44 44  323.64  323.64 5840.6404   5.0  1  1
44 44  360.20  360.20 5842.05   5.0  1  1
44 44  405.92  405.92 5843.8069   5.0  1  1
44 44  431.42  431.42 5844.7909   5.0  1  1
44 44  461.20  461.20 5845.9188   5.0  1  1
44 44  638.50  638.50 5852.6806   5.0  1  1
44 44  659.72  659.72 5853.4745   5.0  1  1
44 44  676.68  676.68 5854.1207   6.0  1  1
44 44  712.90  712.90 5855.4986   5.0  1  1
44 44  765.22  765.22 5857.4491   5.0  1  1
44 44  798.90  798.90 5858.7544   6.0  1  0
44 44  841.38  841.38 5860.3103   5.0  1  1
44 44  932.48  932.48 5863.7184   6.0  1  1
44 44   15.62   15.62 5866.8119   6.0  1  1
44 44   57.66   57.66 5868.3745   5.0  1  1
44 44   97.62   97.62 5869.8507   5.0  1  1
44 44  116.32  116.32 5870.5526   5.0  1  1
44 44  133.54  133.54 5871.1828   6.0  1  1
44 44  172.10  172.10 5872.6028   6.0  1  1
44 44  211.18  211.18 5874.0383   5.0  1  1
44 44  236.94  236.94 5874.9865   5.0  1  1
44 44  349.32  349.32 5879.1265   5.0  1  0
44 44  446.82  446.82 5882.6242   5.0  1  1
44 44  531.84  531.84 5885.7016   5.0  1  1
44 44  554.62  554.62 5886.5314   6.0  1  1
44 44  612.08  612.08 5888.5841   5.0  1  1
44 44  650.06  650.06 5889.9531   6.0  1  1
44 44  691.96  691.96 5891.451   6.0  1  1
44 44  783.20  783.20 5894.6979   6.0  1  1
44 44  799.66  799.66 5895.2818   5.0  1  1
44 44  830.16  830.16 5896.3631   5.0  1  1
44 44  928.92  928.92 5899.8441   6.0  1  1
44 44    7.08    7.08 5902.6021   5.0  1  1
45 45   92.08   92.08 5772.1143   5.0  1  1
45 45  139.42  139.42 5773.9463   6.0  1  1
45 45  229.22  229.22 5777.4006   6.0  1  1
45 45  292.82  292.82 5779.8352   5.0  1  1
45 45  340.12  340.12 5781.6587   6.0  1  1
45 45  357.46  357.46 5782.314   6.0  1  1
45 45  551.58  551.58 5789.6451   5.0  1  1
45 45  625.64  625.64 5792.4304   6.0  1  1
45 45  722.80  722.80 5796.0683   6.0  1  1
45 45  756.32  756.32 5797.3194   5.0  1  1
45 45  787.42  787.42 5798.478   5.0  1  1
45 45  850.78  850.78 5800.8297   6.0  1  1
45 45  884.70  884.70 5802.0798   5.0  1  1
45 45  940.10  940.10 5804.1412   6.0  1  1
45 45  982.62  982.62 5805.7017   5.0  1  1
45 45   36.18   36.18 5807.6814   6.0  1  1
45 45   62.84   62.84 5808.6569   5.0  1  1
45 45  180.92  180.92 5812.9725   5.0  1  1
45 45  248.60  248.60 5815.4219   5.0  1  1
45 45  332.18  332.18 5818.4495   6.0  1  1
45 45  364.22  364.22 5819.6027   5.0  1  1
45 45  452.94  452.94 5822.7933   5.0  1  1
45 45  551.06  551.06 5826.2722   5.0  1  1
45 45  629.92  629.92 5829.1097   5.0  1  1
45 45  678.70  678.70 5830.8272   6.0  1  1
45 45  722.12  722.12 5832.3705   6.0  1  1
45 45  776.08  776.08 5834.2633   5.0  1  1
45 45  910.00  910.00 5838.9502   6.0  1  1
45 45  958.10  958.10 5840.6404   6.0  1  1
46 46  143.04  143.04 5715.7244   5.0  1  1
46 46  180.92  180.92 5717.1711   6.0  1  1
46 46  245.64  245.64 5719.6227   5.0  1  1
46 46  260.04  260.04 5720.1828   5.0  1  1
46 46  373.24  373.24 5724.4638   5.0  1  1
46 46  398.16  398.16 5725.3885   6.0  1  1
46 46  460.20  460.20 5727.7103   5.0  1  1
46 46  520.76  520.76 5729.9823   6.0  1  1
46 46  602.22  602.22 5732.9751   6.0  1  0
46 46  683.44  683.44 5736.0297   5.0  1  1
46 46  777.88  777.88 5739.5196   5.0  1  1
46 46  822.88  822.88 5741.1705   5.0  1  1
46 46  840.62  840.62 5741.829   5.0  1  1
46 46  987.98  987.98 5747.1931   5.0  1  0
46 46   29.64   29.64 5748.7412   6.0  1  1
46 46   47.64   47.64 5749.3883   5.0  1  1
46 46   58.50   58.50 5749.7862   6.0  1  1
46 46  148.00  148.00 5753.0265   5.0  1  1
46 46  357.22  357.22 5760.5508   6.0  1  1
46 46  420.68  420.68 5762.7941   5.0  1  1
46 46  441.28  441.28 5763.529   6.0  1  1
46 46  561.26  561.26 5767.7785   6.0  1  1
46 46  572.62  572.62 5768.1812   6.0  1  1
46 46  684.98  684.98 5772.1143   5.0  1  1
46 46  737.20  737.20 5773.9463   6.0  1  1
46 46  836.38  836.38 5777.4006   6.0  1  1
46 46  906.40  906.40 5779.8352   5.0  1  1
46 46  959.14  959.14 5781.6587   6.0  1  1
46 46  978.32  978.32 5782.314   6.0  1  1
47 47   24.12   24.12 5654.0234   6.0  1  1
47 47   36.14   36.14 5654.5185   5.0  1  0
47 47  126.76  126.76 5657.9255   5.0  1  1
47 47  158.92  158.92 5659.1272   5.0  1  1
47 47  200.08  200.08 5660.6594   5.0  1  1
47 47  262.82  262.82 5663.042   6.0  1  1
47 47  305.04  305.04 5664.621   6.0  1  1
47 47  319.88  319.88 5665.1799   6.0  1  1
47 47  332.02  332.02 5665.6283   6.0  1  1
47 47  353.32  353.32 5666.4185   5.0  1  1
47 47  372.20  372.20 5667.1281   6.0  1  1
47 47  553.12  553.12 5673.8358   5.0  1  1
47 47  584.20  584.20 5674.9864   5.0  1  1
47 47  640.18  640.18 5677.0529   5.0  1  1
47 47  693.38  693.38 5679.005   6.0  1  1
47 47  772.80  772.80 5681.9001   5.0  1  1
47 47  862.92  862.92 5685.1921   6.0  1  1
47 47  922.52  922.52 5687.3489   5.0  1  1
47 47   41.92   41.92 5691.6612   5.0  1  1
47 47  174.00  174.00 5696.3904   6.0  1  1
47 47  227.26  227.26 5698.2937   6.0  1  1
47 47  300.68  300.68 5700.9176   5.0  1  1
47 47  350.00  350.00 5702.6511   5.0  1  1
47 47  434.86  434.86 5705.6371   5.0  1  1
47 47  476.52  476.52 5707.1033   6.0  1  1
47 47  521.44  521.44 5708.6794   5.0  1  1
47 47  724.50  724.50 5715.7244   6.0  1  1
47 47  766.76  766.76 5717.1711   6.0  1  0
47 47  837.12  837.12 5719.6227   6.0  1  1
47 47  853.74  853.74 5720.1828   6.0  1  1
47 47  978.26  978.26 5724.4638   5.0  1  1
47 47    6.00    6.00 5725.3885   5.0  1  1
48 48    9.72    9.72 5597.4756   5.0  1  1
48 48   37.06   37.06 5598.4794   5.0  1  1
48 48   67.80   67.80 5599.6548   6.0  1  1
48 48  107.14  107.14 5601.1216   5.0  1  1
48 48  119.76  119.76 5601.6032   6.0  1  1
48 48  153.18  153.18 5602.863   5.0  1  1
48 48  197.78  197.78 5604.5154   6.0  1  1
48 48  248.10  248.10 5606.3861   5.0  1  1
48 48  257.46  257.46 5606.733   5.0  1  1
48 48  334.16  334.16 5609.5735   5.0  1  1
48 48  364.04  364.04 5610.6809   6.0  1  1
48 48  401.62  401.62 5612.0679   5.0  1  1
48 48  416.32  416.32 5612.6174   6.0  1  1
48 48  489.98  489.98 5615.3195   6.0  1  1
48 48  527.14  527.14 5616.6908   5.0  1  1
48 48  617.42  617.42 5619.9755   6.0  1  1
48 48  753.12  753.12 5624.9129   5.0  1  1
48 48  774.50  774.50 5625.6782   5.0  1  1
48 48  902.88  902.88 5630.2969   5.0  1  1
48 48  986.38  986.38 5633.295   6.0  1  1
48 48   59.00   59.00 5635.8792   5.0  1  1
48 48  168.00  168.00 5639.7461   6.0  1  1
48 48  223.12  223.12 5641.7342   5.0  1  0
48 48  334.08  334.08 5645.5249   5.0  1  0
48 48  358.40  358.40 5646.4514   5.0  1  1
48 48  395.56  395.56 5647.7069   5.0  1  0
48 48  431.14  431.14 5648.991   5.0  1  1
48 48  480.48  480.48 5650.7043   5.0  1  1
48 48  576.32  576.32 5654.0234   5.0  1  1
48 48  590.00  590.00 5654.5185   5.0  1  1
48 48  689.66  689.66 5657.9255   6.0  1  1
48 48  725.06  725.06 5659.1272   5.0  1  1
48 48  839.76  839.76 5663.042   6.0  1  1
48 48  886.18  886.18 5664.621   6.0  1  1
48 48  902.56  902.56 5665.1799   5.0  1  1
48 48  915.74  915.74 5665.6283   5.0  1  1
48 48  960.10  960.10 5667.1281   5.0  1  1
49 49   18.54   18.54 5542.89   5.0  1  1
49 49   76.06   76.06 5545.0495   5.0  1  1
49 49  105.54  105.54 5546.1204   5.0  1  1
49 49  132.98  132.98 5547.1339   5.0  1  1
49 49  161.08  161.08 5548.1758   6.0  1  1
49 49  247.34  247.34 5551.3719   5.0  1  1
49 49  281.80  281.80 5552.6229   6.0  1  1
49 49  360.84  360.84 5555.5312   6.0  1  1
49 49  378.42  378.42 5556.1487   5.0  1  1
49 49  402.58  402.58 5557.0454   5.0  1  1
49 49  438.12  438.12 5558.3422   6.0  1  1
49 49  448.06  448.06 5558.702   5.0  1  1
49 49  480.44  480.44 5559.8912   5.0  1  1
49 49  599.76  599.76 5564.2011   5.0  1  1
49 49  705.02  705.02 5567.9986   6.0  1  1
49 49  794.28  794.28 5571.1913   5.0  1  1
49 49  818.86  818.86 5572.0951   5.0  1  1
49 49  830.48  830.48 5572.4649   5.0  1  0
49 49  854.48  854.48 5573.3535   5.0  1  1
49 49  934.98  934.98 5576.2045   5.0  1  1
49 49  976.76  976.76 5577.6845   5.0  1  1
49 49   23.92   23.92 5579.3583   5.0  1  1
49 49   44.36   44.36 5580.0771   5.0  1  1
49 49   63.62   63.62 5580.7547   5.0  1  1
49 49   95.78   95.78 5581.9668   6.0  1  0
49 49  123.04  123.04 5582.8665   5.0  1  1
49 49  148.94  148.94 5583.7621   6.0  1  1
49 49  242.20  242.20 5587.0263   6.0  1  1
49 49  291.84  291.84 5588.7506   6.0  1  1
49 49  332.74  332.74 5590.1127   6.0  1  0
49 49  432.20  432.20 5593.6129   6.0  1  1
49 49  457.26  457.26 5594.4604   5.0  1  1
49 49  474.42  474.42 5595.0635   5.0  1  1
49 49  544.62  544.62 5597.4756   5.0  1  1
49 49  575.08  575.08 5598.4794   5.0  1  0
49 49  608.46  608.46 5599.6548   6.0  1  1
49 49  651.76  651.76 5601.1216   5.0  1  1
49 49  665.44  665.44 5601.6032   6.0  1  1
49 49  702.40  702.40 5602.863   5.0  1  1
49 49  751.28  751.28 5604.5154   6.0  1  1
49 49  806.88  806.88 5606.3861   5.0  1  1
49 49  817.08  817.08 5606.733   5.0  1  1
49 49  901.58  901.58 5609.5735   6.0  1  1
49 49  934.56  934.56 5610.6809   5.0  1  1
49 49  976.02  976.02 5612.0679   5.0  1  1
49 49  992.42  992.42 5612.6174   5.0  1  1
50 50    7.70    7.70 5488.6287   5.0  1  1
50 50   16.72   16.72 5488.9254   5.0  1  0
50 50   47.88   47.88 5490.1194   5.0  1  1
50 50  116.50  116.50 5492.6435   5.0  1  1
50 50  131.76  131.76 5493.204   6.0  1  1
50 50  162.52  162.52 5494.3306   5.0  1  1
50 50  204.92  204.92 5495.8738   5.0  1  1
50 50  211.46  211.46 5496.137   5.0  1  1
50 50  268.20  268.20 5498.1841   5.0  1  1
50 50  297.64  297.64 5499.2554   6.0  1  1
50 50  308.80  308.80 5499.6478   5.0  1  1
50 50  353.42  353.42 5501.2814   6.0  1  1
50 50  371.56  371.56 5501.9439   6.0  1  1
50 50  437.10  437.10 5504.3018   5.0  1  1
50 50  487.18  487.18 5506.1128   5.0  1  1
50 50  509.68  509.68 5506.9196   5.0  1  1
50 50  526.90  526.90 5507.5385   5.0  1  1
50 50  555.36  555.36 5508.5585   5.0  1  1
50 50  595.40  595.40 5509.9938   6.0  1  1
50 50  732.14  732.14 5514.8731   6.0  1  1
50 50  848.44  848.44 5518.9893   5.0  1  1
50 50  855.60  855.60 5519.2353   5.0  1  1
50 50  926.96  926.96 5521.7532   6.0  1  1
50 50    7.78    7.78 5524.5824   5.0  1  1
50 50   18.30   18.30 5524.957   5.0  1  1
50 50   85.26   85.26 5527.2953   6.0  1  1
50 50  112.10  112.10 5528.2272   5.0  1  1
50 50  136.30  136.30 5529.0972   5.0  1  1
50 50  165.08  165.08 5530.0763   5.0  1  1
50 50  183.08  183.08 5530.6977   5.0  1  1
50 50  336.06  336.06 5535.971   5.0  1  1
50 50  382.26  382.26 5537.5563   5.0  1  1
50 50  412.50  412.50 5538.6087   5.0  1  1
50 50  432.00  432.00 5539.2618   6.0  1  1
50 50  450.80  450.80 5539.9106   6.0  1  1
50 50  487.10  487.10 5541.1466   5.0  1  1
50 50  499.96  499.96 5541.5815   6.0  1  1
50 50  510.36  510.36 5541.9357   5.0  1  1
50 50  538.40  538.40 5542.89   5.0  1  1
50 50  602.68  602.68 5545.0495   5.0  1  1
50 50  662.80  662.80 5547.1339   5.0  1  0
50 50  694.74  694.74 5548.1758   5.0  1  1
50 50  789.82  789.82 5551.3719   5.0  1  1
50 50  827.74  827.74 5552.6229   6.0  1  1
50 50  915.10  915.10 5555.5312   6.0  1  1
50 50  960.88  960.88 5557.0454   6.0  1  1
50 50  986.66  986.66 5557.9214   5.0  1  1
50 50    0.18    0.18 5558.3422   6.0  1  1
50 50   10.94   10.94 5558.702   5.0  1  1
51 51    9.08    9.08 5435.8925   5.0  1  1
51 51   50.80   50.80 5437.3877   5.0  1  1
51 51   71.16   71.16 5438.1374   6.0  1  1
51 51  121.76  121.76 5439.9891   5.0  1  1
51 51  138.82  138.82 5440.6015   6.0  1  1
51 51  154.82  154.82 5441.2145   5.0  1  0
51 51  184.62  184.62 5442.2477   5.0  1  1
51 51  209.30  209.30 5443.1187   5.0  1  0
51 51  224.00  224.00 5443.6893   5.0  1  1
51 51  320.18  320.18 5447.1536   6.0  1  1
51 51  385.06  385.06 5449.4788   5.0  1  1
51 51  445.70  445.70 5451.652   5.0  1  1
51 51  461.62  461.62 5452.2187   6.0  1  1
51 51  544.04  544.04 5455.1524   6.0  1  1
51 51  651.92  651.92 5458.9676   5.0  1  1
51 51  730.02  730.02 5461.7358   6.0  1  1
51 51  754.98  754.98 5462.6129   5.0  1  1
51 51  800.52  800.52 5464.2055   6.0  1  1
51 51  885.04  885.04 5467.1704   5.0  1  1
51 51  988.38  988.38 5470.7591   5.0  1  1
51 51  229.46  229.46 5479.0751   6.0  1  1
51 51  378.40  378.40 5484.1467   6.0  1  1
51 51  511.20  511.20 5488.6287   5.0  1  1
51 51  555.08  555.08 5490.1194   5.0  1  1
51 51  630.50  630.50 5492.6435   5.0  1  1
51 51  647.20  647.20 5493.204   6.0  1  1
51 51  680.74  680.74 5494.3306   6.0  1  1
51 51  727.40  727.40 5495.8738   5.0  1  1
51 51  734.76  734.76 5496.137   5.0  1  1
51 51  797.04  797.04 5498.1841   5.0  1  1
51 51  829.40  829.40 5499.2554   6.0  1  1
51 51  841.22  841.22 5499.6478   5.0  1  1
51 51  890.80  890.80 5501.2814   5.0  1  1
51 51  911.18  911.18 5501.9439   6.0  1  1
51 51  982.74  982.74 5504.3018   5.0  1  1
51 51   38.22   38.22 5506.1128   5.0  1  1
52 52    8.24    8.24 5384.0356   5.0  1  1
52 52   79.54   79.54 5386.6107   6.0  1  1
52 52  119.18  119.18 5388.0507   5.0  1  1
52 52  245.46  245.46 5392.5726   6.0  1  1
52 52  274.34  274.34 5393.5995   5.0  1  1
52 52  284.52  284.52 5393.9719   5.0  1  1
52 52  306.80  306.80 5394.7608   5.0  1  1
52 52  384.36  384.36 5397.516   5.0  1  1
52 52  418.06  418.06 5398.7015   5.0  1  1
52 52  431.06  431.06 5399.1745   5.0  1  1
52 52  458.58  458.58 5400.1455   6.0  1  1
52 52  528.28  528.28 5402.6048   5.0  1  1
52 52  545.02  545.02 5403.1993   5.0  1  1
52 52  646.22  646.22 5406.7553   5.0  1  1
52 52  671.88  671.88 5407.6535   6.0  1  1
52 52  761.30  761.30 5410.7687   5.0  1  1
52 52  898.00  898.00 5415.5226   5.0  1  1
52 52  955.20  955.20 5417.4858   6.0  1  1
52 52    2.76    2.76 5419.1285   6.0  1  1
52 52   67.86   67.86 5421.3517   5.0  1  1
52 52   81.42   81.42 5421.8359   5.0  1  1
52 52  145.62  145.62 5424.0079   6.0  1  1
52 52  194.56  194.56 5425.6783   6.0  1  1
52 52  216.16  216.16 5426.4075   5.0  1  1
52 52  295.72  295.72 5429.1048   5.0  1  1
52 52  355.26  355.26 5431.112   6.0  1  1
52 52  445.84  445.84 5434.1514   6.0  1  1
52 52  474.82  474.82 5435.1229   5.0  1  1
52 52  497.42  497.42 5435.8925   5.0  1  1
52 52  542.42  542.42 5437.3877   6.0  1  1
52 52  565.52  565.52 5438.1374   5.0  1  1
52 52  620.80  620.80 5439.9891   5.0  1  1
52 52  639.50  639.50 5440.6015   5.0  1  1
52 52  656.84  656.84 5441.2145   5.0  1  0
52 52  716.90  716.90 5443.1187   5.0  1  0
52 52  733.14  733.14 5443.6893   5.0  1  1
52 52  838.64  838.64 5447.1536   6.0  1  1
52 52  909.68  909.68 5449.4788   6.0  1  1
52 52  976.66  976.66 5451.652   5.0  1  1
52 52  994.12  994.12 5452.2187   6.0  1  1
53 53  114.72  114.72 5337.0154   5.0  1  1
53 53  212.64  212.64 5340.4982   5.0  1  1
53 53  299.84  299.84 5343.5812   6.0  1  1
53 53  349.22  349.22 5345.3117   6.0  1  1
53 53  379.14  379.14 5346.3778   5.0  1  1
53 53  424.42  424.42 5347.9714   5.0  1  1
53 53  453.70  453.70 5349.0054   6.0  1  1
53 53  514.46  514.46 5351.1265   6.0  1  1
53 53  535.00  535.00 5351.8365   5.0  1  1
53 53  614.30  614.30 5354.6016   5.0  1  1
53 53  644.18  644.18 5355.6365   6.0  1  1
53 53  765.38  765.38 5359.8269   5.0  1  1
53 53  774.70  774.70 5360.1501   5.0  1  1
53 53  803.96  803.96 5361.1556   6.0  1  1
53 53  845.24  845.24 5362.5751   5.0  1  1
53 53  930.24  930.24 5365.4705   5.0  1  1
53 53   42.82   42.82 5369.2819   5.0  1  0
53 53   83.70   83.70 5370.7096   5.0  1  1
53 53  142.74  142.74 5372.7027   5.0  1  1
53 53  166.36  166.36 5373.4943   5.0  1  1
53 53  205.48  205.48 5374.8219   6.0  1  1
53 53  221.30  221.30 5375.3526   6.0  1  1
53 53  233.70  233.70 5375.7688   6.0  1  1
53 53  244.40  244.40 5376.1304   6.0  1  1
53 53  263.64  263.64 5376.7809   5.0  1  1
53 53  325.50  325.50 5378.8356   5.0  1  1
53 53  333.48  333.48 5379.1105   5.0  1  1
53 53  401.02  401.02 5381.3709   5.0  1  1
53 53  448.26  448.26 5382.9276   6.0  1  1
53 53  481.56  481.56 5384.0356   5.0  1  1
53 53  559.48  559.48 5386.6107   5.0  1  1
53 53  602.90  602.90 5388.0507   5.0  1  1
53 53  741.34  741.34 5392.5726   5.0  1  1
53 53  772.72  772.72 5393.5995   5.0  1  1
53 53  783.96  783.96 5393.9719   5.0  1  1
53 53  808.54  808.54 5394.7608   6.0  1  1
53 53  893.36  893.36 5397.516   5.0  1  1
53 53  930.70  930.70 5398.7015   5.0  1  1
53 53  944.94  944.94 5399.1745   5.0  1  1
53 53  958.70  958.70 5399.6218   6.0  1  1
53 53  975.02  975.02 5400.1455   6.0  1  1
54 54  108.72  108.72 5286.887   5.0  1  1
54 54  195.00  195.00 5289.8974   5.0  1  0
54 54  248.76  248.76 5291.8163   5.0  1  1
54 54  322.50  322.50 5294.3971   5.0  1  1
54 54  342.26  342.26 5295.0886   5.0  1  1
54 54  376.50  376.50 5296.2787   6.0  1  1
54 54  418.56  418.56 5297.7431   5.0  1  1
54 54  433.86  433.86 5298.2824   6.0  1  1
54 54  498.54  498.54 5300.5234   6.0  1  1
54 54  523.78  523.78 5301.4043   6.0  1  1
54 54  583.84  583.84 5303.4834   6.0  1  1
54 54  686.28  686.28 5306.9864   6.0  1  1
54 54  699.84  699.84 5307.4655   6.0  1  1
54 54  762.34  762.34 5309.6093   5.0  1  1
54 54  781.84  781.84 5310.2665   6.0  1  1
54 54  832.94  832.94 5312.0018   6.0  1  1
54 54  848.28  848.28 5312.5288   5.0  1  1
54 54  859.30  859.30 5312.9045   5.0  1  1
54 54  927.58  927.58 5315.2278   5.0  1  1
54 54  994.78  994.78 5317.4944   6.0  1  1
54 54   22.34   22.34 5318.4268   5.0  1  1
54 54   92.18   92.18 5320.7699   5.0  1  1
54 54  155.82  155.82 5322.8988   6.0  1  1
54 54  223.18  223.18 5325.1438   6.0  1  1
54 54  231.86  231.86 5325.4317   5.0  1  1
54 54  257.18  257.18 5326.2774   5.0  1  1
54 54  278.18  278.18 5326.9756   6.0  1  1
54 54  351.24  351.24 5329.3745   5.0  1  1
54 54  360.86  360.86 5329.6979   5.0  1  1
54 54  371.84  371.84 5330.0804   6.0  1  1
54 54  583.44  583.44 5337.0154   5.0  1  1
54 54  690.86  690.86 5340.4982   5.0  1  1
54 54  785.88  785.88 5343.5812   6.0  1  1
54 54  839.70  839.70 5345.3117   5.0  1  1
54 54  922.78  922.78 5347.9714   6.0  1  1
54 54  955.06  955.06 5349.0054   6.0  1  1
54 54  969.22  969.22 5349.4608   6.0  1  1
54 54   21.82   21.82 5351.1265   6.0  1  1
54 54   44.34   44.34 5351.8365   6.0  1  1
55 55  135.08  135.08 5238.8137   6.0  1  1
55 55  156.04  156.04 5239.552   5.0  1  1
55 55  174.54  174.54 5240.1968   5.0  1  1
55 55  389.50  389.50 5247.6547   6.0  1  1
55 55  483.00  483.00 5250.8727   5.0  1  1
55 55  557.92  557.92 5253.4441   5.0  1  1
55 55  702.06  702.06 5258.3602   6.0  1  1
55 55  753.54  753.54 5260.1041   5.0  1  1
55 55  793.96  793.96 5261.472   5.0  1  1
55 55  915.24  915.24 5265.5514   6.0  1  1
55 55  949.68  949.68 5266.7103   6.0  1  1
55 55   41.40   41.40 5269.7927   5.0  1  1
55 55   55.96   55.96 5270.266   6.0  1  1
55 55  136.46  136.46 5272.927   5.0  1  1
55 55  172.10  172.10 5274.1188   6.0  1  1
55 55  241.38  241.38 5276.4089   5.0  1  1
55 55  263.90  263.90 5277.146   6.0  1  1
55 55  274.68  274.68 5277.5002   5.0  1  1
55 55  361.90  361.90 5280.3441   5.0  1  1
55 55  383.56  383.56 5281.0687   6.0  1  1
55 55  400.48  400.48 5281.6285   5.0  1  1
55 55  562.40  562.40 5286.887   5.0  1  1
55 55  656.82  656.82 5289.8974   5.0  1  0
55 55  715.60  715.60 5291.8163   5.0  1  1
55 55  796.28  796.28 5294.3971   5.0  1  1
55 55  855.42  855.42 5296.2787   5.0  1  1
55 55  901.66  901.66 5297.7431   5.0  1  1
55 55  918.38  918.38 5298.2824   6.0  1  1
55 55  989.34  989.34 5300.5234   5.0  1  1
55 55   18.32   18.32 5301.4043   6.0  1  0
56 56   11.06   11.06 5186.4132   5.0  1  1
56 56   37.74   37.74 5187.3374   6.0  1  1
56 56   49.44   49.44 5187.7462   5.0  1  1
56 56  139.60  139.60 5190.872   6.0  1  1
56 56  225.46  225.46 5193.8256   5.0  1  1
56 56  243.24  243.24 5194.4576   6.0  1  1
56 56  282.60  282.60 5195.8136   6.0  1  1
56 56  324.20  324.20 5197.236   5.0  1  1
56 56  369.46  369.46 5198.7999   5.0  1  1
56 56  380.36  380.36 5199.1637   5.0  1  1
56 56  463.12  463.12 5202.0087   5.0  1  1
56 56  517.94  517.94 5203.8479   6.0  1  1
56 56  556.10  556.10 5205.1522   5.0  1  1
56 56  634.16  634.16 5207.8015   5.0  1  1
56 56  691.38  691.38 5209.7246   6.0  1  1
56 56  736.20  736.20 5211.2305   6.0  1  1
56 56  799.60  799.60 5213.3492   5.0  1  1
56 56  896.70  896.70 5216.5966   5.0  1  1
56 56  955.04  955.04 5218.5271   6.0  1  1
56 56  972.28  972.28 5219.1099   5.0  1  1
56 56   27.20   27.20 5220.9263   5.0  1  1
56 56   37.86   37.86 5221.271   5.0  1  1
56 56  249.40  249.40 5228.2246   6.0  1  1
56 56  272.78  272.78 5228.9951   5.0  1  1
56 56  339.66  339.66 5231.1597   6.0  1  1
56 56  403.32  403.32 5233.2254   6.0  1  1
56 56  431.02  431.02 5234.1069   5.0  1  1
56 56  577.08  577.08 5238.8137   5.0  1  1
56 56  599.78  599.78 5239.552   6.0  1  1
56 56  620.10  620.10 5240.1968   6.0  1  1
56 56  855.12  855.12 5247.6547   6.0  1  1
56 56  957.70  957.70 5250.8727   5.0  1  1
57 57   56.22   56.22 5140.7736   5.0  1  1
57 57   85.20   85.20 5141.7827   5.0  1  1
57 57  129.30  129.30 5143.2673   5.0  1  1
57 57  147.44  147.44 5143.9165   6.0  1  1
57 57  188.20  188.20 5145.3083   5.0  1  1
57 57  209.74  209.74 5146.0557   5.0  1  1
57 57  272.90  272.90 5148.2115   5.0  1  1
57 57  302.34  302.34 5149.2069   5.0  1  1
57 57  373.00  373.00 5151.612   5.0  1  1
57 57  450.88  450.88 5154.243   6.0  1  1
57 57  580.18  580.18 5158.6041   6.0  1  1
57 57  609.92  609.92 5159.6201   6.0  1  1
57 57  667.86  667.86 5161.5396   6.0  1  1
57 57  690.28  690.28 5162.2846   5.0  1  1
57 57  725.46  725.46 5163.4584   5.0  1  1
57 57  795.08  795.08 5165.7728   5.0  1  1
57 57  821.18  821.18 5166.6553   5.0  1  1
57 57  890.26  890.26 5168.9225   5.0  1  1
57 57  930.26  930.26 5170.2227   5.0  1  1
57 57   34.72   34.72 5173.6715   6.0  1  1
57 57   68.90   68.90 5174.7988   5.0  1  1
57 57   85.30   85.30 5175.3248   6.0  1  1
57 57  103.28  103.28 5175.9115   6.0  1  1
57 57  115.84  115.84 5176.4037   5.0  1  0
57 57  135.54  135.54 5176.961   6.0  1  1
57 57  154.98  154.98 5177.6228   5.0  1  1
57 57  181.38  181.38 5178.48   5.0  1  1
57 57  251.10  251.10 5180.7209   5.0  1  1
57 57  307.02  307.02 5182.5269   6.0  1  1
57 57  324.66  324.66 5183.0897   5.0  1  1
57 57  352.56  352.56 5183.9896   5.0  1  1
57 57  367.08  367.08 5184.4534   6.0  1  1
57 57  375.02  375.02 5184.7315   5.0  1  1
57 57  427.92  427.92 5186.4132   6.0  1  1
57 57  457.06  457.06 5187.3374   6.0  1  1
57 57  469.92  469.92 5187.7462   5.0  1  1
57 57  567.82  567.82 5190.872   5.0  1  1
57 57  661.44  661.44 5193.8256   5.0  1  1
57 57  681.22  681.22 5194.4576   6.0  1  1
57 57  724.14  724.14 5195.8136   6.0  1  1
57 57  769.48  769.48 5197.236   6.0  1  1
57 57  819.36  819.36 5198.7999   5.0  1  1
57 57  831.16  831.16 5199.1637   5.0  1  1
57 57  981.42  981.42 5203.8479   5.0  1  1
57 57   23.70   23.70 5205.1522   6.0  1  1
58 58   74.98   74.98 5095.0639   6.0  1  1
58 58  116.54  116.54 5096.4848   5.0  1  1
58 58  162.44  162.44 5098.0432   5.0  1  1
58 58  238.24  238.24 5100.6211   5.0  1  1
58 58  253.60  253.60 5101.1299   6.0  1  1
58 58  509.42  509.42 5109.7331   5.0  1  1
58 58  555.50  555.50 5111.2781   5.0  1  1
58 58  669.30  669.30 5115.0448   6.0  1  1
58 58  737.36  737.36 5117.2923   5.0  1  1
58 58  764.62  764.62 5118.2023   5.0  1  1
58 58  895.76  895.76 5122.4995   6.0  1  1
58 58  987.62  987.62 5125.4895   5.0  1  1
58 58    0.92    0.92 5125.9502   5.0  1  1
58 58   79.74   79.74 5128.4897   6.0  1  1
58 58  133.44  133.44 5130.2338   5.0  1  1
58 58  159.78  159.78 5131.072   5.0  1  1
58 58  223.14  223.14 5133.1051   6.0  1  1
58 58  274.12  274.12 5134.746   5.0  1  1
58 58  359.42  359.42 5137.4733   6.0  1  1
58 58  463.00  463.00 5140.7736   6.0  1  1
58 58  495.30  495.30 5141.7827   5.0  1  1
58 58  542.68  542.68 5143.2673   5.0  1  1
58 58  562.82  562.82 5143.9165   5.0  1  1
58 58  607.14  607.14 5145.3083   5.0  1  1
58 58  631.02  631.02 5146.0557   5.0  1  1
58 58  699.90  699.90 5148.2115   5.0  1  1
58 58  731.70  731.70 5149.2069   6.0  1  1
58 58  808.94  808.94 5151.612   5.0  1  1
58 58  894.16  894.16 5154.243   6.0  1  1
58 58   36.10   36.10 5158.6041   6.0  1  1
59 59   55.86   55.86 5048.9366   5.0  1  0
59 59   82.82   82.82 5049.796   5.0  1  1
59 59  111.86  111.86 5050.7842   5.0  1  1
59 59  144.68  144.68 5051.8887   5.0  1  1
59 59  247.16  247.16 5055.3473   5.0  1  1
59 59  326.30  326.30 5057.9866   5.0  1  1
59 59  382.52  382.52 5059.8611   6.0  1  1
59 59  436.32  436.32 5061.6562   6.0  1  1
59 59  448.06  448.06 5062.0371   5.0  1  1
59 59  475.04  475.04 5062.9325   5.0  1  1
59 59  492.52  492.52 5063.5157   6.0  1  1
59 59  507.38  507.38 5063.9988   5.0  1  1
59 59  525.42  525.42 5064.602   6.0  1  1
59 59  535.94  535.94 5064.9454   6.0  1  1
59 59  571.90  571.90 5066.1355   6.0  1  1
59 59  591.46  591.46 5066.7773   6.0  1  1
59 59  602.10  602.10 5067.1379   6.0  1  1
59 59  627.72  627.72 5067.9737   6.0  1  1
59 59  669.00  669.00 5069.3384   6.0  1  1
59 59  831.60  831.60 5074.6465   5.0  1  1
59 59  856.90  856.90 5075.4659   5.0  1  1
59 59  994.36  994.36 5079.9079   5.0  1  1
59 59   41.90   41.90 5081.4462   6.0  1  1
59 59  152.62  152.62 5084.9935   5.0  1  1
59 59  311.54  311.54 5090.0513   6.0  1  1
59 59  326.02  326.02 5090.5455   5.0  1  0
59 59  470.42  470.42 5095.0639   6.0  1  1
59 59  515.72  515.72 5096.4848   6.0  1  1
59 59  565.44  565.44 5098.0432   6.0  1  1
59 59  648.50  648.50 5100.6211   5.0  1  1
59 59  664.98  664.98 5101.1299   6.0  1  1
59 59  995.26  995.26 5111.2781   5.0  1  1
60 60   38.88   38.88 5003.5981   5.0  1  1
60 60   54.00   54.00 5004.1279   5.0  1  0
60 60  210.34  210.34 5009.3344   5.0  1  1
60 60  228.94  228.94 5009.9367   5.0  1  1
60 60  274.98  274.98 5011.4774   5.0  1  1
60 60  408.44  408.44 5015.8893   6.0  1  1
60 60  427.76  427.76 5016.5356   5.0  1  1
60 60  447.22  447.22 5017.1628   5.0  1  1
60 60  457.54  457.54 5017.5084   5.0  1  1
60 60  473.66  473.66 5018.0535   5.0  1  1
60 60  527.30  527.30 5019.8062   6.0  1  1
60 60  549.44  549.44 5020.5458   5.0  1  1
60 60  571.40  571.40 5021.2531   5.0  1  1
60 60  594.82  594.82 5022.0051   5.0  1  1
60 60  646.54  646.54 5023.7084   5.0  1  1
60 60  799.18  799.18 5028.6556   5.0  1  1
60 60  810.10  810.10 5029.0119   5.0  1  1
60 60  837.56  837.56 5029.8916   6.0  1  1
60 60   50.74   50.74 5036.7284   5.0  1  1
60 60  101.20  101.20 5038.3018   5.0  1  1
60 60  129.62  129.62 5039.2303   6.0  1  1
60 60  174.78  174.78 5040.6805   5.0  1  1
60 60  189.36  189.36 5041.1224   6.0  1  1
60 60  204.42  204.42 5041.5998   6.0  1  1
60 60  265.18  265.18 5043.5145   6.0  1  1
60 60  303.58  303.58 5044.7195   5.0  1  1
60 60  320.24  320.24 5045.2481   6.0  1  1
60 60  355.66  355.66 5046.3527   6.0  1  1
60 60  364.32  364.32 5046.6372   5.0  1  1
60 60  377.54  377.54 5047.0434   6.0  1  1
60 60  437.20  437.20 5048.9366   5.0  1  0
60 60  466.06  466.06 5049.796   5.0  1  1
60 60  497.68  497.68 5050.7842   5.0  1  1
60 60  533.30  533.30 5051.8887   6.0  1  1
60 60  644.80  644.80 5055.3473   5.0  1  1
60 60  731.18  731.18 5057.9866   6.0  1  1
60 60  792.62  792.62 5059.8611   6.0  1  1
60 60  851.44  851.44 5061.6562   5.0  1  1
60 60  863.96  863.96 5062.0371   5.0  1  1
60 60  893.88  893.88 5062.9325   5.0  1  1
60 60  912.68  912.68 5063.5157   5.0  1  1
60 60  928.94  928.94 5063.9988   6.0  1  1
60 60  948.66  948.66 5064.602   5.0  1  1
60 60  960.14  960.14 5064.9454   6.0  1  1
60 60  999.54  999.54 5066.1355   5.0  1  1
60 60   21.16   21.16 5066.7773   6.0  1  1
60 60   31.98   31.98 5067.1379   6.0  1  1
61 61   91.20   91.20 4961.3814   5.0  1  1
61 61  100.56  100.56 4961.726   5.0  1  1
61 61  111.00  111.00 4962.0621   5.0  1  1
61 61  144.34  144.34 4963.1881   5.0  1  1
61 61  201.96  201.96 4965.0795   5.0  1  1
61 61  221.76  221.76 4965.7315   6.0  1  1
61 61  313.58  313.58 4968.7556   5.0  1  1
61 61  353.42  353.42 4970.0785   5.0  1  1
61 61  417.42  417.42 4972.1597   5.0  1  1
61 61  664.78  664.78 4980.1859   5.0  1  1
61 61  688.38  688.38 4980.9513   5.0  1  1
61 61  736.14  736.14 4982.4875   6.0  1  1
61 61  826.16  826.16 4985.3725   6.0  1  1
61 61  843.92  843.92 4985.9486   5.0  1  1
61 61  881.82  881.82 4987.147   5.0  1  1
61 61  894.76  894.76 4987.5582   6.0  1  1
61 61  949.68  949.68 4989.3086   6.0  1  1
61 61   38.42   38.42 4992.1257   5.0  1  1
61 61   55.02   55.02 4992.6372   5.0  1  1
61 61   90.22   90.22 4993.7488   6.0  1  1
61 61  356.98  356.98 5002.0972   5.0  1  1
61 61  405.42  405.42 5003.5981   5.0  1  1
61 61  422.02  422.02 5004.1279   5.0  1  1
61 61  591.76  591.76 5009.3344   5.0  1  1
61 61  611.66  611.66 5009.9367   5.0  1  1
61 61  807.42  807.42 5015.8893   6.0  1  1
61 61  828.66  828.66 5016.5356   6.0  1  1
61 61  849.86  849.86 5017.1628   5.0  1  1
61 61  861.28  861.28 5017.5084   5.0  1  1
61 61  937.38  937.38 5019.8062   5.0  1  1
61 61   11.38   11.38 5022.0051   5.0  1  1
62 62  139.58  139.58 4919.8157   6.0  1  1
62 62  194.28  194.28 4921.6134   5.0  1  1
62 62  235.42  235.42 4922.9442   5.0  1  1
62 62  279.66  279.66 4924.4223   5.0  1  1
62 62  326.78  326.78 4925.9501   5.0  1  1
62 62  335.10  335.10 4926.2529   5.0  1  0
62 62  368.82  368.82 4927.2988   5.0  1  1
62 62  383.44  383.44 4927.7803   6.0  1  1
62 62  423.44  423.44 4929.086   5.0  1  1
62 62  451.38  451.38 4929.985   5.0  1  1
62 62  551.56  551.56 4933.2091   5.0  1  1
62 62  571.26  571.26 4933.8521   5.0  1  1
62 62  662.64  662.64 4936.7746   6.0  1  1
62 62  695.66  695.66 4937.8295   6.0  1  1
62 62  716.84  716.84 4938.5047   5.0  1  1
62 62  752.40  752.40 4939.6422   6.0  1  1
62 62  808.44  808.44 4941.416   5.0  1  1
62 62  860.08  860.08 4943.0642   5.0  1  1
62 62  936.18  936.18 4945.4587   5.0  1  1
62 62  974.46  974.46 4946.6637   5.0  1  1
62 62    2.94    2.94 4947.5752   5.0  1  1
62 62   88.58   88.58 4950.2513   5.0  1  1
62 62  100.94  100.94 4950.6264   6.0  1  1
62 62  167.34  167.34 4952.6908   5.0  1  1
62 62  315.88  315.88 4957.2963   5.0  1  1
62 62  341.60  341.60 4958.0988   5.0  1  1
62 62  460.08  460.08 4961.726   5.0  1  1
62 62  470.84  470.84 4962.0621   5.0  1  1
62 62  570.02  570.02 4965.0795   5.0  1  1
62 62  591.42  591.42 4965.7315   5.0  1  1
62 62  691.20  691.20 4968.7556   5.0  1  1
62 62  734.92  734.92 4970.0785   5.0  1  1
62 62  804.56  804.56 4972.1597   5.0  1  1
63 63   47.66   47.66 4874.3645   5.0  1  1
63 63  112.78  112.78 4876.4949   5.0  1  1
63 63  128.48  128.48 4877.0015   5.0  1  1
63 63  159.40  159.40 4878.0094   6.0  1  1
63 63  181.54  181.54 4878.733   6.0  1  1
63 63  201.14  201.14 4879.3497   5.0  1  1
63 63  216.32  216.32 4879.8635   5.0  1  1
63 63  257.64  257.64 4881.2046   5.0  1  1
63 63  289.96  289.96 4882.2432   5.0  1  1
63 63  477.06  477.06 4888.2612   5.0  1  1
63 63  501.34  501.34 4889.0422   5.0  1  1
63 63  515.24  515.24 4889.4903   5.0  1  1
63 63  526.90  526.90 4889.8553   5.0  1  1
63 63  545.58  545.58 4890.4582   5.0  1  1
63 63  618.06  618.06 4892.7592   5.0  1  1
63 63  639.44  639.44 4893.4453   5.0  1  1
63 63  687.28  687.28 4894.9551   6.0  1  1
63 63  823.22  823.22 4899.2401   5.0  1  1
63 63  912.58  912.58 4902.0545   5.0  1  1
63 63  936.18  936.18 4902.7943   5.0  1  1
63 63  999.08  999.08 4904.7516   5.0  1  1
63 63   77.86   77.86 4907.2093   5.0  1  1
63 63  162.82  162.82 4909.8431   5.0  1  1
63 63  173.66  173.66 4910.1576   6.0  1  1
63 63  194.40  194.40 4910.7929   5.0  1  1
63 63  213.02  213.02 4911.3787   5.0  1  1
63 63  250.76  250.76 4912.5293   5.0  1  1
63 63  489.88  489.88 4919.8157   6.0  1  1
63 63  549.60  549.60 4921.6134   6.0  1  1
63 63  593.30  593.30 4922.9442   5.0  1  1
63 63  642.38  642.38 4924.4223   5.0  1  1
63 63  692.84  692.84 4925.9501   5.0  1  1
63 63  738.68  738.68 4927.2988   5.0  1  1
63 63  754.74  754.74 4927.7803   6.0  1  1
63 63  798.80  798.80 4929.086   5.0  1  1
63 63  937.98  937.98 4933.2091   5.0  1  1
63 63  959.40  959.40 4933.8521   5.0  1  1
64 64   14.86   14.86 4831.5975   5.0  1  1
64 64   42.02   42.02 4832.4233   5.0  1  0
64 64   52.06   52.06 4832.8025   5.0  1  1
64 64  290.00  290.00 4840.4744   5.0  1  1
64 64  301.40  301.40 4840.8492   5.0  1  1
64 64  342.50  342.50 4842.1676   5.0  1  1
64 64  397.66  397.66 4843.9413   5.0  1  1
64 64  436.78  436.78 4845.1626   5.0  1  1
64 64  520.10  520.10 4847.8095   5.0  1  1
64 64  537.64  537.64 4848.3625   6.0  1  1
64 64  561.66  561.66 4849.1399   5.0  1  1
64 64  584.94  584.94 4849.8617   5.0  1  1
64 64  603.14  603.14 4850.4397   5.0  1  1
64 64  680.50  680.50 4852.8685   5.0  1  1
64 64  829.98  829.98 4857.5385   5.0  1  1
64 64  854.90  854.90 4858.3327   5.0  1  1
64 64  948.16  948.16 4861.2167   5.0  1  1
64 64  964.04  964.04 4861.7173   5.0  1  1
64 64   11.08   11.08 4863.1724   5.0  1  1
64 64   86.26   86.26 4865.4775   5.0  1  1
64 64  100.38  100.38 4865.91   5.0  1  1
64 64  154.08  154.08 4867.556   5.0  1  1
64 64  186.40  186.40 4868.5277   5.0  1  1
64 64  197.18  197.18 4868.8814   6.0  1  1
64 64  276.32  276.32 4871.289   5.0  1  1
64 64  330.00  330.00 4872.9169   5.0  1  1
64 64  378.00  378.00 4874.3645   5.0  1  1
64 64  448.30  448.30 4876.4949   5.0  1  1
64 64  465.80  465.80 4877.0015   5.0  1  1
64 64  498.98  498.98 4878.0094   5.0  1  1
64 64  523.00  523.00 4878.733   5.0  1  1
64 64  561.06  561.06 4879.8635   5.0  1  1
64 64  605.74  605.74 4881.2046   5.0  1  1
64 64  640.62  640.62 4882.2432   5.0  1  1
64 64  870.82  870.82 4889.0422   5.0  1  1
64 64  886.06  886.06 4889.4903   5.0  1  1
64 64  998.02  998.02 4892.7592   5.0  1  1
65 65   59.96   59.96 4792.0819   5.0  1  1
65 65   96.92   96.92 4793.2446   5.0  1  1
65 65  180.00  180.00 4795.9131   5.0  1  1
65 65  190.74  190.74 4796.2429   5.0  1  1
65 65  313.44  313.44 4800.1724   5.0  1  1
65 65  498.76  498.76 4806.0205   5.0  1  1
65 65  566.08  566.08 4808.1337   5.0  1  1
65 65  613.54  613.54 4809.614   5.0  1  1
65 65  702.04  702.04 4812.3755   5.0  1  1
65 65  722.28  722.28 4813.0069   5.0  1  1
65 65  750.36  750.36 4813.8963   5.0  1  1
65 65  851.88  851.88 4817.0206   5.0  1  1
65 65  904.54  904.54 4818.6477   5.0  1  1
65 65  922.28  922.28 4819.193   5.0  1  1
65 65  963.76  963.76 4820.4649   5.0  1  1
65 65  977.56  977.56 4820.8847   6.0  1  1
65 65    0.36    0.36 4821.5878   5.0  1  1
65 65   41.84   41.84 4822.8548   6.0  1  1
65 65   66.46   66.46 4823.6058   5.0  1  1
65 65   79.46   79.46 4823.9967   6.0  1  1
65 65  168.20  168.20 4826.7004   5.0  1  1
65 65  270.72  270.72 4829.7973   5.0  1  1
65 65  314.58  314.58 4831.1213   6.0  1  1
65 65  330.48  330.48 4831.5975   5.0  1  1
65 65  370.54  370.54 4832.8025   6.0  1  1
65 65  628.50  628.50 4840.4744   5.0  1  1
65 65  641.06  641.06 4840.8492   5.0  1  1
65 65  745.66  745.66 4843.9413   5.0  1  1
65 65  788.02  788.02 4845.1626   5.0  1  1
65 65  878.94  878.94 4847.8095   5.0  1  1
65 65  897.90  897.90 4848.3625   6.0  1  1
65 65  924.52  924.52 4849.1399   5.0  1  1
65 65  949.58  949.58 4849.8617   5.0  1  1
65 65  969.50  969.50 4850.4397   6.0  1  1
66 66   80.72   80.72 4752.4141   5.0  1  1
66 66  231.70  231.70 4757.2196   5.0  1  1
66 66  355.64  355.64 4761.1101   5.0  1  1
66 66  458.82  458.82 4764.3463   5.0  1  1
66 66  475.38  475.38 4764.8646   5.0  1  1
66 66  498.80  498.80 4765.595   5.0  1  1
66 66  531.00  531.00 4766.6006   5.0  1  1
66 66  745.54  745.54 4773.241   5.0  1  1
66 66  813.10  813.10 4775.313   5.0  1  1
66 66  828.68  828.68 4775.794   5.0  1  1
66 66  874.38  874.38 4777.1915   6.0  1  1
66 66  910.46  910.46 4778.294   6.0  1  1
66 66  957.38  957.38 4779.7286   5.0  1  1
66 66   57.50   57.50 4782.7612   5.0  1  1
66 66   94.12   94.12 4783.8617   5.0  1  1
66 66  182.70  182.70 4786.531   6.0  1  1
66 66  202.94  202.94 4787.148   6.0  1  1
66 66  277.94  277.94 4789.3868   5.0  1  1
66 66  367.50  367.50 4792.0819   5.0  1  1
66 66  407.26  407.26 4793.2446   5.0  1  1
66 66  497.60  497.60 4795.9131   5.0  1  1
66 66  509.42  509.42 4796.2429   5.0  1  1
66 66  642.26  642.26 4800.1724   5.0  1  1
66 66  843.68  843.68 4806.0205   5.0  1  1
66 66  916.94  916.94 4808.1337   5.0  1  1
66 66  968.44  968.44 4809.614   6.0  1  1
67 67   71.42   71.42 4712.4814   5.0  1  1
67 67   82.72   82.72 4712.8408   5.0  1  1
67 67  227.50  227.50 4717.3905   5.0  1  1
67 67  325.32  325.32 4720.4586   5.0  1  1
67 67  351.80  351.80 4721.2765   6.0  1  1
67 67  361.82  361.82 4721.591   5.0  1  1
67 67  377.82  377.82 4722.0886   5.0  1  1
67 67  421.18  421.18 4723.4382   6.0  1  1
67 67  432.30  432.30 4723.784   5.0  1  1
67 67  464.70  464.70 4724.7723   5.0  1  1
67 67  532.02  532.02 4726.8683   5.0  1  1
67 67  573.32  573.32 4728.133   5.0  1  1
67 67  605.30  605.30 4729.1282   6.0  1  1
67 67  629.94  629.94 4729.8795   5.0  1  1
67 67  655.46  655.46 4730.6593   5.0  1  1
67 67  700.64  700.64 4732.0532   5.0  1  1
67 67  766.02  766.02 4734.0458   5.0  1  1
67 67  827.02  827.02 4735.9058   5.0  1  1
67 67  951.42  951.42 4739.6764   5.0  1  1
67 67  979.78  979.78 4740.5292   6.0  1  1
67 67  993.86  993.86 4740.9585   6.0  1  1
67 67   32.66   32.66 4742.1174   5.0  1  1
67 67   85.08   85.08 4743.687   5.0  1  1
67 67  139.52  139.52 4745.3375   5.0  1  1
67 67  269.76  269.76 4749.2002   5.0  1  1
67 67  295.44  295.44 4749.9713   5.0  1  1
67 67  378.48  378.48 4752.4141   5.0  1  1
67 67  541.82  541.82 4757.2196   5.0  1  1
67 67  676.28  676.28 4761.1101   5.0  1  1
67 67  788.40  788.40 4764.3463   6.0  1  1
67 67  806.40  806.40 4764.8646   5.0  1  1
67 67  831.46  831.46 4765.595   5.0  1  1
67 67  866.84  866.84 4766.6006   6.0  1  1
68 68   76.92   76.92 4673.6609   5.0  1  1
68 68  130.94  130.94 4675.376   5.0  1  1
68 68  153.58  153.58 4676.0555   6.0  1  1
68 68  182.92  182.92 4676.9721   5.0  1  1
68 68  223.70  223.70 4678.2352   5.0  1  1
68 68  288.24  288.24 4680.2377   5.0  1  1
68 68  300.70  300.70 4680.646   5.0  1  1
68 68  353.56  353.56 4682.2319   5.0  1  0
68 68  388.42  388.42 4683.3517   6.0  1  1
68 68  481.04  481.04 4686.1946   6.0  1  1
68 68  494.62  494.62 4686.5715   5.0  1  0
68 68  580.06  580.06 4689.252   6.0  1  1
68 68  614.78  614.78 4690.3343   5.0  1  0
68 68  625.56  625.56 4690.6219   5.0  1  1
68 68  658.42  658.42 4691.6354   5.0  1  1
68 68  739.80  739.80 4694.0914   5.0  1  1
68 68  771.08  771.08 4695.0381   6.0  1  1
68 68  784.64  784.64 4695.4542   6.0  1  1
68 68  876.94  876.94 4698.2248   5.0  1  1
68 68  940.70  940.70 4700.1402   5.0  1  1
68 68  961.64  961.64 4700.7711   5.0  1  1
68 68   13.26   13.26 4702.3161   5.0  1  1
68 68   48.08   48.08 4703.3581   5.0  1  1
68 68   69.52   69.52 4703.9898   5.0  1  1
68 68  128.88  128.88 4705.7606   5.0  1  1
68 68  214.80  214.80 4708.294   5.0  1  1
68 68  357.22  357.22 4712.4814   5.0  1  1
68 68  632.26  632.26 4720.4586   5.0  1  1
68 68  660.40  660.40 4721.2765   6.0  1  1
68 68  671.58  671.58 4721.591   5.0  1  1
68 68  688.82  688.82 4722.0886   5.0  1  1
68 68  735.82  735.82 4723.4382   6.0  1  1
68 68  748.10  748.10 4723.784   6.0  1  1
68 68  856.18  856.18 4726.8683   5.0  1  1
68 68  936.00  936.00 4729.1282   5.0  1  1
68 68   40.06   40.06 4732.0532   5.0  1  1
69 69   27.42   27.42 4633.7657   5.0  1  1
69 69  138.84  138.84 4637.2328   5.0  1  1
69 69  185.62  185.62 4638.6849   6.0  1  1
69 69  228.94  228.94 4640.0462   5.0  1  1
69 69  343.84  343.84 4643.5566   5.0  1  1
69 69  381.22  381.22 4644.7072   5.0  1  1
69 69  445.62  445.62 4646.6861   5.0  1  1
69 69  464.52  464.52 4647.2509   5.0  1  1
69 69  562.82  562.82 4650.2343   6.0  1  1
69 69  606.46  606.46 4651.5552   5.0  1  1
69 69  620.78  620.78 4651.9895   5.0  1  1
69 69  727.38  727.38 4655.2126   5.0  1  1
69 69  817.40  817.40 4657.9012   5.0  1  1
69 69  872.82  872.82 4659.5698   5.0  1  1
69 69  975.10  975.10 4662.5936   5.0  1  1
69 69  995.50  995.50 4663.2026   5.0  1  1
69 69   54.94   54.94 4664.9704   5.0  1  1
69 69   90.42   90.42 4666.005   5.0  1  1
69 69  107.60  107.60 4666.5158   5.0  1  1
69 69  116.96  116.96 4666.7985   5.0  1  1
69 69  163.78  163.78 4668.1716   6.0  1  1
69 69  214.80  214.80 4669.6658   5.0  1  1
69 69  225.80  225.80 4669.9842   5.0  1  1
69 69  351.96  351.96 4673.6609   6.0  1  1
69 69  411.16  411.16 4675.376   5.0  1  1
69 69  434.70  434.70 4676.0555   5.0  1  1
69 69  467.28  467.28 4676.9721   5.0  1  1
69 69  510.32  510.32 4678.2352   5.0  1  1
69 69  580.12  580.12 4680.2377   5.0  1  1
69 69  594.00  594.00 4680.646   5.0  1  1
69 69  650.98  650.98 4682.2319   5.0  1  0
69 69  688.90  688.90 4683.3517   5.0  1  1
69 69  789.10  789.10 4686.1946   6.0  1  1
69 69  896.90  896.90 4689.252   6.0  1  1
69 69  946.50  946.50 4690.6219   6.0  1  1
69 69  982.16  982.16 4691.6354   5.0  1  1
70 70   28.86   28.86 4596.0967   5.0  1  1
70 70  115.12  115.12 4598.7627   5.0  1  1
70 70  146.08  146.08 4599.7046   5.0  1  1
70 70  258.02  258.02 4603.1446   5.0  1  1
70 70  415.28  415.28 4607.9347   6.0  1  1
70 70  437.34  437.34 4608.6201   5.0  1  1
70 70  469.34  469.34 4609.5673   5.0  1  1
70 70  503.90  503.90 4610.6272   5.0  1  1
70 70  545.18  545.18 4611.8597   5.0  1  1
70 70  568.36  568.36 4612.5435   5.0  1  1
70 70  603.46  603.46 4613.6044   5.0  1  1
70 70  660.96  660.96 4615.334   5.0  1  1
70 70  800.52  800.52 4619.4794   5.0  1  1
70 70  825.92  825.92 4620.2408   5.0  1  1
70 70  856.48  856.48 4621.1629   5.0  1  1
70 70  963.58  963.58 4624.314   5.0  1  1
70 70   65.10   65.10 4627.298   5.0  1  1
70 70   96.22   96.22 4628.2015   5.0  1  1
70 70  104.24  104.24 4628.4409   5.0  1  1
70 70  217.68  217.68 4631.7617   5.0  1  1
70 70  287.56  287.56 4633.7657   5.0  1  1
70 70  407.76  407.76 4637.2328   5.0  1  1
70 70  458.52  458.52 4638.6849   5.0  1  1
70 70  505.48  505.48 4640.0462   5.0  1  1
70 70  739.88  739.88 4646.6861   5.0  1  1
70 70  760.26  760.26 4647.2509   6.0  1  1
70 70  866.90  866.90 4650.2343   5.0  1  1
70 70  914.42  914.42 4651.5552   5.0  1  1
71 71  105.98  105.98 4561.3477   5.0  1  1
71 71  129.34  129.34 4562.0803   5.0  1  1
71 71  182.30  182.30 4563.6609   6.0  1  1
71 71  206.16  206.16 4564.4054   5.0  1  1
71 71  220.22  220.22 4564.8354   5.0  1  1
71 71  299.52  299.52 4567.2403   6.0  1  1
71 71  329.88  329.88 4568.1426   5.0  1  1
71 71  423.38  423.38 4570.9722   5.0  1  1
71 71  431.90  431.90 4571.2195   5.0  1  1
71 71  514.20  514.20 4573.7038   5.0  1  1
71 71  704.06  704.06 4579.3495   5.0  1  1
71 71  720.06  720.06 4579.8272   5.0  1  1
71 71  766.08  766.08 4581.1732   5.0  1  1
71 71   12.90   12.90 4588.4261   5.0  1  1
71 71   41.72   41.72 4589.2668   6.0  1  1
71 71   63.66   63.66 4589.8978   5.0  1  1
71 71  158.90  158.90 4592.666   5.0  1  1
71 71  169.18  169.18 4592.9675   5.0  1  1
71 71  192.78  192.78 4593.6437   5.0  1  1
71 71  254.76  254.76 4595.4206   6.0  1  1
71 71  278.24  278.24 4596.0967   5.0  1  1
71 71  371.24  371.24 4598.7627   5.0  1  1
71 71  516.84  516.84 4602.8862   5.0  1  1
71 71  525.62  525.62 4603.1446   6.0  1  1
71 71  695.98  695.98 4607.9347   6.0  1  1
71 71  720.42  720.42 4608.6201   5.0  1  1
71 71  754.26  754.26 4609.5673   5.0  1  1
71 71  899.82  899.82 4613.6044   5.0  1  1
72 72   23.78   23.78 4522.323   5.0  1  1
72 72  295.82  295.82 4530.5523   5.0  1  1
72 72  380.36  380.36 4533.077   5.0  1  1
72 72  415.20  415.20 4534.1198   5.0  1  1
72 72  453.04  453.04 4535.2546   6.0  1  1
72 72  461.22  461.22 4535.4903   5.0  1  1
72 72  533.72  533.72 4537.6426   5.0  1  1
72 72  646.90  646.90 4540.999   6.0  1  1
72 72  784.94  784.94 4545.0519   5.0  1  1
72 72  814.56  814.56 4545.9156   6.0  1  1
72 72  859.86  859.86 4547.2498   5.0  1  1
72 72  877.78  877.78 4547.7589   5.0  1  1
72 72   29.46   29.46 4552.1536   5.0  1  1
72 72  156.50  156.50 4555.8127   5.0  1  1
72 72  245.24  245.24 4558.3458   5.0  1  1
72 72  350.88  350.88 4561.3477   6.0  1  1
72 72  433.04  433.04 4563.6609   5.0  1  1
72 72  458.98  458.98 4564.4054   5.0  1  1
72 72  474.20  474.20 4564.8354   5.0  1  1
72 72  559.86  559.86 4567.2403   6.0  1  1
72 72  592.20  592.20 4568.1426   5.0  1  1
72 72  693.60  693.60 4570.9722   6.0  1  1
72 72  702.80  702.80 4571.2195   5.0  1  1
72 72  998.32  998.32 4579.3495   5.0  1  1
73 73   40.56   40.56 4486.8973   6.0  1  1
73 73   60.26   60.26 4487.4955   5.0  1  1
73 73   99.88   99.88 4488.6803   6.0  1  1
73 73  132.30  132.30 4489.6645   5.0  1  1
73 73  176.18  176.18 4490.9816   5.0  1  1
73 73  254.96  254.96 4493.3337   6.0  1  1
73 73  408.62  408.62 4497.9144   5.0  1  1
73 73  430.36  430.36 4498.5384   5.0  1  1
73 73  443.92  443.92 4498.9401   6.0  1  1
73 73  469.44  469.44 4499.7037   5.0  1  1
73 73  479.04  479.04 4499.9832   5.0  1  1
73 73  579.16  579.16 4502.9268   5.0  1  1
73 73  657.28  657.28 4505.2167   6.0  1  1
73 73  700.88  700.88 4506.473   5.0  1  1
73 73  847.04  847.04 4510.7332   5.0  1  1
73 73  933.30  933.30 4513.2231   6.0  1  1
73 73  948.98  948.98 4513.6799   5.0  1  1
73 73  999.04  999.04 4515.1182   6.0  1  1
73 73  143.90  143.90 4519.2592   6.0  1  1
73 73  212.22  212.22 4521.1939   5.0  1  1
73 73  252.00  252.00 4522.323   5.0  1  1
73 73  537.80  537.80 4530.3191   6.0  1  1
73 73  545.30  545.30 4530.5523   5.0  1  1
73 73  636.64  636.64 4533.077   5.0  1  1
73 73  715.36  715.36 4535.2546   6.0  1  1
73 73  925.34  925.34 4540.999   5.0  1  1
74 74   75.16   75.16 4452.5655   5.0  1  1
74 74  257.94  257.94 4458.0015   6.0  1  1
74 74  344.38  344.38 4460.5574   5.0  1  1
74 74  377.72  377.72 4461.5278   6.0  1  1
74 74  450.20  450.20 4463.666   5.0  1  1
74 74  507.26  507.26 4465.3406   5.0  1  1
74 74  651.10  651.10 4469.5253   5.0  1  1
74 74  701.84  701.84 4470.9906   5.0  1  1
74 74  832.40  832.40 4474.7594   5.0  1  1
74 74  848.40  848.40 4475.2214   5.0  1  1
74 74  966.44  966.44 4478.5958   5.0  1  1
74 74    3.24    3.24 4479.6376   5.0  1  1
74 74   79.60   79.60 4481.8107   5.0  1  1
74 74  133.78  133.78 4483.3468   6.0  1  1
74 74  259.86  259.86 4486.8973   6.0  1  1
74 74  281.24  281.24 4487.4955   6.0  1  1
74 74  323.56  323.56 4488.6803   6.0  1  1
74 74  358.64  358.64 4489.6645   5.0  1  1
74 74  395.38  395.38 4490.6715   5.0  1  1
74 74  405.86  405.86 4490.9816   5.0  1  1
74 74  490.92  490.92 4493.3337   6.0  1  1
74 74  694.84  694.84 4498.9401   6.0  1  1
74 74  732.86  732.86 4499.9832   6.0  1  1
74 74  841.26  841.26 4502.9268   5.0  1  1
74 74  925.98  925.98 4505.2167   6.0  1  1
75 75   46.52   46.52 4416.8447   5.0  1  0
75 75  221.00  221.00 4422.0479   5.0  1  1
75 75  278.06  278.06 4423.7202   5.0  1  1
75 75  355.94  355.94 4426.0011   5.0  1  1
75 75  499.66  499.66 4430.189   5.0  1  1
75 75  527.56  527.56 4430.9963   5.0  1  1
75 75  570.64  570.64 4432.2523   5.0  1  1
75 75  595.44  595.44 4432.9628   5.0  1  1
75 75  613.68  613.68 4433.4907   5.0  1  1
75 75  625.80  625.80 4433.838   5.0  1  1
75 75  796.64  796.64 4438.7464   5.0  1  1
75 75  810.10  810.10 4439.1237   5.0  1  1
75 75  822.14  822.14 4439.4614   5.0  1  1
75 75  897.34  897.34 4441.6084   5.0  1  1
75 75  969.56  969.56 4443.6657   5.0  1  1
75 75   48.82   48.82 4445.9012   5.0  1  1
75 75  154.96  154.96 4448.8792   5.0  1  1
75 75  223.60  223.60 4450.804   5.0  1  1
75 75  287.32  287.32 4452.5655   6.0  1  1
75 75  366.88  366.88 4454.7738   6.0  1  1
75 75  484.12  484.12 4458.0015   6.0  1  1
75 75  612.86  612.86 4461.5278   6.0  1  1
75 75  753.26  753.26 4465.3406   6.0  1  1
75 75  908.86  908.86 4469.5253   6.0  1  1
76 76   21.76   21.76 4381.8601   5.0  1  1
76 76  130.06  130.06 4385.0566   5.0  1  1
76 76  337.24  337.24 4391.1105   5.0  1  1
76 76  347.68  347.68 4391.3893   5.0  1  1
76 76  401.50  401.50 4392.974   5.0  1  1
76 76  649.16  649.16 4400.0968   5.0  1  1
76 76  680.52  680.52 4400.9863   5.0  1  1
76 76  701.48  701.48 4401.581   5.0  1  1
76 76  748.54  748.54 4402.9271   5.0  1  1
76 76  959.52  959.52 4408.8828   6.0  1  1
76 76  159.86  159.86 4414.4863   5.0  1  1
76 76  245.00  245.00 4416.8447   6.0  1  1
76 76  434.28  434.28 4422.0479   6.0  1  1
76 76  579.54  579.54 4426.0011   5.0  1  1
76 76  734.68  734.68 4430.189   5.0  1  1
76 76  764.74  764.74 4430.9963   5.0  1  1
76 76  811.78  811.78 4432.2523   6.0  1  1
76 76  838.20  838.20 4432.9628   6.0  1  1
76 76  871.00  871.00 4433.838   5.0  1  1
77 77   19.74   19.74 4348.064   5.0  1  1
77 77   53.92   53.92 4349.0722   5.0  1  1
77 77  161.52  161.52 4352.2049   5.0  1  1
77 77  204.48  204.48 4353.4487   6.0  1  1
77 77  373.06  373.06 4358.32   6.0  1  1
77 77  409.80  409.80 4359.3719   5.0  1  1
77 77  503.96  503.96 4362.0662   5.0  1  1
77 77  639.66  639.66 4365.9301   6.0  1  1
77 77  706.80  706.80 4367.8316   5.0  1  1
77 77  779.10  779.10 4369.8756   6.0  1  1
77 77  810.32  810.32 4370.7532   5.0  1  1
77 77  830.74  830.74 4371.329   5.0  1  1
77 77  930.44  930.44 4374.1239   6.0  1  1
77 77  955.44  955.44 4374.7851   6.0  1  0
77 77  996.22  996.22 4375.9542   5.0  1  1
77 77   76.30   76.30 4378.1768   6.0  1  1
77 77  130.10  130.10 4379.6668   5.0  1  1
77 77  193.08  193.08 4381.4018   5.0  1  1
77 77  209.84  209.84 4381.8601   6.0  1  1
77 77  326.24  326.24 4385.0566   5.0  1  1
77 77  549.58  549.58 4391.1105   6.0  1  1
77 77  618.98  618.98 4392.974   6.0  1  1
77 77  886.22  886.22 4400.0968   5.0  1  1
77 77  920.12  920.12 4400.9863   5.0  1  1
77 77  942.46  942.46 4401.581   6.0  1  1
77 77  993.86  993.86 4402.9271   6.0  1  1
78 78   33.94   33.94 4315.2543   5.0  1  1
78 78  143.22  143.22 4318.4157   6.0  1  1
78 78  202.24  202.24 4320.1264   6.0  1  1
78 78  510.48  510.48 4328.9154   6.0  1  1
78 78  578.90  578.90 4330.8438   6.0  1  1
78 78  591.32  591.32 4331.1995   5.0  1  1
78 78  620.66  620.66 4332.0297   5.0  1  1
78 78  632.06  632.06 4332.3395   5.0  1  1
78 78  674.88  674.88 4333.5612   5.0  1  1
78 78  738.30  738.30 4335.3379   5.0  1  1
78 78  807.70  807.70 4337.2774   6.0  1  1
78 78  837.44  837.44 4338.1078   5.0  1  1
78 78  937.94  937.94 4340.8954   5.0  1  1
78 78  993.78  993.78 4342.4442   6.0  1  1
78 78   62.08   62.08 4344.3265   6.0  1  1
78 78   92.78   92.78 4345.168   5.0  1  1
78 78  138.80  138.80 4346.4367   5.0  1  1
78 78  198.50  198.50 4348.064   5.0  1  1
78 78  235.50  235.50 4349.0722   6.0  1  1
78 78  350.82  350.82 4352.2049   5.0  1  1
78 78  365.90  365.90 4352.6122   5.0  1  1
78 78  396.74  396.74 4353.4487   6.0  1  1
78 78  578.52  578.52 4358.32   6.0  1  1
78 78  617.96  617.96 4359.3719   6.0  1  1
78 78  719.58  719.58 4362.0662   5.0  1  1
78 78  866.06  866.06 4365.9301   6.0  1  1
78 78  938.52  938.52 4367.8316   5.0  1  1
78 78   16.84   16.84 4369.8756   6.0  1  1
79 79  554.12  554.12 4297.3066   6.0  1  1
79 79  653.90  653.90 4300.1008   5.0  1  1
79 79  673.70  673.70 4300.6495   5.0  1  1
79 79  909.10  909.10 4307.1762   5.0  1  1
79 79  943.46  943.46 4308.122   5.0  1  1
79 79  983.88  983.88 4309.2392   5.0  1  1
79 79   77.58   77.58 4311.7994   6.0  1  1
79 79  121.46  121.46 4312.9975   5.0  1  1
79 79  204.90  204.90 4315.2543   6.0  1  1
79 79  321.70  321.70 4318.4157   5.0  1  1
79 79  385.62  385.62 4320.1264   5.0  1  1
79 79  716.52  716.52 4328.9154   5.0  1  1
79 79  790.12  790.12 4330.8438   6.0  1  1
79 79  803.64  803.64 4331.1995   5.0  1  1
79 79  894.42  894.42 4333.5612   5.0  1  1
79 79   37.82   37.82 4337.2774   6.0  1  1
