# Thu 20:12:52 03-Apr-2003
begin	ecidentify refThAr_580_r_2148x4096
	id	refThAr_580_r_2148x4096
	task	ecidentify
	image	refThAr_580_r_2148x4096
	units	pixel
	features	720
		  1  107    40.91  5748.74163   5748.7412   4.0  1  1
		  1  107   115.76  5747.38633   5747.3849   4.0  1  1
		  1  107   126.34   5747.1936   5747.1931   4.0  1  1
		  1  107   401.01  5742.08357   5742.0838   4.0  1  1
		  1  107   414.48  5741.82774    5741.829   4.0  1  1
		  1  107   449.02  5741.16965   5741.1705   4.0  1  1
		  1  107   534.85  5739.52043   5739.5196   4.0  1  1
		  1  107   713.31  5736.02863   5736.0297   4.0  1  1
		  1  107  1012.59  5729.98302   5729.9823   4.0  1  1
		  1  107  1122.19  5727.71002   5727.7103   4.0  1  1
		  1  107  1232.57  5725.38866   5725.3885   4.0  1  1
		  1  107  1276.16  5724.46306   5724.4638   4.0  1  1
		  1  107  1286.73  5724.23784   5724.2374   4.0  1  1
		  1  107  1500.45   5719.6219   5719.6227   4.0  1  1
		  1  107  1611.71  5717.17165   5717.1711   4.0  1  1
		  1  107  1676.77   5715.7238   5715.7244   4.0  1  1
		  2  108   254.99  5691.66143   5691.6612   4.0  1  1
		  2  108   307.50  5690.69096   5690.6934   4.0  1  1
		  2  108   485.46  5687.34728   5687.3489   4.0  1  1
		  2  108   597.85  5685.19231   5685.1921   4.0  1  1
		  2  108   766.19  5681.90242   5681.9001   4.0  1  1
		  2  108   911.44  5679.00361    5679.005   4.0  1  1
		  2  108  1007.68  5677.05252   5677.0529   4.0  1  1
		  2  108  1108.27  5674.98748   5674.9864   4.0  1  1
		  2  108  1163.77  5673.83658   5673.8358   4.0  1  1
		  2  108  1479.93  5667.12804   5667.1281   4.0  1  1
		  2  108  1512.61  5666.41962   5666.4185   4.0  1  1
		  2  108  1548.97  5665.62844   5665.6283   4.0  1  1
		  2  108  1569.51  5665.17991   5665.1799   4.0  1  1
		  2  108  1595.04  5664.62102    5664.621   4.0  1  1
		  2  108  1666.72  5663.04253    5663.042   4.0  1  1
		  2  108  1773.88   5660.6581   5660.6594   4.0  1  1
		  2  108  1895.12  5657.92445   5657.9255   4.0  1  1
		  3  109   129.86  5641.73559   5641.7342   4.0  1  1
		  3  109   239.96  5639.74672   5639.7461   4.0  1  1
		  3  109   449.11   5635.8806   5635.8792   4.0  1  1
		  3  109   585.62  5633.29529    5633.295   4.0  1  1
		  3  109   740.84  5630.29622   5630.2969   4.0  1  1
		  3  109   973.73   5625.6786   5625.6782   4.0  1  1
		  3  109  1011.64  5624.91349   5624.9129   4.0  1  1
		  3  109  1363.18  5617.64217   5617.6417   4.0  1  1
		  3  109  1379.81  5617.29032   5617.2897   4.0  1  1
		  3  109  1408.09   5616.6902   5616.6908   4.0  1  1
		  3  109  1472.37  5615.31866   5615.3195   4.0  1  1
		  3  109  1597.50  5612.61842   5612.6174   4.0  1  1
		  3  109  1622.74   5612.0689   5612.0679   4.0  1  1
		  3  109  1686.19  5610.68005   5610.6809   4.0  1  1
		  3  109  1736.31  5609.57599   5609.5735   4.0  1  1
		  3  109  1864.03  5606.73299    5606.733   4.0  1  1
		  3  109  1879.49  5606.38602   5606.3861   4.0  1  1
		  3  109  1962.41  5604.51454   5604.5154   4.0  1  1
		  4  110   321.39  5587.02573   5587.0263   4.0  1  1
		  4  110   497.83    5583.763   5583.7621   4.0  1  1
		  4  110   545.55  5582.86675   5582.8665   4.0  1  1
		  4  110   656.74   5580.7553   5580.7547   4.0  1  1
		  4  110   692.11  5580.07686   5580.0771   4.0  1  1
		  4  110   729.43  5579.35752   5579.3583   4.0  1  1
		  4  110   815.53  5577.68416   5577.6845   4.0  1  1
		  4  110   890.86  5576.20451   5576.2045   4.0  1  1
		  4  110   955.97  5574.91373   5574.9153   4.0  1  1
		  4  110  1033.92  5573.35419   5573.3535   4.0  1  1
		  4  110  1096.31  5572.09453   5572.0951   4.0  1  1
		  4  110  1140.70  5571.19231   5571.1913   4.0  1  1
		  4  110  1153.67  5570.92772   5570.9268   4.0  1  1
		  4  110  1476.57  5564.20143   5564.2011   4.0  1  1
		  4  110  1677.10  5559.89058   5559.8912   4.0  1  1
		  4  110  1731.55  5558.70238    5558.702   4.0  1  1
		  4  110  1748.00  5558.34196   5558.3422   4.0  1  1
		  4  110  1767.18  5557.92074   5557.9214   4.0  1  1
		  4  110  1806.89  5557.04587   5557.0454   4.0  1  1
		  4  110  1847.45    5556.148   5556.1487   4.0  1  1
		  4  110  1875.25   5555.5305   5555.5312   4.0  1  1
		  5  111    47.34  5541.58186   5541.5815   4.0  1  1
		  5  111    72.38  5541.14555   5541.1466   4.0  1  1
		  5  111   142.75    5539.911   5539.9106   4.0  1  1
		  5  111   179.48  5539.26149   5539.2618   4.0  1  1
		  5  111   216.24  5538.60779   5538.6087   4.0  1  1
		  5  111   275.03  5537.55516   5537.5563   4.0  1  1
		  5  111   362.58  5535.97112    5535.971   4.0  1  1
		  5  111   646.51  5530.69712   5530.6977   4.0  1  1
		  5  111   679.32  5530.07439   5530.0763   4.0  1  1
		  5  111   730.54  5529.09652   5529.0972   4.0  1  1
		  5  111   775.76  5528.22746   5528.2272   4.0  1  1
		  5  111   823.99  5527.29504   5527.2953   4.0  1  1
		  5  111   943.54  5524.95772    5524.957   4.0  1  1
		  5  111   962.54  5524.58294   5524.5824   4.0  1  1
		  5  111  1104.46  5521.75406   5521.7532   4.0  1  1
		  5  111  1228.67  5519.23608   5519.2353   4.0  1  1
		  5  111  1240.68  5518.99043   5518.9893   4.0  1  1
		  5  111  1439.48  5514.87266   5514.8731   4.0  1  1
		  5  111  1669.04  5509.99352   5509.9938   4.0  1  1
		  5  111  1735.41  5508.55799   5508.5585   4.0  1  1
		  5  111  1782.25  5507.53832   5507.5385   4.0  1  1
		  5  111  1810.55  5506.91953   5506.9196   4.0  1  1
		  5  111  1847.22  5506.11489   5506.1128   4.0  1  1
		  5  111  1929.32  5504.30079   5504.3018   4.0  1  1
		  6  112    17.56  5492.64285   5492.6435   4.0  1  1
		  6  112   221.55  5489.08858   5489.0885   4.0  1  1
		  6  112   230.78  5488.92525   5488.9254   4.0  1  1
		  6  112   247.53  5488.62834   5488.6287   4.0  1  1
		  6  112   495.59  5484.14514   5484.1467   4.0  1  1
		  6  112   670.45  5480.89018   5480.8907   4.0  1  1
		  6  112   766.23  5479.07414   5479.0751   4.0  1  1
		  6  112   845.53  5477.55286   5477.5522   4.0  1  1
		  6  112  1190.03    5470.759   5470.7591   4.0  1  1
		  6  112  1366.39  5467.16482   5467.1704   4.0  1  0
		  6  112  1508.80  5464.20555   5464.2055   4.0  1  1
		  6  112  1584.47  5462.61255   5462.6129   4.0  1  1
		  6  112  1625.77  5461.73686   5461.7358   4.0  1  1
		  6  112  1755.12  5458.96726   5458.9676   4.0  1  1
		  6  112  1930.37  5455.14821   5455.1524   4.0  1  0
		  7  113    72.78  5443.11869   5443.1187   4.0  1  1
		  7  113   217.99  5440.60102   5440.6015   4.0  1  1
		  7  113   252.75  5439.99032   5439.9891   4.0  1  1
		  7  113   357.17   5438.1372   5438.1374   4.0  1  1
		  7  113   398.91  5437.38857   5437.3877   4.0  1  1
		  7  113   481.64  5435.89173   5435.8925   4.0  1  1
		  7  113   490.97  5435.72196   5435.7236   4.0  1  1
		  7  113   523.75  5435.12329   5435.1229   4.0  1  1
		  7  113   576.62  5434.15186   5434.1514   4.0  1  1
		  7  113   601.05  5433.70065   5433.7005   4.0  1  1
		  7  113   623.16  5433.29108   5433.2919   4.0  1  1
		  7  113   651.44  5432.76523    5432.765   4.0  1  1
		  7  113   739.64  5431.11242    5431.112   4.0  1  1
		  7  113   845.42  5429.10405   5429.1048   4.0  1  1
		  7  113   985.25  5426.40606   5426.4075   4.0  1  1
		  7  113  1022.50  5425.67891   5425.6783   4.0  1  1
		  7  113  1107.45  5424.00789   5424.0079   4.0  1  1
		  7  113  1216.49  5421.83637   5421.8359   4.0  1  1
		  7  113  1225.37  5421.65821   5421.6628   4.0  1  0
		  7  113  1240.45  5421.35512   5421.3517   4.0  1  0
		  7  113  1350.45  5419.12777   5419.1285   4.0  1  1
		  7  113  1430.59   5417.4861   5417.4858   4.0  1  1
		  7  113  1525.42  5415.52273   5415.5226   4.0  1  1
		  7  113  1750.69  5410.76942   5410.7687   4.0  1  1
		  7  113  1895.28   5407.6522   5407.6535   4.0  1  1
		  7  113  1909.47  5407.34368   5407.3439   4.0  1  1
		  7  113  1936.49   5406.7545   5406.7553   4.0  1  1
		  8  114   110.15  5394.76071   5394.7608   4.0  1  1
		  8  114   155.98  5393.97437   5393.9719   4.0  1  1
		  8  114   177.73  5393.59933   5393.5995   4.0  1  1
		  8  114   236.87  5392.57336   5392.5726   4.0  1  1
		  8  114   491.72  5388.05087   5388.0507   4.0  1  1
		  8  114   570.97  5386.61104   5386.6107   4.0  1  1
		  8  114   710.61  5384.03571   5384.0356   4.0  1  1
		  8  114   769.86  5382.92809   5382.9276   4.0  1  1
		  8  114   970.57  5379.11074   5379.1105   4.0  1  1
		  8  114   984.81  5378.83605   5378.8356   4.0  1  1
		  8  114  1090.57  5376.78045   5376.7809   4.0  1  1
		  8  114  1123.66  5376.13153   5376.1304   4.0  1  1
		  8  114  1142.07  5375.76942   5375.7688   4.0  1  1
		  8  114  1163.22  5375.35219   5375.3526   4.0  1  1
		  8  114  1190.02  5374.82203   5374.8219   4.0  1  1
		  8  114  1296.30  5372.70198   5372.7027   4.0  1  1
		  8  114  1394.93  5370.70951   5370.7096   4.0  1  1
		  8  114  1456.77  5369.44794    5369.447   4.0  1  1
		  8  114  1464.84  5369.28245   5369.2819   4.0  1  1
		  8  114  1785.87  5362.57566   5362.5751   4.0  1  1
		  8  114  1852.38  5361.15457   5361.1556   4.0  1  1
		  8  114  1899.14  5360.14897   5360.1501   4.0  1  1
		  8  114  1914.09  5359.82619   5359.8269   4.0  1  1
		  8  114  1965.78  5358.70652   5358.7059   4.0  1  1
		  9  115    43.19  5349.00479   5349.0054   4.0  1  1
		  9  115   104.50  5347.97087   5347.9714   4.0  1  1
		  9  115   197.93  5346.37708   5346.3778   4.0  1  1
		  9  115   259.70  5345.31119   5345.3117   4.0  1  1
		  9  115   358.78  5343.58157   5343.5812   4.0  1  1
		  9  115   531.97  5340.49886   5340.4982   4.0  1  1
		  9  115   722.79  5337.01562   5337.0154   4.0  1  1
		  9  115  1088.77  5330.08139   5330.0804   4.0  1  1
		  9  115  1125.12  5329.37448   5329.3745   4.0  1  1
		  9  115  1247.27   5326.9753   5326.9756   4.0  1  1
		  9  115  1282.46  5326.27746   5326.2774   4.0  1  1
		  9  115  1324.86   5325.4324   5325.4317   4.0  1  1
		  9  115  1339.32  5325.14328   5325.1438   4.0  1  1
		  9  115  1450.64  5322.89965   5322.8988   4.0  1  1
		  9  115  1554.95  5320.76994   5320.7699   4.0  1  1
		  9  115  1668.31  5318.42509   5318.4268   4.0  1  1
		  9  115  1712.87  5317.49491   5317.4944   4.0  1  1
		  9  115  1929.48  5312.90417   5312.9045   4.0  1  1
		  9  115  1946.95  5312.52893   5312.5288   4.0  1  1
		  9  115  1971.48  5312.00073   5312.0018   4.0  1  1
		 10  116   185.53   5300.5232   5300.5234   4.0  1  1
		 10  116   316.06  5298.28253   5298.2824   4.0  1  1
		 10  116   347.12  5297.74317   5297.7431   4.0  1  1
		 10  116   430.71  5296.27946   5296.2787   4.0  1  1
		 10  116   497.96  5295.08947   5295.0886   4.0  1  1
		 10  116   536.74  5294.39796   5294.3971   4.0  1  1
		 10  116   679.68  5291.81725   5291.8163   4.0  1  1
		 10  116   784.19   5289.8984   5289.8974   4.0  1  1
		 10  116   945.33  5286.88687    5286.887   4.0  1  1
		 10  116  1218.81  5281.62994   5281.6285   4.0  1  1
		 10  116  1247.46  5281.06861   5281.0687   4.0  1  1
		 10  116  1283.96  5280.35057   5280.3441   4.0  1  0
		 10  116  1297.31  5280.08711   5280.0855   4.0  1  1
		 10  116  1427.31  5277.49916   5277.5002   4.0  1  1
		 10  116  1444.89  5277.14617    5277.146   4.0  1  1
		 10  116  1481.50  5276.40829   5276.4089   4.0  1  1
		 10  116  1594.12   5274.1184   5274.1188   4.0  1  1
		 10  116  1642.20  5273.13139   5273.1317   4.0  1  1
		 10  116  1652.14  5272.92649    5272.927   4.0  1  1
		 10  116  1665.80  5272.64487   5272.6439   4.0  1  1
		 10  116  1780.29  5270.26538    5270.266   4.0  1  1
		 10  116  1948.59  5266.71048   5266.7103   4.0  1  1
		 10  116  2002.78  5265.55142   5265.5514   4.0  1  1
		 10  116  2190.90  5261.47278    5261.472   4.0  1  1
		 10  116  2253.18  5260.10392   5260.1041   4.0  1  1
		 10  116  2331.87  5258.36105   5258.3602   4.0  1  1
		 10  116  2505.46  5254.46434   5254.4648   4.0  1  1
		 10  116  2550.44  5253.44289   5253.4441   4.0  1  1
		 10  116  2662.63  5250.87459   5250.8727   4.0  1  1
		 10  116  2801.46  5247.65537   5247.6547   4.0  1  1
		 10  116  3115.80  5240.19863   5240.1968   4.0  1  1
		 10  116  3142.56  5239.55324    5239.552   4.0  1  1
		 10  116  3173.13  5238.81369   5238.8137   4.0  1  1
		 10  116  3365.66  5234.10685   5234.1069   4.0  1  1
		 10  116  3401.38   5233.2241   5233.2254   4.0  1  1
		 10  116  3484.52  5231.15804   5231.1597   4.0  1  1
		 10  116  3601.43  5228.22593   5228.2246   4.0  1  1
		 11  117   231.61  5254.46408   5254.4648   4.0  1  1
		 11  117   291.44  5253.44396   5253.4441   4.0  1  1
		 11  117   439.95  5250.87377   5250.8727   4.0  1  1
		 11  117   621.65  5247.65514   5247.6547   4.0  1  1
		 11  117  1026.27  5240.19634   5240.1968   4.0  1  1
		 11  117  1060.25  5239.55183    5239.552   4.0  1  1
		 11  117  1098.97   5238.8139   5238.8137   4.0  1  1
		 11  117  1341.60  5234.10685   5234.1069   4.0  1  1
		 11  117  1386.28  5233.22451   5233.2254   4.0  1  1
		 11  117  1489.92  5231.15933   5231.1597   4.0  1  1
		 11  117  1597.18  5228.99474   5228.9951   4.0  1  1
		 11  117  1635.03  5228.22441   5228.2246   4.0  1  1
		 11  117  1969.10  5221.27544    5221.271   4.0  1  0
		 11  117  1985.54  5220.92662   5220.9263   4.0  1  1
		 11  117  1995.89  5220.70677   5220.7068   4.0  1  1
		 11  117  2070.62  5219.11106   5219.1099   4.0  1  1
		 11  117  2097.76  5218.52832   5218.5271   4.0  1  1
		 11  117  2177.13  5216.81379   5216.8139   4.0  1  1
		 11  117  2187.17  5216.59602   5216.5966   4.0  1  1
		 11  117  2335.46  5213.34951   5213.3492   4.0  1  1
		 11  117  2430.98  5211.23079   5211.2305   4.0  1  1
		 11  117  2498.33  5209.72394   5209.7246   4.0  1  1
		 11  117  2583.52  5207.80257   5207.8015   4.0  1  1
		 11  117  2699.74  5205.15422   5205.1522   4.0  1  1
		 11  117  2756.59  5203.84721   5203.8479   4.0  1  1
		 11  117  2835.95  5202.00995   5202.0087   4.0  1  1
		 11  117  2957.62  5199.16468   5199.1637   4.0  1  1
		 11  117  2973.09  5198.80043   5198.7999   4.0  1  1
		 11  117  3039.31  5197.23514    5197.236   4.0  1  1
		 11  117  3099.05   5195.8142   5195.8136   4.0  1  1
		 11  117  3155.68  5194.45959   5194.4576   4.0  1  1
		 11  117  3182.03  5193.82684   5193.8256   4.0  1  1
		 11  117  3304.29   5190.8694    5190.872   4.0  1  1
		 11  117  3431.94  5187.74518   5187.7462   4.0  1  1
		 11  117  3448.53  5187.33645   5187.3374   4.0  1  1
		 11  117  3485.89  5186.41351   5186.4132   4.0  1  1
		 11  117  3564.75  5184.45464   5184.4534   4.0  1  1
		 11  117  3861.04  5176.96865    5176.961   4.0  1  0
		 12  118    27.13  5213.34905   5213.3492   4.0  1  1
		 12  118   155.58  5211.23096   5211.2305   4.0  1  1
		 12  118   245.44  5209.72516   5209.7246   4.0  1  1
		 12  118   358.54  5207.80161   5207.8015   4.0  1  1
		 12  118   511.37  5205.15242   5205.1522   4.0  1  1
		 12  118   585.54  5203.84617   5203.8479   4.0  1  1
		 12  118   688.58  5202.00904   5202.0087   4.0  1  1
		 12  118   845.43  5199.16305   5199.1637   4.0  1  1
		 12  118   865.24  5198.79937   5198.7999   4.0  1  1
		 12  118   949.81  5197.23601    5197.236   4.0  1  1
		 12  118  1025.90  5195.81448   5195.8136   4.0  1  1
		 12  118  1097.80  5194.45853   5194.4576   4.0  1  1
		 12  118  1131.16  5193.82517   5193.8256   4.0  1  1
		 12  118  1284.93    5190.871    5190.872   4.0  1  1
		 12  118  1444.47  5187.74586   5187.7462   4.0  1  1
		 12  118  1465.14  5187.33638   5187.3374   4.0  1  1
		 12  118  1511.60  5186.41256   5186.4132   4.0  1  1
		 12  118  1595.60  5184.72919   5184.7315   4.0  1  1
		 12  118  1609.29  5184.45327   5184.4534   4.0  1  1
		 12  118  1632.27  5183.98898   5183.9896   4.0  1  1
		 12  118  1651.24   5183.6048   5183.6044   4.0  1  1
		 12  118  1676.45  5183.09303   5183.0897   4.0  1  0
		 12  118  1704.26  5182.52654   5182.5269   4.0  1  1
		 12  118  1792.35  5180.72042   5180.7209   4.0  1  1
		 12  118  1900.39  5178.47989     5178.48   4.0  1  1
		 12  118  1941.49  5177.62049   5177.6228   4.0  1  1
		 12  118  1972.86  5176.96178    5176.961   4.0  1  1
		 12  118  1999.40  5176.40253   5176.4037   4.0  1  1
		 12  118  2007.60  5176.22947   5176.2292   4.0  1  1
		 12  118  2022.63  5175.91181   5175.9115   4.0  1  1
		 12  118  2050.36  5175.32427   5175.3248   4.0  1  1
		 12  118  2075.09  5174.79874   5174.7988   4.0  1  1
		 12  118  2127.88  5173.67226   5173.6715   4.0  1  1
		 12  118  2347.15  5168.92282   5168.9225   4.0  1  1
		 12  118  2450.12  5166.65361   5166.6553   4.0  1  1
		 12  118  2489.75  5165.77371   5165.7728   4.0  1  1
		 12  118  2593.24  5163.45859   5163.4584   4.0  1  1
		 12  118  2645.26  5162.28541   5162.2846   4.0  1  1
		 12  118  2678.18  5161.53967   5161.5396   4.0  1  1
		 12  118  2806.64  5158.60586   5158.6041   4.0  1  1
		 12  118  2994.60  5154.24428    5154.243   4.0  1  1
		 12  118  3106.39  5151.61152    5151.612   4.0  1  1
		 12  118  3207.45  5149.20684   5149.2069   4.0  1  1
		 12  118  3248.94  5148.21274   5148.2115   4.0  1  1
		 12  118  3338.40  5146.05605   5146.0557   4.0  1  1
		 12  118  3369.29  5145.30706   5145.3083   4.0  1  1
		 12  118  3426.45  5143.91529   5143.9165   4.0  1  1
		 12  118  3453.00   5143.2664   5143.2673   4.0  1  1
		 12  118  3513.51  5141.78141   5141.7827   4.0  1  1
		 12  118  3795.58  5134.74903    5134.746   4.0  1  1
		 13  119    66.52  5168.92337   5168.9225   4.0  1  1
		 13  119   204.36  5166.65432   5166.6553   4.0  1  1
		 13  119   257.12  5165.77347   5165.7728   4.0  1  1
		 13  119   393.83  5163.45953   5163.4584   4.0  1  1
		 13  119   462.15  5162.28593   5162.2846   4.0  1  1
		 13  119   505.30  5161.53903   5161.5396   4.0  1  1
		 13  119   672.38  5158.60401   5158.6041   4.0  1  1
		 13  119   913.83  5154.24326    5154.243   4.0  1  1
		 13  119  1055.86  5151.61264    5151.612   4.0  1  1
		 13  119  1183.50  5149.20716   5149.2069   4.0  1  1
		 13  119  1235.70  5148.21239   5148.2115   4.0  1  1
		 13  119  1347.69  5146.05584   5146.0557   4.0  1  1
		 13  119  1386.18  5145.30779   5145.3083   4.0  1  1
		 13  119  1457.35  5143.91526   5143.9165   4.0  1  1
		 13  119  1490.32  5143.26595   5143.2673   4.0  1  1
		 13  119  1565.18  5141.78256   5141.7827   4.0  1  1
		 13  119  1615.69  5140.77395   5140.7736   4.0  1  1
		 13  119  1778.92  5137.47358   5137.4733   4.0  1  1
		 13  119  1845.08  5136.11814    5136.121   4.0  1  1
		 13  119  1911.54  5134.74598    5134.746   4.0  1  1
		 13  119  2086.93  5131.07524    5131.072   4.0  1  0
		 13  119  2126.57  5130.23561   5130.2338   4.0  1  1
		 13  119  2208.44  5128.48981   5128.4897   4.0  1  1
		 13  119  2326.32  5125.94886   5125.9502   4.0  1  1
		 13  119  2347.52  5125.48847   5125.4895   4.0  1  1
		 13  119  2483.91  5122.50153   5122.4995   4.0  1  1
		 13  119  2717.27  5117.29083   5117.2923   4.0  1  1
		 13  119  2816.18  5115.04431   5115.0448   4.0  1  1
		 13  119  2979.74  5111.28034   5111.2781   4.0  1  1
		 13  119  3046.27  5109.73177   5109.7331   4.0  1  1
		 13  119  3408.27  5101.12867   5101.1299   4.0  1  1
		 13  119  3429.36  5100.61835   5100.6211   4.0  1  1
		 13  119  3535.24  5098.04074   5098.0432   4.0  1  1
		 13  119  3598.61   5096.4861   5096.4848   4.0  1  1
		 14  120    61.75  5125.94938   5125.9502   4.0  1  1
		 14  120    90.31  5125.48718   5125.4895   4.0  1  1
		 14  120   271.93  5122.50147   5122.4995   4.0  1  1
		 14  120   577.99  5117.28952   5117.2923   4.0  1  1
		 14  120   705.86  5115.04511   5115.0448   4.0  1  1
		 14  120   915.59   5111.2789   5111.2781   4.0  1  1
		 14  120  1000.11  5109.73137   5109.7331   4.0  1  1
		 14  120  1454.10  5101.12903   5101.1299   4.0  1  1
		 14  120  1480.19  5100.61985   5100.6211   4.0  1  1
		 14  120  1610.93  5098.04398   5098.0432   4.0  1  1
		 14  120  1689.12  5096.48447   5096.4848   4.0  1  1
		 14  120  1759.70  5095.06433   5095.0639   4.0  1  1
		 14  120  2004.38  5090.05103   5090.0513   4.0  1  1
		 14  120  2044.46   5089.2164   5089.2192   4.0  1  1
		 14  120  2188.85  5086.17921   5086.1774   4.0  1  1
		 14  120  2230.45  5085.29516   5085.2955   4.0  1  1
		 14  120  2244.58  5084.99387   5084.9935   4.0  1  1
		 14  120  2409.43  5081.44608   5081.4462   4.0  1  1
		 14  120  2514.97   5079.1417   5079.1374   4.0  1  0
		 14  120  2680.94  5075.46605   5075.4659   4.0  1  1
		 14  120  2717.54    5074.647   5074.6465   4.0  1  1
		 14  120  2951.67  5069.33541   5069.3384   4.0  1  1
		 14  120  3010.78  5067.97469   5067.9737   4.0  1  1
		 14  120  3046.92  5067.13885   5067.1379   4.0  1  1
		 14  120  3062.47  5066.77823   5066.7773   4.0  1  1
		 14  120  3090.11  5066.13606   5066.1355   4.0  1  1
		 14  120  3141.19  5064.94455   5064.9454   4.0  1  1
		 14  120  3155.81   5064.6024    5064.602   4.0  1  1
		 14  120  3202.15  5063.51494   5063.5157   4.0  1  1
		 14  120  3226.86  5062.93296   5062.9325   4.0  1  1
		 14  120  3264.79  5062.03702   5062.0371   4.0  1  1
		 14  120  3280.89  5061.65583   5061.6562   4.0  1  1
		 14  120  3356.40  5059.85989   5059.8611   4.0  1  1
		 14  120  3434.64  5057.98558   5057.9866   4.0  1  1
		 14  120  3543.80  5055.34749   5055.3473   4.0  1  1
		 14  120  3685.06  5051.89377   5051.8887   4.0  1  0
		 14  120  3729.88  5050.78875   5050.7842   4.0  1  0
		 15  121   195.43  5081.44625   5081.4462   4.0  1  1
		 15  121   552.06  5075.46555   5075.4659   4.0  1  1
		 15  121   599.56  5074.64595   5074.6465   4.0  1  1
		 15  121   900.14  5069.33488   5069.3384   4.0  1  0
		 15  121   975.32    5067.973   5067.9737   4.0  1  1
		 15  121  1021.03  5067.13839   5067.1379   4.0  1  1
		 15  121  1040.68  5066.77815   5066.7773   4.0  1  1
		 15  121  1075.56   5066.1364   5066.1355   4.0  1  1
		 15  121  1139.85  5064.94599   5064.9454   4.0  1  1
		 15  121  1158.35  5064.60156    5064.602   4.0  1  1
		 15  121  1190.55  5064.00025   5063.9988   4.0  1  1
		 15  121  1216.43  5063.51512   5063.5157   4.0  1  1
		 15  121  1247.43    5062.932   5062.9325   4.0  1  1
		 15  121  1294.74  5062.03773   5062.0371   4.0  1  1
		 15  121  1314.82  5061.65672   5061.6562   4.0  1  1
		 15  121  1408.74  5059.86146   5059.8611   4.0  1  1
		 15  121  1505.71  5057.98619   5057.9866   4.0  1  1
		 15  121  1640.29   5055.3471   5055.3473   4.0  1  1
		 15  121  1813.51  5051.88844   5051.8887   4.0  1  1
		 15  121  1868.12  5050.78349   5050.7842   4.0  1  1
		 15  121  1916.60  5049.79688    5049.796   4.0  1  1
		 15  121  1958.68  5048.93601   5048.9366   4.0  1  1
		 15  121  2050.50  5047.04365   5047.0434   4.0  1  1
		 15  121  2070.10  5046.63711   5046.6372   4.0  1  1
		 15  121  2083.71   5046.3542   5046.3527   4.0  1  1
		 15  121  2136.71  5045.24901   5045.2481   4.0  1  1
		 15  121  2161.97  5044.71997   5044.7195   4.0  1  1
		 15  121  2219.24  5043.51496   5043.5145   4.0  1  1
		 15  121  2309.56  5041.59932   5041.5998   4.0  1  1
		 15  121  2331.87   5041.1233   5041.1224   4.0  1  1
		 15  121  2352.51  5040.68193   5040.6805   4.0  1  1
		 15  121  2406.34   5039.5259   5039.5265   4.0  1  1
		 15  121  2420.09  5039.22974   5039.2303   4.0  1  1
		 15  121  2463.10  5038.29995   5038.3018   4.0  1  1
		 15  121  2535.41  5036.72757   5036.7284   4.0  1  1
		 15  121  2597.73  5035.36255   5035.3375   4.0  1  0
		 15  121  2843.57  5029.89256   5029.8916   4.0  1  1
		 15  121  2882.57  5029.01218   5029.0119   4.0  1  1
		 15  121  2898.38  5028.65443   5028.6556   4.0  1  1
		 15  121  3114.39  5023.70843   5023.7084   4.0  1  1
		 15  121  3187.70  5022.00605   5022.0051   4.0  1  1
		 15  121  3219.91  5021.25421   5021.2531   4.0  1  1
		 15  121  3281.67  5019.80621   5019.8062   4.0  1  1
		 15  121  3356.02  5018.05146   5018.0535   4.0  1  1
		 15  121  3376.04    5017.577   5017.5084   4.0  1  0
		 15  121  3393.54  5017.16139   5017.1628   4.0  1  1
		 15  121  3419.84  5016.53575   5016.5356   4.0  1  1
		 15  121  3446.92   5015.8898   5015.8893   4.0  1  1
		 15  121  3717.73  5009.34006   5009.3344   4.0  1  0
		 16  122   114.44  5041.12236   5041.1224   4.0  1  1
		 16  122   141.98  5040.68035   5040.6805   4.0  1  1
		 16  122   213.33  5039.52665   5039.5265   4.0  1  1
		 16  122   231.50  5039.23087   5039.2303   4.0  1  1
		 16  122   383.32  5036.72904   5036.7284   4.0  1  1
		 16  122   782.40  5029.89144   5029.8916   4.0  1  1
		 16  122   797.21  5029.63038   5029.6295   4.0  1  1
		 16  122   832.18  5029.01196   5029.0119   4.0  1  1
		 16  122   852.31   5028.6547   5028.6556   4.0  1  1
		 16  122  1125.64  5023.70945   5023.7084   4.0  1  1
		 16  122  1217.64  5022.00559   5022.0051   4.0  1  1
		 16  122  1257.90  5021.25369   5021.2531   4.0  1  1
		 16  122  1295.89  5020.54085   5020.5458   4.0  1  0
		 16  122  1334.82  5019.80667   5019.8062   4.0  1  1
		 16  122  1427.07  5018.05319   5018.0535   4.0  1  1
		 16  122  1455.43  5017.51007   5017.5084   4.0  1  1
		 16  122  1473.53  5017.16242   5017.1628   4.0  1  1
		 16  122  1506.12   5016.5347   5016.5356   4.0  1  1
		 16  122  1539.47  5015.88981   5015.8893   4.0  1  1
		 16  122  1597.81  5014.75545   5014.7539   4.0  1  1
		 16  122  1678.89  5013.16577   5013.1647   4.0  1  1
		 16  122  1764.20  5011.47674   5011.4774   4.0  1  1
		 16  122  1817.39  5010.41504   5010.4174   4.0  1  1
		 16  122  1871.24  5009.33366   5009.3344   4.0  1  1
		 16  122  1927.83  5008.19016   5008.1897   4.0  1  1
		 16  122  2125.97    5004.128   5004.1279   4.0  1  1
		 16  122  2151.50  5003.59817   5003.5981   4.0  1  1
		 16  122  2223.43  5002.09698   5002.0972   4.0  1  1
		 16  122  2311.34  5000.24649   5000.2463   4.0  1  1
		 16  122  2325.77  4999.94106   4999.9398   4.0  1  1
		 16  122  2597.28  4994.10594   4994.1058   4.0  1  1
		 16  122  2613.56  4993.75077   4993.7488   4.0  1  1
		 16  122  2664.73  4992.63046   4992.6372   4.0  1  0
		 16  122  2687.66  4992.12654   4992.1257   4.0  1  1
		 16  122  2814.85   4989.3097   4989.3086   4.0  1  1
		 16  122  2893.11   4987.5583   4987.5582   4.0  1  1
		 16  122  2911.41    4987.147    4987.147   4.0  1  1
		 16  122  2964.49  4985.94899   4985.9486   4.0  1  1
		 16  122  2989.96  4985.37219   4985.3725   4.0  1  1
		 16  122  3116.38  4982.48665   4982.4875   4.0  1  1
		 16  122  3183.09  4980.94964   4980.9513   4.0  1  1
		 16  122  3216.31   4980.1807   4980.1859   4.0  1  0
		 16  122  3556.71  4972.15899   4972.1597   4.0  1  1
		 16  122  3848.24  4965.08544   4965.0795   4.0  1  0
		 17  123   485.14  4994.10613   4994.1058   4.0  1  1
		 17  123   506.38  4993.74934   4993.7488   4.0  1  1
		 17  123   572.54  4992.63149   4992.6372   4.0  1  0
		 17  123   602.26  4992.12588   4992.1257   4.0  1  1
		 17  123   765.68  4989.30909   4989.3086   4.0  1  1
		 17  123   865.47  4987.55808   4987.5582   4.0  1  1
		 17  123   888.69   4987.1473    4987.147   4.0  1  1
		 17  123   956.05  4985.94862   4985.9486   4.0  1  1
		 17  123   988.27  4985.37155   4985.3725   4.0  1  1
		 17  123  1090.06  4983.53232   4983.5324   4.0  1  1
		 17  123  1147.33  4982.48703   4982.4875   4.0  1  1
		 17  123  1230.76  4980.95063   4980.9513   4.0  1  1
		 17  123  1241.30  4980.75534   4980.7561   4.0  1  1
		 17  123  1272.21  4980.18116   4980.1859   4.0  1  0
		 17  123  1420.74   4977.3916   4977.3906   4.0  1  1
		 17  123  1462.65  4976.59528   4976.5938   4.0  1  1
		 17  123  1496.54  4975.94835   4975.9485   4.0  1  1
		 17  123  1541.32  4975.08944   4975.0917   4.0  1  1
		 17  123  1692.30   4972.1598   4972.1597   4.0  1  1
		 17  123  1797.99  4970.07784   4970.0785   4.0  1  1
		 17  123  1864.48  4968.75508   4968.7556   4.0  1  1
		 17  123  1919.51  4967.65263   4967.6529   4.0  1  1
		 17  123  2014.58  4965.73162   4965.7315   4.0  1  1
		 17  123  2046.60  4965.07988   4965.0795   4.0  1  1
		 17  123  2138.91  4963.18832   4963.1881   4.0  1  1
		 17  123  2193.46  4962.06143   4962.0621   4.0  1  1
		 17  123  2209.60  4961.72676    4961.726   4.0  1  1
		 17  123  2226.33  4961.37924   4961.3814   4.0  1  1
		 17  123  2353.16  4958.72363    4958.724   4.0  1  1
		 17  123  2382.77  4958.09827   4958.0988   4.0  1  1
		 17  123  2420.60  4957.29665   4957.2963   4.0  1  1
		 17  123  2596.30  4953.53123    4953.532   4.0  1  1
		 17  123  2635.10  4952.69025   4952.6908   4.0  1  1
		 17  123  2729.64  4950.62732   4950.6264   4.0  1  1
		 17  123  2746.74  4950.25193   4950.2513   4.0  1  1
		 17  123  2867.98  4947.57257   4947.5752   4.0  1  1
		 17  123  2908.71  4946.66485   4946.6637   4.0  1  1
		 17  123  2962.59  4945.45862   4945.4587   4.0  1  1
		 17  123  3068.68  4943.06487   4943.0642   4.0  1  1
		 17  123  3141.06  4941.41709    4941.416   4.0  1  1
		 17  123  3218.51  4939.64132   4939.6422   4.0  1  1
		 17  123  3234.62  4939.27029   4939.2707   4.0  1  1
		 17  123  3267.82  4938.50374   4938.5047   4.0  1  1
		 17  123  3296.99  4937.82841   4937.8295   4.0  1  1
		 17  123  3342.38  4936.77354   4936.7746   4.0  1  1
		 17  123  3494.47  4933.20621   4933.2091   4.0  1  0
		 17  123  3721.62  4927.78385   4927.7803   4.0  1  1
		 18  124   225.20  4958.09724   4958.0988   4.0  1  1
		 18  124   274.91   4957.2975   4957.2963   4.0  1  1
		 18  124   554.54  4952.69118   4952.6908   4.0  1  1
		 18  124   676.41  4950.62637   4950.6264   4.0  1  1
		 18  124   698.36  4950.25066   4950.2513   4.0  1  1
		 18  124   853.02  4947.57243   4947.5752   4.0  1  1
		 18  124   904.78  4946.66381   4946.6637   4.0  1  1
		 18  124   972.90  4945.45839   4945.4587   4.0  1  1
		 18  124  1106.44  4943.06408   4943.0642   4.0  1  1
		 18  124  1169.61  4941.91722   4941.9174   4.0  1  1
		 18  124  1197.04  4941.41638    4941.416   4.0  1  1
		 18  124  1293.46  4939.64189   4939.6422   4.0  1  1
		 18  124  1313.48  4939.27068   4939.2707   4.0  1  1
		 18  124  1324.73  4939.06177   4939.0605   4.0  1  1
		 18  124  1354.64  4938.50477   4938.5047   4.0  1  1
		 18  124  1390.73  4937.83003   4937.8295   4.0  1  1
		 18  124  1446.83  4936.77526   4936.7746   4.0  1  1
		 18  124  1575.44  4934.33001   4934.3306   4.0  1  1
		 18  124  1600.41  4933.85088   4933.8521   4.0  1  1
		 18  124  1633.70  4933.20989   4933.2091   4.0  1  1
		 18  124  1799.23  4929.98507    4929.985   4.0  1  1
		 18  124  1844.81  4929.08612    4929.086   4.0  1  1
		 18  124  1910.62  4927.78002   4927.7803   4.0  1  1
		 18  124  1934.70  4927.29956   4927.2988   4.0  1  1
		 18  124  1986.91  4926.25357   4926.2529   4.0  1  1
		 18  124  2002.02  4925.94952   4925.9501   4.0  1  1
		 18  124  2028.09  4925.42407   4925.4254   4.0  1  1
		 18  124  2077.55  4924.42277   4924.4223   4.0  1  1
		 18  124  2150.11  4922.94382   4922.9442   4.0  1  1
		 18  124  2214.82  4921.61493   4921.6134   4.0  1  1
		 18  124  2301.67   4919.8166   4919.8157   4.0  1  1
		 18  124  2397.04  4917.82214    4917.822   4.0  1  1
		 18  124  2510.76  4915.41765   4915.4155   4.0  1  1
		 18  124  2645.56  4912.52982   4912.5293   4.0  1  1
		 18  124  2668.57  4912.03278   4912.0428   4.0  1  0
		 18  124  2698.71  4911.38009   4911.3787   4.0  1  1
		 18  124  2754.86  4910.15851   4910.1576   4.0  1  1
		 18  124  2769.27  4909.84386   4909.8431   4.0  1  1
		 18  124  2889.14  4907.20921   4907.2093   4.0  1  1
		 18  124  2999.66  4904.75171   4904.7516   4.0  1  1
		 18  124  3086.81  4902.79479   4902.7943   4.0  1  1
		 18  124  3119.60  4902.05421   4902.0545   4.0  1  1
		 18  124  3243.26  4899.23995   4899.2401   4.0  1  1
		 18  124  3262.20  4898.80596   4898.8044   4.0  1  1
		 18  124  3428.89  4894.95235   4894.9551   4.0  1  1
		 18  124  3493.50  4893.44253   4893.4453   4.0  1  0
		 18  124  3522.59  4892.75951   4892.7592   4.0  1  1
		 18  124  3679.45  4889.04593   4889.0422   4.0  1  1
		 19  125    23.60  4921.61234   4921.6134   4.0  1  1
		 19  125    87.44  4920.62232    4920.623   4.0  1  1
		 19  125   139.00  4919.81586   4919.8157   4.0  1  1
		 19  125   588.09  4912.52883   4912.5293   4.0  1  1
		 19  125   617.71  4912.03173   4912.0428   4.0  1  0
		 19  125   656.43  4911.37888   4911.3787   4.0  1  1
		 19  125   690.78  4910.79679   4910.7929   4.0  1  0
		 19  125   705.35  4910.54893   4910.5488   4.0  1  1
		 19  125   728.33   4910.1573   4910.1576   4.0  1  1
		 19  125   746.63  4909.84437   4909.8431   4.0  1  1
		 19  125   899.04  4907.20894   4907.2093   4.0  1  1
		 19  125  1038.42  4904.75193   4904.7516   4.0  1  1
		 19  125  1147.67  4902.79486   4902.7943   4.0  1  1
		 19  125  1342.36  4899.23945   4899.2401   4.0  1  1
		 19  125  1365.80  4898.80553   4898.8044   4.0  1  1
		 19  125  1570.93  4894.95531   4894.9551   4.0  1  1
		 19  125  1650.01  4893.44532   4893.4453   4.0  1  1
		 19  125  1685.64  4892.76039   4892.7592   4.0  1  1
		 19  125  1742.55  4891.66056   4891.6606   4.0  1  1
		 19  125  1774.56  4891.03856   4891.0379   4.0  1  1
		 19  125  1804.40  4890.45682   4890.4582   4.0  1  1
		 19  125  1835.15  4889.85505   4889.8553   4.0  1  1
		 19  125  1853.72  4889.49075   4889.4903   4.0  1  1
		 19  125  1876.54  4889.04199   4889.0422   4.0  1  1
		 19  125  1916.14   4888.2603   4888.2612   4.0  1  1
		 19  125  1986.45  4886.86378   4886.8661   4.0  1  1
		 19  125  2215.23    4882.243   4882.2432   4.0  1  1
		 19  125  2234.28  4881.85298   4881.8531   4.0  1  1
		 19  125  2265.83  4881.20529   4881.2046   4.0  1  1
		 19  125  2330.79  4879.86443   4879.8635   4.0  1  1
		 19  125  2355.54  4879.35115   4879.3497   4.0  1  1
		 19  125  2385.31  4878.73206    4878.733   4.0  1  1
		 19  125  2419.91  4878.00979   4878.0094   4.0  1  1
		 19  125  2429.38  4877.81182   4877.8128   4.0  1  1
		 19  125  2467.99  4877.00207   4877.0015   4.0  1  1
		 19  125  2492.11  4876.49452   4876.4949   4.0  1  1
		 19  125  2592.62  4874.36555   4874.3645   4.0  1  1
		 19  125  2660.37  4872.91789   4872.9169   4.0  1  1
		 19  125  2701.59  4872.03217   4872.0309   4.0  1  1
		 19  125  2736.04  4871.28903    4871.289   4.0  1  1
		 19  125  2846.78  4868.88249   4868.8814   4.0  1  1
		 19  125  2862.97   4868.5284   4868.5277   4.0  1  1
		 19  125  2874.54  4868.27492   4868.2742   4.0  1  1
		 19  125  2907.32  4867.55536    4867.556   4.0  1  1
		 19  125  3001.45  4865.47608   4865.4775   4.0  1  1
		 19  125  3169.46  4861.71663   4861.7173   4.0  1  1
		 19  125  3191.58   4861.2172   4861.2167   4.0  1  1
		 19  125  3318.49  4858.33045   4858.3327   4.0  1  1
		 19  125  3554.46  4852.86974   4852.8685   4.0  1  1
		 19  125  3657.75  4850.44156   4850.4397   4.0  1  1
		 19  125  3745.24  4848.36686   4848.3625   4.0  1  0
		 19  125  3768.43  4847.81435   4847.8095   4.0  1  0
		 20  126    45.14   4882.2434   4882.2432   4.0  1  1
		 20  126   112.46  4881.20395   4881.2046   4.0  1  1
		 20  126   198.28  4879.86356   4879.8635   4.0  1  1
		 20  126   269.80  4878.73331    4878.733   4.0  1  1
		 20  126   315.19   4878.0099   4878.0094   4.0  1  1
		 20  126   327.52  4877.81261   4877.8128   4.0  1  1
		 20  126   377.90  4877.00261   4877.0015   4.0  1  1
		 20  126   409.27  4876.49533   4876.4949   4.0  1  1
		 20  126   539.53   4874.3644   4874.3645   4.0  1  1
		 20  126   626.60  4872.91825   4872.9169   4.0  1  1
		 20  126   679.52  4872.03079   4872.0309   4.0  1  1
		 20  126   723.48  4871.28876    4871.289   4.0  1  1
		 20  126   864.36  4868.88054   4868.8814   4.0  1  1
		 20  126   884.72  4868.52875   4868.5277   4.0  1  1
		 20  126   899.47  4868.27325   4868.2742   4.0  1  1
		 20  126   940.74  4867.55584    4867.556   4.0  1  1
		 20  126  1034.53  4865.91107     4865.91   4.0  1  1
		 20  126  1059.07  4865.47751   4865.4775   4.0  1  1
		 20  126  1268.67   4861.7175   4861.7173   4.0  1  1
		 20  126  1296.22   4861.2159   4861.2167   4.0  1  1
		 20  126  1452.77  4858.33296   4858.3327   4.0  1  1
		 20  126  1495.42  4857.53789   4857.5385   4.0  1  1
		 20  126  1741.60  4852.86881   4852.8685   4.0  1  1
		 20  126  1866.93  4850.43937   4850.4397   4.0  1  1
		 20  126  1896.49  4849.86131   4849.8617   4.0  1  1
		 20  126  1933.29  4849.13898   4849.1399   4.0  1  1
		 20  126  1972.66   4848.3627   4848.3625   4.0  1  1
		 20  126  2000.61  4847.80953   4847.8095   4.0  1  1
		 20  126  2024.97  4847.32605   4847.3263   4.0  1  1
		 20  126  2133.19  4845.16208   4845.1626   4.0  1  1
		 20  126  2153.42  4844.75463   4844.7553   4.0  1  1
		 20  126  2182.55  4844.16629   4844.1653   4.0  1  1
		 20  126  2280.77  4842.16895   4842.1676   4.0  1  1
		 20  126  2345.43  4840.84231   4840.8492   4.0  1  0
		 20  126  2363.30  4840.47419   4840.4744   4.0  1  1
		 20  126  2465.52  4838.35404   4838.3546   4.0  1  1
		 20  126  2510.58  4837.41235   4837.4121   4.0  1  1
		 20  126  2728.09  4832.80312   4832.8025   4.0  1  1
		 20  126  2745.68   4832.4258   4832.4233   4.0  1  1
		 20  126  2784.22  4831.59683   4831.5975   4.0  1  1
		 20  126  2806.29  4831.12052   4831.1213   4.0  1  1
		 20  126  2867.37  4829.79707   4829.7973   4.0  1  1
		 20  126  3008.83   4826.7007   4826.7004   4.0  1  1
		 20  126  3130.74  4823.99732   4823.9967   4.0  1  1
		 20  126  3148.33  4823.60457   4823.6058   4.0  1  1
		 20  126  3181.84  4822.85456   4822.8548   4.0  1  1
		 20  126  3225.92   4821.8644   4821.8646   4.0  1  1
		 20  126  3238.26  4821.58626   4821.5878   4.0  1  1
		 20  126  3269.40  4820.88349   4820.8847   4.0  1  1
		 20  126  3287.96  4820.46354   4820.4649   4.0  1  1
		 20  126  3343.98  4819.19124    4819.193   4.0  1  1
		 20  126  3367.91  4818.64592   4818.6477   4.0  1  1
		 20  126  3574.11  4813.89459   4813.8963   4.0  1  1
		 20  126  3756.39  4809.61834    4809.614   4.0  1  0
		 20  126  3818.50    4808.145   4808.1337   4.0  1  0
		 21  127   261.20  4840.47426   4840.4744   4.0  1  1
		 21  127   732.31   4832.8022   4832.8025   4.0  1  1
		 21  127   754.76  4832.42398   4832.4233   4.0  1  1
		 21  127   803.57  4831.59756   4831.5975   4.0  1  1
		 21  127   831.57  4831.12112   4831.1213   4.0  1  1
		 21  127   908.81  4829.79733   4829.7973   4.0  1  1
		 21  127   974.54  4828.66027   4828.6596   4.0  1  1
		 21  127  1086.51  4826.70051   4826.7004   4.0  1  1
		 21  127  1202.05  4824.64876   4824.6484   4.0  1  1
		 21  127  1238.43  4823.99633   4823.9967   4.0  1  1
		 21  127  1260.17  4823.60518   4823.6058   4.0  1  1
		 21  127  1283.61  4823.18224   4823.1823   4.0  1  1
		 21  127  1301.68  4822.85513   4822.8548   4.0  1  1
		 21  127  1347.93  4822.01496    4822.014   4.0  1  1
		 21  127  1356.24  4821.86366   4821.8646   4.0  1  1
		 21  127  1371.39   4821.5871   4821.5878   4.0  1  1
		 21  127  1409.70  4820.88541   4820.8847   4.0  1  1
		 21  127  1432.59  4820.46464   4820.4649   4.0  1  1
		 21  127  1501.43  4819.19219    4819.193   4.0  1  1
		 21  127  1530.65  4818.64876   4818.6477   4.0  1  1
		 21  127  1617.58  4817.02109   4817.0206   4.0  1  1
		 21  127  1782.01  4813.89601   4813.8963   4.0  1  1
		 21  127  1791.21  4813.71944   4813.7204   4.0  1  1
		 21  127  1828.29  4813.00569   4813.0069   4.0  1  1
		 21  127  1860.88  4812.37569   4812.3755   4.0  1  1
		 21  127  2002.40  4809.61312    4809.614   4.0  1  1
		 21  127  2077.31  4808.13297   4808.1337   4.0  1  1
		 21  127  2183.18  4806.01971   4806.0205   4.0  1  1
		 21  127  2285.43  4803.95548   4803.9559   4.0  1  1
		 21  127  2348.49  4802.67087   4802.6714   4.0  1  1
		 21  127  2427.44  4801.05018   4801.0517   4.0  1  1
		 21  127  2469.91  4800.17274   4800.1724   4.0  1  1
		 21  127  2673.40  4795.91399   4795.9131   4.0  1  1
		 21  127  2767.82  4793.90722   4793.9052   4.0  1  1
		 21  127  2798.72  4793.24618   4793.2446   4.0  1  1
		 21  127  2852.88  4792.08262   4792.0819   4.0  1  1
		 21  127  2879.13  4791.51649   4791.5157   4.0  1  1
		 21  127  2928.97  4790.43731   4790.4373   4.0  1  1
		 21  127  2977.30  4789.38568   4789.3868   4.0  1  1
		 21  127  3079.39  4787.14796    4787.148   4.0  1  1
		 21  127  3107.26  4786.53298    4786.531   4.0  1  1
		 21  127  3227.46  4783.86217   4783.8617   4.0  1  1
		 21  127  3276.60  4782.76125   4782.7612   4.0  1  1
		 21  127  3365.80  4780.74976   4780.7505   4.0  1  1
		 21  127  3473.79  4778.29153    4778.294   4.0  1  1
		 21  127  3521.72   4777.1925   4777.1915   4.0  1  1
		 21  127  3582.34  4775.79565    4775.794   4.0  1  1
	offset	106
	niterate 3
	lowreject 3.
	highreject 3.
	coefficients	24
		1.
		4.
		4.
		1.
		1.
		3881.
		107.
		127.
		610695.4698730381
		-4791.076593517286
		-262.6762731080305
		1.937529621971203
		14.2823013567804
		-17.04274304441337
		-1.998662479902178
		0.1586453047988243
		-0.9504726687286236
		-0.505669921301333
		-0.2796188639407213
		-0.09691364477961277
		0.105040395992317
		0.04543807774410094
		0.07534168511512372
		0.01950424830757976

# Thu 20:21:26 03-Apr-2003
begin	ecidentify refThAr_580_r_2148x4096
	id	refThAr_580_r_2148x4096
	task	ecidentify
	image	refThAr_580_r_2148x4096
	units	pixel
	features	936
		  1  107     4.80  5749.38881   5749.3883   4.0  1  1
		  1  107    40.91  5748.74057   5748.7412   4.0  1  1
		  1  107   115.76  5747.38563   5747.3849   4.0  1  1
		  1  107   126.34  5747.19289   5747.1931   4.0  1  1
		  1  107   401.01  5742.08373   5742.0838   4.0  1  1
		  1  107   414.48  5741.82793    5741.829   4.0  1  1
		  1  107   449.02   5741.1699   5741.1705   4.0  1  1
		  1  107   534.85  5739.52078   5739.5196   4.0  1  1
		  1  107   713.31  5736.02904   5736.0297   4.0  1  1
		  1  107  1012.59  5729.98324   5729.9823   4.0  1  1
		  1  107  1122.19  5727.71012   5727.7103   4.0  1  1
		  1  107  1232.57  5725.38859   5725.3885   4.0  1  1
		  1  107  1276.16    5724.463   5724.4638   4.0  1  1
		  1  107  1286.73  5724.23777   5724.2374   4.0  1  1
		  1  107  1474.77  5720.18272   5720.1828   4.0  1  1
		  1  107  1500.45  5719.62167   5719.6227   4.0  1  1
		  1  107  1611.71  5717.17131   5717.1711   4.0  1  1
		  1  107  1676.77   5715.7235   5715.7244   4.0  1  1
		  1  107  2054.42  5707.10265   5707.1033   4.0  1  1
		  1  107  2117.05  5705.63718   5705.6371   4.0  1  1
		  1  107  2243.43  5702.64973   5702.6511   4.0  1  1
		  1  107  2424.64  5698.29432   5698.2937   4.0  1  1
		  1  107  2502.76  5696.39092   5696.3904   4.0  1  1
		  1  107  2694.18  5691.66098   5691.6612   4.0  1  1
		  1  107  2732.87  5690.69368   5690.6934   4.0  1  1
		  1  107  2865.53  5687.34802   5687.3489   4.0  1  1
		  1  107  2950.14  5685.19108   5685.1921   4.0  1  1
		  1  107  3188.95  5679.00555    5679.005   4.0  1  1
		  1  107  3263.25  5677.05188   5677.0529   4.0  1  1
		  1  107  3341.21   5674.9871   5674.9864   4.0  1  1
		  1  107  3384.49  5673.83422   5673.8358   4.0  1  1
		  1  107  3632.89  5667.12711   5667.1281   4.0  1  1
		  1  107  3658.80  5666.41879   5666.4185   4.0  1  1
		  1  107  3687.65  5665.62814   5665.6283   4.0  1  1
		  1  107  3703.95  5665.18049   5665.1799   4.0  1  1
		  1  107  3724.33  5664.61976    5664.621   4.0  1  1
		  1  107  3781.49  5663.04184    5663.042   4.0  1  1
		  2  108   254.99  5691.66139   5691.6612   4.0  1  1
		  2  108   485.46  5687.34756   5687.3489   4.0  1  1
		  2  108   597.85  5685.19265   5685.1921   4.0  1  1
		  2  108   911.44  5679.00392    5679.005   4.0  1  1
		  2  108  1007.68  5677.05275   5677.0529   4.0  1  1
		  2  108  1108.27  5674.98747   5674.9864   4.0  1  1
		  2  108  1163.77  5673.83661   5673.8358   4.0  1  1
		  2  108  1479.93  5667.12784   5667.1281   4.0  1  1
		  2  108  1512.61  5666.41941   5666.4185   4.0  1  1
		  2  108  1548.97  5665.62821   5665.6283   4.0  1  1
		  2  108  1569.51  5665.17968   5665.1799   4.0  1  1
		  2  108  1595.04  5664.62075    5664.621   4.0  1  1
		  2  108  1666.72  5663.04228    5663.042   4.0  1  1
		  2  108  1773.88  5660.65788   5660.6594   4.0  1  1
		  2  108  1895.12  5657.92445   5657.9255   4.0  1  1
		  2  108  2001.68  5655.49078   5655.4897   4.0  1  1
		  2  108  2065.37  5654.02247   5654.0234   4.0  1  1
		  2  108  2113.64  5652.90257    5652.902   4.0  1  1
		  2  108  2207.62  5650.70546   5650.7043   4.0  1  1
		  2  108  2280.33     5648.99    5648.991   4.0  1  1
		  2  108  2334.41  5647.70549   5647.7069   4.0  1  1
		  2  108  2386.85  5646.45272   5646.4514   4.0  1  1
		  2  108  2410.19  5645.89274   5645.8947   4.0  1  1
		  2  108  2419.54  5645.66822   5645.6688   4.0  1  1
		  2  108  2425.51  5645.52473   5645.5249   4.0  1  1
		  2  108  2581.73  5641.73605   5641.7342   4.0  1  1
		  2  108  2589.00  5641.55824   5641.5575   4.0  1  1
		  2  108  2662.73  5639.74755   5639.7461   4.0  1  1
		  2  108  2818.35  5635.88057   5635.8792   4.0  1  1
		  2  108  2921.06  5633.29504    5633.295   4.0  1  1
		  2  108  3038.86  5630.29701   5630.2969   4.0  1  1
		  2  108  3217.66  5625.68039   5625.6782   4.0  1  1
		  2  108  3247.09  5624.91293   5624.9129   4.0  1  1
		  2  108  3434.42  5619.97721   5619.9755   4.0  1  1
		  2  108  3522.00  5617.63985   5617.6417   4.0  1  1
		  2  108  3727.96  5612.06866   5612.0679   4.0  1  1
		  2  108  3778.64  5610.68177   5610.6809   4.0  1  1
		  3  109   129.86  5641.73543   5641.7342   4.0  1  1
		  3  109   139.78  5641.55754   5641.5575   4.0  1  1
		  3  109   239.96  5639.74676   5639.7461   4.0  1  1
		  3  109   449.11  5635.88084   5635.8792   4.0  1  1
		  3  109   585.62  5633.29551    5633.295   4.0  1  1
		  3  109   740.84  5630.29649   5630.2969   4.0  1  1
		  3  109   973.73  5625.67873   5625.6782   4.0  1  1
		  3  109  1011.64  5624.91362   5624.9129   4.0  1  1
		  3  109  1251.96  5619.97725   5619.9755   4.0  1  1
		  3  109  1363.18  5617.64206   5617.6417   4.0  1  1
		  3  109  1379.81   5617.2902   5617.2897   4.0  1  1
		  3  109  1408.09  5616.69015   5616.6908   4.0  1  1
		  3  109  1472.37  5615.31859   5615.3195   4.0  1  1
		  3  109  1597.50  5612.61821   5612.6174   4.0  1  1
		  3  109  1622.74  5612.06865   5612.0679   4.0  1  1
		  3  109  1686.19  5610.67993   5610.6809   4.0  1  1
		  3  109  1736.31  5609.57568   5609.5735   4.0  1  1
		  3  109  1864.03  5606.73285    5606.733   4.0  1  1
		  3  109  1879.49  5606.38589   5606.3861   4.0  1  1
		  3  109  1962.41  5604.51458   5604.5154   4.0  1  1
		  3  109  2089.89  5601.60368   5601.6032   4.0  1  1
		  3  109  2174.28  5599.65407   5599.6548   4.0  1  1
		  3  109  2224.68   5598.4812   5598.4794   4.0  1  1
		  3  109  2267.67  5597.47551   5597.4756   4.0  1  1
		  3  109  2369.98  5595.06376   5595.0635   4.0  1  1
		  3  109  2395.43  5594.45966   5594.4604   4.0  1  1
		  3  109  2431.02  5593.61219   5593.6129   4.0  1  1
		  3  109  2576.58  5590.11307   5590.1127   4.0  1  1
		  3  109  2674.29  5587.73455   5587.7351   4.0  1  1
		  3  109  2703.22  5587.02578   5587.0263   4.0  1  1
		  3  109  2751.21  5585.84517   5585.8472   4.0  1  1
		  3  109  2835.32  5583.76257   5583.7621   4.0  1  1
		  3  109  2871.32  5582.86574   5582.8665   4.0  1  1
		  3  109  2907.29  5581.96637   5581.9668   4.0  1  1
		  3  109  2955.55  5580.75474   5580.7547   4.0  1  1
		  3  109  2982.47  5580.07621   5580.0771   4.0  1  1
		  3  109  3010.88  5579.35839   5579.3583   4.0  1  1
		  3  109  3076.74   5577.6866   5577.6845   4.0  1  1
		  3  109  3134.69  5576.20653   5576.2045   4.0  1  1
		  3  109  3185.04  5574.91401   5574.9153   4.0  1  1
		  3  109  3245.50  5573.35367   5573.3535   4.0  1  1
		  3  109  3294.06  5572.09375   5572.0951   4.0  1  1
		  3  109  3328.67  5571.19233   5571.1913   4.0  1  1
		  3  109  3338.85  5570.92674   5570.9268   4.0  1  1
		  3  109  3753.38  5559.89142   5559.8912   4.0  1  1
		  3  109  3797.13  5558.70221    5558.702   4.0  1  1
		  3  109  3810.32   5558.3429   5558.3422   4.0  1  1
		  4  110   282.55  5587.73311   5587.7351   4.0  1  1
		  4  110   321.39  5587.02589   5587.0263   4.0  1  1
		  4  110   385.65  5585.84707   5585.8472   4.0  1  1
		  4  110   497.83  5583.76323   5583.7621   4.0  1  1
		  4  110   545.55  5582.86697   5582.8665   4.0  1  1
		  4  110   656.74  5580.75547   5580.7547   4.0  1  1
		  4  110   692.11  5580.07708   5580.0771   4.0  1  1
		  4  110   729.43  5579.35774   5579.3583   4.0  1  1
		  4  110   815.53  5577.68443   5577.6845   4.0  1  1
		  4  110   890.86  5576.20467   5576.2045   4.0  1  1
		  4  110   955.97  5574.91391   5574.9153   4.0  1  1
		  4  110  1033.92   5573.3542   5573.3535   4.0  1  1
		  4  110  1096.31  5572.09458   5572.0951   4.0  1  1
		  4  110  1140.70  5571.19224   5571.1913   4.0  1  1
		  4  110  1153.67  5570.92765   5570.9268   4.0  1  1
		  4  110  1476.57  5564.20129   5564.2011   4.0  1  1
		  4  110  1677.10   5559.8904   5559.8912   4.0  1  1
		  4  110  1731.55  5558.70212    5558.702   4.0  1  1
		  4  110  1748.00  5558.34178   5558.3422   4.0  1  1
		  4  110  1767.18  5557.92057   5557.9214   4.0  1  1
		  4  110  1806.89  5557.04567   5557.0454   4.0  1  1
		  4  110  1847.45  5556.14795   5556.1487   4.0  1  1
		  4  110  1875.25  5555.53036   5555.5312   4.0  1  1
		  4  110  2004.97  5552.62216   5552.6229   4.0  1  1
		  4  110  2060.21  5551.37091   5551.3719   4.0  1  1
		  4  110  2199.72  5548.17687   5548.1758   4.0  1  1
		  4  110  2244.75  5547.13543   5547.1339   4.0  1  1
		  4  110  2288.45  5546.11996   5546.1204   4.0  1  1
		  4  110  2301.89   5545.8066   5545.8058   4.0  1  1
		  4  110  2334.30  5545.04918   5545.0495   4.0  1  1
		  4  110  2426.11  5542.88975     5542.89   4.0  1  1
		  4  110  2466.43  5541.93473   5541.9357   4.0  1  1
		  4  110  2481.33  5541.58073   5541.5815   4.0  1  1
		  4  110  2499.59  5541.14628   5541.1466   4.0  1  1
		  4  110  2551.33   5539.9104   5539.9106   4.0  1  1
		  4  110  2578.38  5539.26177   5539.2618   4.0  1  1
		  4  110  2605.51  5538.60923   5538.6087   4.0  1  1
		  4  110  2649.19  5537.55509   5537.5563   4.0  1  1
		  4  110  2714.46  5535.97083    5535.971   4.0  1  1
		  4  110  2928.65  5530.69809   5530.6977   4.0  1  1
		  4  110  2953.65  5530.07528   5530.0763   4.0  1  1
		  4  110  2992.75  5529.09797   5529.0972   4.0  1  1
		  4  110  3027.47  5528.22713   5528.2272   4.0  1  1
		  4  110  3064.45  5527.29623   5527.2953   4.0  1  1
		  4  110  3281.93  5521.75458   5521.7532   4.0  1  1
		  4  110  3379.32  5519.23522   5519.2353   4.0  1  1
		  4  110  3388.75  5518.99005   5518.9893   4.0  1  1
		  4  110  3545.95  5514.87155   5514.8731   4.0  1  1
		  4  110  3729.26  5509.99319   5509.9938   4.0  1  1
		  4  110  3782.60  5508.55825   5508.5585   4.0  1  1
		  5  111    47.34  5541.58188   5541.5815   4.0  1  1
		  5  111    72.38  5541.14568   5541.1466   4.0  1  1
		  5  111   142.75  5539.91107   5539.9106   4.0  1  1
		  5  111   179.48  5539.26161   5539.2618   4.0  1  1
		  5  111   216.24  5538.60794   5538.6087   4.0  1  1
		  5  111   275.03  5537.55537   5537.5563   4.0  1  1
		  5  111   362.58  5535.97124    5535.971   4.0  1  1
		  5  111   646.51  5530.69733   5530.6977   4.0  1  1
		  5  111   679.32  5530.07456   5530.0763   4.0  1  1
		  5  111   730.54  5529.09668   5529.0972   4.0  1  1
		  5  111   775.76  5528.22761   5528.2272   4.0  1  1
		  5  111   823.99  5527.29517   5527.2953   4.0  1  1
		  5  111   943.54  5524.95782    5524.957   4.0  1  1
		  5  111   962.54  5524.58303   5524.5824   4.0  1  1
		  5  111  1104.46  5521.75409   5521.7532   4.0  1  1
		  5  111  1228.67  5519.23601   5519.2353   4.0  1  1
		  5  111  1240.68   5518.9904   5518.9893   4.0  1  1
		  5  111  1439.48  5514.87263   5514.8731   4.0  1  1
		  5  111  1669.04  5509.99336   5509.9938   4.0  1  1
		  5  111  1735.41  5508.55788   5508.5585   4.0  1  1
		  5  111  1782.25  5507.53817   5507.5385   4.0  1  1
		  5  111  1810.55   5506.9194   5506.9196   4.0  1  1
		  5  111  1847.22  5506.11465   5506.1128   4.0  1  1
		  5  111  1929.32  5504.30068   5504.3018   4.0  1  1
		  5  111  2034.82  5501.94504   5501.9439   4.0  1  1
		  5  111  2064.35  5501.28068   5501.2814   4.0  1  1
		  5  111  2136.52  5499.64773   5499.6478   4.0  1  1
		  5  111  2153.76  5499.25594   5499.2554   4.0  1  1
		  5  111  2200.69  5498.18511   5498.1841   4.0  1  1
		  5  111  2289.77  5496.13765    5496.137   4.0  1  1
		  5  111  2301.12  5495.87541   5495.8738   4.0  1  1
		  5  111  2367.65  5494.33151   5494.3306   4.0  1  1
		  5  111  2415.93  5493.20427    5493.204   4.0  1  1
		  5  111  2439.84  5492.64377   5492.6435   4.0  1  1
		  5  111  2590.16  5489.08846   5489.0885   4.0  1  1
		  5  111  2597.00  5488.92542   5488.9254   4.0  1  1
		  5  111  2609.41  5488.62912   5488.6287   4.0  1  1
		  5  111  2642.38  5487.84036   5487.8414   4.0  1  1
		  5  111  2795.38   5484.1447   5484.1467   4.0  1  1
		  5  111  3001.54  5479.07466   5479.0751   4.0  1  1
		  5  111  3330.88  5470.75999   5470.7591   4.0  1  1
		  5  111  3583.53  5464.20347   5464.2055   4.0  1  1
		  5  111  3643.90  5462.61413   5462.6129   4.0  1  1
		  6  112    17.56  5492.64294   5492.6435   4.0  1  1
		  6  112   221.55  5489.08873   5489.0885   4.0  1  1
		  6  112   230.78  5488.92543   5488.9254   4.0  1  1
		  6  112   247.53   5488.6285   5488.6287   4.0  1  1
		  6  112   291.75  5487.84091   5487.8414   4.0  1  1
		  6  112   495.59  5484.14536   5484.1467   4.0  1  1
		  6  112   670.45  5480.89036   5480.8907   4.0  1  1
		  6  112   766.23  5479.07431   5479.0751   4.0  1  1
		  6  112   845.53  5477.55296   5477.5522   4.0  1  1
		  6  112  1190.03  5470.75898   5470.7591   4.0  1  1
		  6  112  1508.80  5464.20543   5464.2055   4.0  1  1
		  6  112  1584.47  5462.61242   5462.6129   4.0  1  1
		  6  112  1625.77  5461.73672   5461.7358   4.0  1  1
		  6  112  1755.12  5458.96711   5458.9676   4.0  1  1
		  6  112  2062.47  5452.21877   5452.2187   4.0  1  1
		  6  112  2087.72  5451.65411    5451.652   4.0  1  1
		  6  112  2184.34  5449.47835   5449.4788   4.0  1  1
		  6  112  2237.50  5448.27129   5448.2719   4.0  1  1
		  6  112  2286.47  5447.15334   5447.1536   4.0  1  1
		  6  112  2436.57  5443.69016   5443.6893   4.0  1  1
		  6  112  2461.13  5443.11819   5443.1187   4.0  1  1
		  6  112  2542.44  5441.21389   5441.2145   4.0  1  1
		  6  112  2568.46  5440.60123   5440.6015   4.0  1  1
		  6  112  2594.34  5439.99023   5439.9891   4.0  1  1
		  6  112  2672.40  5438.13716   5438.1374   4.0  1  1
		  6  112  2703.74  5437.38888   5437.3877   4.0  1  1
		  6  112  2766.16  5435.89154   5435.8925   4.0  1  1
		  6  112  2773.16  5435.72308   5435.7236   4.0  1  1
		  6  112  2798.06  5435.12287   5435.1229   4.0  1  1
		  6  112  2838.23  5434.15098   5434.1514   4.0  1  1
		  6  112  2856.80  5433.70064   5433.7005   4.0  1  1
		  6  112  2873.56  5433.29314   5433.2919   4.0  1  1
		  6  112  2895.31  5432.76351    5432.765   4.0  1  1
		  6  112  2962.81  5431.11272    5431.112   4.0  1  1
		  6  112  3044.36  5429.10334   5429.1048   4.0  1  1
		  6  112  3152.69  5426.40943   5426.4075   4.0  1  1
		  6  112  3181.82  5425.68029   5425.6783   4.0  1  1
		  6  112  3248.33  5424.00759   5424.0079   4.0  1  1
		  6  112  3334.02  5421.83673   5421.8359   4.0  1  1
		  6  112  3439.98   5419.1283   5419.1285   4.0  1  1
		  6  112  3503.79  5417.48433   5417.4858   4.0  1  1
		  6  112  3579.50  5415.52091   5415.5226   4.0  1  1
		  6  112  3760.58  5410.76989   5410.7687   4.0  1  1
		  7  113    39.48  5443.68873   5443.6893   4.0  1  1
		  7  113    72.78  5443.11882   5443.1187   4.0  1  1
		  7  113   182.98  5441.21306   5441.2145   4.0  1  1
		  7  113   217.99  5440.60117   5440.6015   4.0  1  1
		  7  113   252.75  5439.99043   5439.9891   4.0  1  1
		  7  113   357.17  5438.13734   5438.1374   4.0  1  1
		  7  113   398.91  5437.38871   5437.3877   4.0  1  1
		  7  113   481.64  5435.89194   5435.8925   4.0  1  1
		  7  113   490.97  5435.72209   5435.7236   4.0  1  1
		  7  113   523.75  5435.12339   5435.1229   4.0  1  1
		  7  113   576.62  5434.15198   5434.1514   4.0  1  1
		  7  113   601.05  5433.70076   5433.7005   4.0  1  1
		  7  113   623.16  5433.29119   5433.2919   4.0  1  1
		  7  113   651.44  5432.76533    5432.765   4.0  1  1
		  7  113   739.64  5431.11245    5431.112   4.0  1  1
		  7  113   845.42  5429.10414   5429.1048   4.0  1  1
		  7  113   985.25  5426.40609   5426.4075   4.0  1  1
		  7  113  1022.50  5425.67893   5425.6783   4.0  1  1
		  7  113  1107.45  5424.00789   5424.0079   4.0  1  1
		  7  113  1216.49  5421.83632   5421.8359   4.0  1  1
		  7  113  1350.45  5419.12778   5419.1285   4.0  1  1
		  7  113  1430.59  5417.48602   5417.4858   4.0  1  1
		  7  113  1525.42  5415.52262   5415.5226   4.0  1  1
		  7  113  1750.69  5410.76923   5410.7687   4.0  1  1
		  7  113  1895.28  5407.65211   5407.6535   4.0  1  1
		  7  113  1909.47  5407.34351   5407.3439   4.0  1  1
		  7  113  1936.49  5406.75433   5406.7553   4.0  1  1
		  7  113  2097.77  5403.20037   5403.1993   4.0  1  1
		  7  113  2124.48  5402.60549   5402.6048   4.0  1  1
		  7  113  2234.16  5400.14499   5400.1455   4.0  1  1
		  7  113  2257.36  5399.62066   5399.6218   4.0  1  1
		  7  113  2277.08  5399.17408   5399.1745   4.0  1  1
		  7  113  2297.88  5398.70191   5398.7015   4.0  1  1
		  7  113  2349.88  5397.51713    5397.516   4.0  1  1
		  7  113  2469.70  5394.76172   5394.7608   4.0  1  1
		  7  113  2519.75  5393.60049   5393.5995   4.0  1  1
		  7  113  2563.77  5392.57407   5392.5726   4.0  1  1
		  7  113  2755.42  5388.05066   5388.0507   4.0  1  1
		  7  113  2815.62  5386.61165   5386.6107   4.0  1  1
		  7  113  2922.49  5384.03519   5384.0356   4.0  1  1
		  7  113  2968.12  5382.92683   5382.9276   4.0  1  1
		  7  113  3031.88  5381.36972   5381.3709   4.0  1  1
		  7  113  3123.60  5379.11251   5379.1105   4.0  1  1
		  7  113  3134.73  5378.83721   5378.8356   4.0  1  1
		  7  113  3217.53  5376.78014   5376.7809   4.0  1  1
		  7  113  3243.53  5376.13103   5376.1304   4.0  1  1
		  7  113  3258.01  5375.76874   5375.7688   4.0  1  1
		  7  113  3274.57  5375.35356   5375.3526   4.0  1  1
		  7  113  3295.71  5374.82295   5374.8219   4.0  1  1
		  7  113  3379.72  5372.70334   5372.7027   4.0  1  1
		  7  113  3458.22  5370.70785   5370.7096   4.0  1  1
		  7  113  3507.55  5369.44632    5369.447   4.0  1  1
		  7  113  3514.01  5369.28068   5369.2819   4.0  1  1
		  7  113  3772.40  5362.57456   5362.5751   4.0  1  1
		  8  114   110.15  5394.76091   5394.7608   4.0  1  1
		  8  114   177.73  5393.59944   5393.5995   4.0  1  1
		  8  114   236.87  5392.57347   5392.5726   4.0  1  1
		  8  114   491.72  5388.05096   5388.0507   4.0  1  1
		  8  114   570.97  5386.61112   5386.6107   4.0  1  1
		  8  114   710.61  5384.03569   5384.0356   4.0  1  1
		  8  114   769.86   5382.9281   5382.9276   4.0  1  1
		  8  114   852.41  5381.37037   5381.3709   4.0  1  1
		  8  114   970.57  5379.11076   5379.1105   4.0  1  1
		  8  114   984.81  5378.83606   5378.8356   4.0  1  1
		  8  114  1090.57  5376.78044   5376.7809   4.0  1  1
		  8  114  1123.66  5376.13152   5376.1304   4.0  1  1
		  8  114  1142.07  5375.76933   5375.7688   4.0  1  1
		  8  114  1163.22  5375.35217   5375.3526   4.0  1  1
		  8  114  1190.02  5374.82199   5374.8219   4.0  1  1
		  8  114  1296.30  5372.70193   5372.7027   4.0  1  1
		  8  114  1394.93  5370.70943   5370.7096   4.0  1  1
		  8  114  1456.77  5369.44779    5369.447   4.0  1  1
		  8  114  1464.84  5369.28237   5369.2819   4.0  1  1
		  8  114  1785.87  5362.57551   5362.5751   4.0  1  1
		  8  114  1852.38   5361.1544   5361.1556   4.0  1  1
		  8  114  1899.14  5360.14878   5360.1501   4.0  1  1
		  8  114  1914.09  5359.82611   5359.8269   4.0  1  1
		  8  114  1965.78  5358.70632   5358.7059   4.0  1  1
		  8  114  2105.99  5355.63626   5355.6365   4.0  1  1
		  8  114  2152.71  5354.60266   5354.6016   4.0  1  1
		  8  114  2276.57  5351.83669   5351.8365   4.0  1  1
		  8  114  2308.13  5351.12601   5351.1265   4.0  1  1
		  8  114  2381.67  5349.46063   5349.4608   4.0  1  1
		  8  114  2401.67  5349.00538   5349.0054   4.0  1  1
		  8  114  2446.93  5347.97168   5347.9714   4.0  1  1
		  8  114  2516.35  5346.37669   5346.3778   4.0  1  1
		  8  114  2562.42   5345.3118   5345.3117   4.0  1  1
		  8  114  2636.77  5343.58228   5343.5812   4.0  1  1
		  8  114  2767.92  5340.49952   5340.4982   4.0  1  1
		  8  114  2914.10  5337.01473   5337.0154   4.0  1  1
		  8  114  3198.80  5330.08194   5330.0804   4.0  1  1
		  8  114  3227.38  5329.37531   5329.3745   4.0  1  1
		  8  114  3323.84  5326.97622   5326.9756   4.0  1  1
		  8  114  3351.75  5326.27782   5326.2774   4.0  1  1
		  8  114  3385.48  5325.43151   5325.4317   4.0  1  1
		  8  114  3396.96  5325.14293   5325.1438   4.0  1  1
		  8  114  3485.75  5322.89996   5322.8988   4.0  1  1
		  8  114  3569.46  5320.76826   5320.7699   4.0  1  1
		  9  115    16.00  5349.46032   5349.4608   4.0  1  1
		  9  115    43.19   5349.0049   5349.0054   4.0  1  1
		  9  115   104.50  5347.97098   5347.9714   4.0  1  1
		  9  115   197.93  5346.37715   5346.3778   4.0  1  1
		  9  115   259.70  5345.31129   5345.3117   4.0  1  1
		  9  115   358.78   5343.5816   5343.5812   4.0  1  1
		  9  115   531.97  5340.49892   5340.4982   4.0  1  1
		  9  115   722.79  5337.01561   5337.0154   4.0  1  1
		  9  115  1088.77  5330.08132   5330.0804   4.0  1  1
		  9  115  1108.43   5329.6995   5329.6979   4.0  1  1
		  9  115  1125.12  5329.37448   5329.3745   4.0  1  1
		  9  115  1247.27  5326.97535   5326.9756   4.0  1  1
		  9  115  1282.46  5326.27737   5326.2774   4.0  1  1
		  9  115  1324.86  5325.43234   5325.4317   4.0  1  1
		  9  115  1339.32  5325.14322   5325.1438   4.0  1  1
		  9  115  1450.64  5322.89957   5322.8988   4.0  1  1
		  9  115  1554.95  5320.76983   5320.7699   4.0  1  1
		  9  115  1668.31    5318.425   5318.4268   4.0  1  1
		  9  115  1712.87  5317.49473   5317.4944   4.0  1  1
		  9  115  1929.48  5312.90397   5312.9045   4.0  1  1
		  9  115  1946.95  5312.52865   5312.5288   4.0  1  1
		  9  115  1971.48  5312.00054   5312.0018   4.0  1  1
		  9  115  2051.58  5310.26596   5310.2665   4.0  1  1
		  9  115  2081.73  5309.60909   5309.6093   4.0  1  1
		  9  115  2179.45  5307.46468   5307.4655   4.0  1  1
		  9  115  2201.11  5306.98633   5306.9864   4.0  1  1
		  9  115  2450.20  5301.40388   5301.4043   4.0  1  1
		  9  115  2488.88  5300.52369   5300.5234   4.0  1  1
		  9  115  2586.62  5298.28345   5298.2824   4.0  1  1
		  9  115  2610.04  5297.74326   5297.7431   4.0  1  1
		  9  115  2673.27  5296.27856   5296.2787   4.0  1  1
		  9  115  2724.34  5295.08848   5295.0886   4.0  1  1
		  9  115  2753.84   5294.3982   5294.3971   4.0  1  1
		  9  115  2863.42  5291.81601   5291.8163   4.0  1  1
		  9  115  2944.00  5289.89917   5289.8974   4.0  1  1
		  9  115  3069.29  5286.88816    5286.887   4.0  1  1
		  9  115  3284.49  5281.63011   5281.6285   4.0  1  1
		  9  115  3307.23  5281.06815   5281.0687   4.0  1  1
		  9  115  3450.54  5277.49868   5277.5002   4.0  1  1
		  9  115  3464.65  5277.14475    5277.146   4.0  1  1
		  9  115  3493.88  5276.40983   5276.4089   4.0  1  1
		  9  115  3584.55  5274.11764   5274.1188   4.0  1  1
		  9  115  3623.28   5273.1325   5273.1317   4.0  1  1
		  9  115  3631.29  5272.92841    5272.927   4.0  1  1
		 10  116   133.42  5301.40577   5301.4043   4.0  1  1
		 10  116   185.53  5300.52322   5300.5234   4.0  1  1
		 10  116   316.06  5298.28256   5298.2824   4.0  1  1
		 10  116   347.12   5297.7432   5297.7431   4.0  1  1
		 10  116   430.71   5296.2795   5296.2787   4.0  1  1
		 10  116   497.96  5295.08942   5295.0886   4.0  1  1
		 10  116   536.74  5294.39799   5294.3971   4.0  1  1
		 10  116   679.68  5291.81728   5291.8163   4.0  1  1
		 10  116   784.19   5289.8984   5289.8974   4.0  1  1
		 10  116   945.33  5286.88692    5286.887   4.0  1  1
		 10  116  1218.81   5281.6299   5281.6285   4.0  1  1
		 10  116  1247.46  5281.06861   5281.0687   4.0  1  1
		 10  116  1297.31  5280.08706   5280.0855   4.0  1  1
		 10  116  1427.31  5277.49917   5277.5002   4.0  1  1
		 10  116  1444.89  5277.14604    5277.146   4.0  1  1
		 10  116  1481.50  5276.40824   5276.4089   4.0  1  1
		 10  116  1594.12  5274.11829   5274.1188   4.0  1  1
		 10  116  1642.20  5273.13126   5273.1317   4.0  1  1
		 10  116  1652.14  5272.92644    5272.927   4.0  1  1
		 10  116  1665.80  5272.64467   5272.6439   4.0  1  1
		 10  116  1780.29   5270.2653    5270.266   4.0  1  1
		 10  116  1948.59  5266.71026   5266.7103   4.0  1  1
		 10  116  2002.78  5265.55118   5265.5514   4.0  1  1
		 10  116  2190.90  5261.47248    5261.472   4.0  1  1
		 10  116  2253.18   5260.1036   5260.1041   4.0  1  1
		 10  116  2331.87   5258.3607   5258.3602   4.0  1  1
		 10  116  2505.46  5254.46394   5254.4648   4.0  1  1
		 10  116  2550.44  5253.44256   5253.4441   4.0  1  1
		 10  116  2662.63  5250.87411   5250.8727   4.0  1  1
		 10  116  2801.46  5247.65473   5247.6547   4.0  1  1
		 10  116  3115.80  5240.19795   5240.1968   4.0  1  1
		 10  116  3142.56  5239.55247    5239.552   4.0  1  1
		 10  116  3173.13    5238.813   5238.8137   4.0  1  1
		 10  116  3365.66  5234.10611   5234.1069   4.0  1  1
		 10  116  3401.38  5233.22336   5233.2254   4.0  1  1
		 10  116  3601.43  5228.22493   5228.2246   4.0  1  1
		 11  117   231.61  5254.46406   5254.4648   4.0  1  1
		 11  117   291.44  5253.44402   5253.4441   4.0  1  1
		 11  117   439.95  5250.87378   5250.8727   4.0  1  1
		 11  117   621.65  5247.65512   5247.6547   4.0  1  1
		 11  117  1026.27  5240.19634   5240.1968   4.0  1  1
		 11  117  1060.25  5239.55182    5239.552   4.0  1  1
		 11  117  1098.97   5238.8138   5238.8137   4.0  1  1
		 11  117  1341.60   5234.1068   5234.1069   4.0  1  1
		 11  117  1386.28  5233.22447   5233.2254   4.0  1  1
		 11  117  1489.92  5231.15925   5231.1597   4.0  1  1
		 11  117  1597.18  5228.99464   5228.9951   4.0  1  1
		 11  117  1635.03  5228.22428   5228.2246   4.0  1  1
		 11  117  1985.54  5220.92638   5220.9263   4.0  1  1
		 11  117  1995.89  5220.70652   5220.7068   4.0  1  1
		 11  117  2070.62  5219.11075   5219.1099   4.0  1  1
		 11  117  2097.76  5218.52795   5218.5271   4.0  1  1
		 11  117  2177.13  5216.81356   5216.8139   4.0  1  1
		 11  117  2187.17   5216.5957   5216.5966   4.0  1  1
		 11  117  2335.46  5213.34905   5213.3492   4.0  1  1
		 11  117  2430.98  5211.23028   5211.2305   4.0  1  1
		 11  117  2498.33  5209.72352   5209.7246   4.0  1  1
		 11  117  2583.52  5207.80212   5207.8015   4.0  1  1
		 11  117  2699.74  5205.15366   5205.1522   4.0  1  1
		 11  117  2756.59  5203.84669   5203.8479   4.0  1  1
		 11  117  2835.95  5202.00936   5202.0087   4.0  1  1
		 11  117  2957.62  5199.16409   5199.1637   4.0  1  1
		 11  117  2973.09  5198.79984   5198.7999   4.0  1  1
		 11  117  3039.31  5197.23452    5197.236   4.0  1  1
		 11  117  3099.05  5195.81351   5195.8136   4.0  1  1
		 11  117  3155.68   5194.4589   5194.4576   4.0  1  1
		 11  117  3182.03  5193.82606   5193.8256   4.0  1  1
		 11  117  3431.94  5187.74444   5187.7462   4.0  1  1
		 11  117  3448.53  5187.33571   5187.3374   4.0  1  1
		 11  117  3485.89  5186.41266   5186.4132   4.0  1  1
		 11  117  3564.75  5184.45387   5184.4534   4.0  1  1
		 11  117  3583.32  5183.99066   5183.9896   4.0  1  1
		 11  117  3641.72  5182.52852   5182.5269   4.0  1  1
		 12  118    27.13   5213.3489   5213.3492   4.0  1  1
		 12  118   155.58  5211.23087   5211.2305   4.0  1  1
		 12  118   245.44  5209.72509   5209.7246   4.0  1  1
		 12  118   358.54  5207.80155   5207.8015   4.0  1  1
		 12  118   511.37   5205.1524   5205.1522   4.0  1  1
		 12  118   585.54  5203.84617   5203.8479   4.0  1  1
		 12  118   688.58  5202.00905   5202.0087   4.0  1  1
		 12  118   845.43  5199.16307   5199.1637   4.0  1  1
		 12  118   865.24  5198.79938   5198.7999   4.0  1  1
		 12  118   949.81  5197.23602    5197.236   4.0  1  1
		 12  118  1025.90  5195.81448   5195.8136   4.0  1  1
		 12  118  1097.80  5194.45851   5194.4576   4.0  1  1
		 12  118  1131.16  5193.82515   5193.8256   4.0  1  1
		 12  118  1284.93  5190.87095    5190.872   4.0  1  1
		 12  118  1444.47  5187.74578   5187.7462   4.0  1  1
		 12  118  1465.14  5187.33634   5187.3374   4.0  1  1
		 12  118  1511.60  5186.41249   5186.4132   4.0  1  1
		 12  118  1609.29  5184.45314   5184.4534   4.0  1  1
		 12  118  1632.27  5183.98889   5183.9896   4.0  1  1
		 12  118  1651.24  5183.60465   5183.6044   4.0  1  1
		 12  118  1704.26  5182.52647   5182.5269   4.0  1  1
		 12  118  1792.35  5180.72023   5180.7209   4.0  1  1
		 12  118  1900.39  5178.47976     5178.48   4.0  1  1
		 12  118  1972.86  5176.96143    5176.961   4.0  1  1
		 12  118  1999.40  5176.40228   5176.4037   4.0  1  1
		 12  118  2007.60  5176.22919   5176.2292   4.0  1  1
		 12  118  2022.63   5175.9115   5175.9115   4.0  1  1
		 12  118  2050.36  5175.32399   5175.3248   4.0  1  1
		 12  118  2075.09   5174.7985   5174.7988   4.0  1  1
		 12  118  2127.88  5173.67194   5173.6715   4.0  1  1
		 12  118  2287.60  5170.22357   5170.2227   4.0  1  1
		 12  118  2347.15  5168.92246   5168.9225   4.0  1  1
		 12  118  2450.12  5166.65326   5166.6553   4.0  1  1
		 12  118  2489.75  5165.77329   5165.7728   4.0  1  1
		 12  118  2593.24  5163.45805   5163.4584   4.0  1  1
		 12  118  2645.26  5162.28487   5162.2846   4.0  1  1
		 12  118  2678.18  5161.53918   5161.5396   4.0  1  1
		 12  118  2806.64  5158.60532   5158.6041   4.0  1  1
		 12  118  2994.60  5154.24372    5154.243   4.0  1  1
		 12  118  3106.39  5151.61101    5151.612   4.0  1  1
		 12  118  3207.45  5149.20632   5149.2069   4.0  1  1
		 12  118  3248.94   5148.2122   5148.2115   4.0  1  1
		 12  118  3338.40  5146.05544   5146.0557   4.0  1  1
		 12  118  3369.29  5145.30655   5145.3083   4.0  1  1
		 12  118  3426.45  5143.91481   5143.9165   4.0  1  1
		 12  118  3453.00  5143.26589   5143.2673   4.0  1  1
		 12  118  3513.51  5141.78092   5141.7827   4.0  1  1
		 12  118  3687.08  5137.47494   5137.4733   4.0  1  1
		 13  119    66.52  5168.92311   5168.9225   4.0  1  1
		 13  119   204.36  5166.65421   5166.6553   4.0  1  1
		 13  119   257.12  5165.77334   5165.7728   4.0  1  1
		 13  119   393.83  5163.45943   5163.4584   4.0  1  1
		 13  119   462.15  5162.28591   5162.2846   4.0  1  1
		 13  119   505.30  5161.53902   5161.5396   4.0  1  1
		 13  119   672.38  5158.60404   5158.6041   4.0  1  1
		 13  119   913.83  5154.24328    5154.243   4.0  1  1
		 13  119  1055.86  5151.61264    5151.612   4.0  1  1
		 13  119  1183.50  5149.20714   5149.2069   4.0  1  1
		 13  119  1235.70  5148.21226   5148.2115   4.0  1  1
		 13  119  1347.69  5146.05571   5146.0557   4.0  1  1
		 13  119  1386.18  5145.30771   5145.3083   4.0  1  1
		 13  119  1457.35  5143.91517   5143.9165   4.0  1  1
		 13  119  1490.32  5143.26591   5143.2673   4.0  1  1
		 13  119  1565.18  5141.78244   5141.7827   4.0  1  1
		 13  119  1615.69  5140.77381   5140.7736   4.0  1  1
		 13  119  1778.92  5137.47339   5137.4733   4.0  1  1
		 13  119  1911.54  5134.74578    5134.746   4.0  1  1
		 13  119  1990.38  5133.10453   5133.1051   4.0  1  1
		 13  119  2126.57  5130.23531   5130.2338   4.0  1  1
		 13  119  2208.44   5128.4895   5128.4897   4.0  1  1
		 13  119  2326.32  5125.94858   5125.9502   4.0  1  1
		 13  119  2347.52  5125.48816   5125.4895   4.0  1  1
		 13  119  2483.91   5122.5011   5122.4995   4.0  1  1
		 13  119  2676.87  5118.20158   5118.2023   4.0  1  1
		 13  119  2717.27  5117.29046   5117.2923   4.0  1  1
		 13  119  2816.18  5115.04403   5115.0448   4.0  1  1
		 13  119  2979.74  5111.27999   5111.2781   4.0  1  1
		 13  119  3046.27  5109.73143   5109.7331   4.0  1  1
		 13  119  3408.27  5101.12853   5101.1299   4.0  1  1
		 13  119  3598.61  5096.48597   5096.4848   4.0  1  1
		 14  120    61.75  5125.94914   5125.9502   4.0  1  1
		 14  120   271.93  5122.50137   5122.4995   4.0  1  1
		 14  120   525.42  5118.20073   5118.2023   4.0  1  1
		 14  120   705.86  5115.04507   5115.0448   4.0  1  1
		 14  120   915.59  5111.27891   5111.2781   4.0  1  1
		 14  120  1000.11  5109.73144   5109.7331   4.0  1  1
		 14  120  1454.10  5101.12894   5101.1299   4.0  1  1
		 14  120  1480.19  5100.61975   5100.6211   4.0  1  1
		 14  120  1610.93  5098.04384   5098.0432   4.0  1  1
		 14  120  1689.12   5096.4843   5096.4848   4.0  1  1
		 14  120  1759.70   5095.0641   5095.0639   4.0  1  1
		 14  120  2004.38  5090.05077   5090.0513   4.0  1  1
		 14  120  2188.85  5086.17885   5086.1774   4.0  1  1
		 14  120  2230.45  5085.29485   5085.2955   4.0  1  1
		 14  120  2244.58  5084.99357   5084.9935   4.0  1  1
		 14  120  2258.29  5084.70099   5084.6994   4.0  1  1
		 14  120  2409.43  5081.44576   5081.4462   4.0  1  1
		 14  120  2680.94  5075.46576   5075.4659   4.0  1  1
		 14  120  2717.54  5074.64672   5074.6465   4.0  1  1
		 14  120  3010.78  5067.97453   5067.9737   4.0  1  1
		 14  120  3046.92  5067.13869   5067.1379   4.0  1  1
		 14  120  3062.47   5066.7781   5066.7773   4.0  1  1
		 14  120  3090.11   5066.1359   5066.1355   4.0  1  1
		 14  120  3141.19  5064.94448   5064.9454   4.0  1  1
		 14  120  3155.81  5064.60234    5064.602   4.0  1  1
		 14  120  3202.15  5063.51492   5063.5157   4.0  1  1
		 14  120  3226.86  5062.93296   5062.9325   4.0  1  1
		 14  120  3264.79  5062.03713   5062.0371   4.0  1  1
		 14  120  3280.89  5061.65589   5061.6562   4.0  1  1
		 14  120  3356.40  5059.86004   5059.8611   4.0  1  1
		 14  120  3434.64   5057.9858   5057.9866   4.0  1  1
		 14  120  3543.80  5055.34776   5055.3473   4.0  1  1
		 15  121   195.43  5081.44605   5081.4462   4.0  1  1
		 15  121   552.06  5075.46557   5075.4659   4.0  1  1
		 15  121   599.56  5074.64598   5074.6465   4.0  1  1
		 15  121   975.32  5067.97309   5067.9737   4.0  1  1
		 15  121  1021.03  5067.13841   5067.1379   4.0  1  1
		 15  121  1040.68  5066.77816   5066.7773   4.0  1  1
		 15  121  1075.56  5066.13639   5066.1355   4.0  1  1
		 15  121  1139.85   5064.9459   5064.9454   4.0  1  1
		 15  121  1158.35  5064.60155    5064.602   4.0  1  1
		 15  121  1190.55   5064.0002   5063.9988   4.0  1  1
		 15  121  1216.43  5063.51512   5063.5157   4.0  1  1
		 15  121  1247.43  5062.93201   5062.9325   4.0  1  1
		 15  121  1294.74  5062.03768   5062.0371   4.0  1  1
		 15  121  1314.82   5061.6566   5061.6562   4.0  1  1
		 15  121  1408.74   5059.8613   5059.8611   4.0  1  1
		 15  121  1505.71  5057.98608   5057.9866   4.0  1  1
		 15  121  1640.29  5055.34699   5055.3473   4.0  1  1
		 15  121  1813.51  5051.88823   5051.8887   4.0  1  1
		 15  121  1868.12  5050.78329   5050.7842   4.0  1  1
		 15  121  1916.60  5049.79664    5049.796   4.0  1  1
		 15  121  1958.68  5048.93583   5048.9366   4.0  1  1
		 15  121  2050.50   5047.0433   5047.0434   4.0  1  1
		 15  121  2070.10  5046.63685   5046.6372   4.0  1  1
		 15  121  2083.71  5046.35394   5046.3527   4.0  1  1
		 15  121  2136.71  5045.24871   5045.2481   4.0  1  1
		 15  121  2161.97  5044.71964   5044.7195   4.0  1  1
		 15  121  2219.24  5043.51468   5043.5145   4.0  1  1
		 15  121  2309.56  5041.59907   5041.5998   4.0  1  1
		 15  121  2331.87  5041.12301   5041.1224   4.0  1  1
		 15  121  2352.51  5040.68157   5040.6805   4.0  1  1
		 15  121  2406.34  5039.52569   5039.5265   4.0  1  1
		 15  121  2420.09  5039.22947   5039.2303   4.0  1  1
		 15  121  2463.10  5038.29972   5038.3018   4.0  1  1
		 15  121  2535.41  5036.72732   5036.7284   4.0  1  1
		 15  121  2843.57  5029.89246   5029.8916   4.0  1  1
		 15  121  2855.18  5029.63071   5029.6295   4.0  1  1
		 15  121  2882.57   5029.0121   5029.0119   4.0  1  1
		 15  121  2898.38  5028.65437   5028.6556   4.0  1  1
		 15  121  3114.39  5023.70855   5023.7084   4.0  1  1
		 15  121  3180.48  5022.17433    5022.174   4.0  1  1
		 15  121  3187.70   5022.0062   5022.0051   4.0  1  1
		 15  121  3219.91  5021.25443   5021.2531   4.0  1  1
		 15  121  3281.67  5019.80657   5019.8062   4.0  1  1
		 15  121  3356.02  5018.05205   5018.0535   4.0  1  1
		 15  121  3393.54  5017.16201   5017.1628   4.0  1  1
		 15  121  3419.84  5016.53625   5016.5356   4.0  1  1
		 15  121  3446.92  5015.89032   5015.8893   4.0  1  1
		 16  122    84.66  5041.59803   5041.5998   4.0  1  1
		 16  122   114.44  5041.12217   5041.1224   4.0  1  1
		 16  122   141.98  5040.68019   5040.6805   4.0  1  1
		 16  122   213.33  5039.52654   5039.5265   4.0  1  1
		 16  122   231.50  5039.23077   5039.2303   4.0  1  1
		 16  122   288.29  5038.30149   5038.3018   4.0  1  1
		 16  122   383.32  5036.72903   5036.7284   4.0  1  1
		 16  122   782.40   5029.8915   5029.8916   4.0  1  1
		 16  122   797.21  5029.63042   5029.6295   4.0  1  1
		 16  122   832.18  5029.01202   5029.0119   4.0  1  1
		 16  122   852.31  5028.65481   5028.6556   4.0  1  1
		 16  122  1125.64  5023.70946   5023.7084   4.0  1  1
		 16  122  1208.59   5022.1741    5022.174   4.0  1  1
		 16  122  1217.64  5022.00557   5022.0051   4.0  1  1
		 16  122  1257.90  5021.25366   5021.2531   4.0  1  1
		 16  122  1334.82  5019.80661   5019.8062   4.0  1  1
		 16  122  1427.07  5018.05311   5018.0535   4.0  1  1
		 16  122  1455.43  5017.50998   5017.5084   4.0  1  1
		 16  122  1473.53  5017.16239   5017.1628   4.0  1  1
		 16  122  1506.12  5016.53463   5016.5356   4.0  1  1
		 16  122  1539.47  5015.88967   5015.8893   4.0  1  1
		 16  122  1597.81  5014.75523   5014.7539   4.0  1  1
		 16  122  1678.89  5013.16552   5013.1647   4.0  1  1
		 16  122  1764.20  5011.47655   5011.4774   4.0  1  1
		 16  122  1871.24  5009.33348   5009.3344   4.0  1  1
		 16  122  1927.83  5008.18986   5008.1897   4.0  1  1
		 16  122  2125.97  5004.12774   5004.1279   4.0  1  1
		 16  122  2151.50  5003.59787   5003.5981   4.0  1  1
		 16  122  2223.43  5002.09682   5002.0972   4.0  1  1
		 16  122  2311.34  5000.24623   5000.2463   4.0  1  1
		 16  122  2325.77  4999.94082   4999.9398   4.0  1  1
		 16  122  2597.28  4994.10573   4994.1058   4.0  1  1
		 16  122  2613.56  4993.75055   4993.7488   4.0  1  1
		 16  122  2687.66  4992.12635   4992.1257   4.0  1  1
		 16  122  2814.85  4989.30963   4989.3086   4.0  1  1
		 16  122  2893.11  4987.55837   4987.5582   4.0  1  1
		 16  122  2911.41  4987.14708    4987.147   4.0  1  1
		 16  122  2964.49  4985.94913   4985.9486   4.0  1  1
		 16  122  2989.96  4985.37236   4985.3725   4.0  1  1
		 16  122  3070.74  4983.53287   4983.5324   4.0  1  1
		 16  122  3116.38  4982.48704   4982.4875   4.0  1  1
		 16  122  3183.09  4980.95018   4980.9513   4.0  1  1
		 16  122  3191.49  4980.75602   4980.7561   4.0  1  1
		 16  122  3556.71   4972.1602   4972.1597   4.0  1  1
		 17  123   109.05  5000.24526   5000.2463   4.0  1  1
		 17  123   128.22   4999.9405   4999.9398   4.0  1  1
		 17  123   485.14  4994.10614   4994.1058   4.0  1  1
		 17  123   506.38  4993.74941   4993.7488   4.0  1  1
		 17  123   602.26  4992.12596   4992.1257   4.0  1  1
		 17  123   765.68   4989.3091   4989.3086   4.0  1  1
		 17  123   865.47  4987.55819   4987.5582   4.0  1  1
		 17  123   888.69  4987.14737    4987.147   4.0  1  1
		 17  123   956.05  4985.94868   4985.9486   4.0  1  1
		 17  123   988.27   4985.3716   4985.3725   4.0  1  1
		 17  123  1090.06  4983.53242   4983.5324   4.0  1  1
		 17  123  1147.33  4982.48705   4982.4875   4.0  1  1
		 17  123  1230.76  4980.95061   4980.9513   4.0  1  1
		 17  123  1241.30  4980.75532   4980.7561   4.0  1  1
		 17  123  1420.74  4977.39152   4977.3906   4.0  1  1
		 17  123  1462.65  4976.59519   4976.5938   4.0  1  1
		 17  123  1496.54  4975.94827   4975.9485   4.0  1  1
		 17  123  1692.30  4972.15963   4972.1597   4.0  1  1
		 17  123  1797.99  4970.07771   4970.0785   4.0  1  1
		 17  123  1864.48  4968.75487   4968.7556   4.0  1  1
		 17  123  1919.51  4967.65241   4967.6529   4.0  1  1
		 17  123  2014.58  4965.73135   4965.7315   4.0  1  1
		 17  123  2046.60  4965.07964   4965.0795   4.0  1  1
		 17  123  2138.91  4963.18808   4963.1881   4.0  1  1
		 17  123  2193.46  4962.06122   4962.0621   4.0  1  1
		 17  123  2209.60   4961.7265    4961.726   4.0  1  1
		 17  123  2353.16  4958.72342    4958.724   4.0  1  1
		 17  123  2382.77  4958.09815   4958.0988   4.0  1  1
		 17  123  2420.60  4957.29646   4957.2963   4.0  1  1
		 17  123  2596.30  4953.53113    4953.532   4.0  1  1
		 17  123  2635.10  4952.69026   4952.6908   4.0  1  1
		 17  123  2729.64  4950.62731   4950.6264   4.0  1  1
		 17  123  2746.74  4950.25194   4950.2513   4.0  1  1
		 17  123  2908.71  4946.66503   4946.6637   4.0  1  1
		 17  123  2962.59  4945.45896   4945.4587   4.0  1  1
		 17  123  3068.68  4943.06519   4943.0642   4.0  1  1
		 17  123  3119.25  4941.91545   4941.9174   4.0  1  1
		 17  123  3141.06   4941.4176    4941.416   4.0  1  1
		 17  123  3218.51  4939.64201   4939.6422   4.0  1  1
		 17  123  3234.62  4939.27099   4939.2707   4.0  1  1
		 17  123  3267.82  4938.50457   4938.5047   4.0  1  1
		 17  123  3296.99  4937.82923   4937.8295   4.0  1  1
		 17  123  3342.38  4936.77451   4936.7746   4.0  1  1
		 17  123  3494.47  4933.20756   4933.2091   4.0  1  1
		 18  124    17.21   4961.3797   4961.3814   4.0  1  1
		 18  124   185.99  4958.72391    4958.724   4.0  1  1
		 18  124   225.20  4958.09727   4958.0988   4.0  1  1
		 18  124   274.91  4957.29755   4957.2963   4.0  1  1
		 18  124   504.32  4953.53208    4953.532   4.0  1  1
		 18  124   554.54  4952.69128   4952.6908   4.0  1  1
		 18  124   676.41  4950.62649   4950.6264   4.0  1  1
		 18  124   698.36  4950.25082   4950.2513   4.0  1  1
		 18  124   904.78  4946.66387   4946.6637   4.0  1  1
		 18  124   972.90  4945.45846   4945.4587   4.0  1  1
		 18  124  1106.44  4943.06415   4943.0642   4.0  1  1
		 18  124  1169.61  4941.91723   4941.9174   4.0  1  1
		 18  124  1197.04   4941.4163    4941.416   4.0  1  1
		 18  124  1293.46  4939.64186   4939.6422   4.0  1  1
		 18  124  1313.48  4939.27064   4939.2707   4.0  1  1
		 18  124  1324.73  4939.06173   4939.0605   4.0  1  1
		 18  124  1354.64  4938.50471   4938.5047   4.0  1  1
		 18  124  1390.73  4937.82997   4937.8295   4.0  1  1
		 18  124  1446.83  4936.77518   4936.7746   4.0  1  1
		 18  124  1575.44   4934.3299   4934.3306   4.0  1  1
		 18  124  1600.41  4933.85075   4933.8521   4.0  1  1
		 18  124  1633.70  4933.20974   4933.2091   4.0  1  1
		 18  124  1799.23  4929.98488    4929.985   4.0  1  1
		 18  124  1844.81  4929.08593    4929.086   4.0  1  1
		 18  124  1910.62  4927.77981   4927.7803   4.0  1  1
		 18  124  1934.70  4927.29935   4927.2988   4.0  1  1
		 18  124  1986.91  4926.25326   4926.2529   4.0  1  1
		 18  124  2002.02  4925.94936   4925.9501   4.0  1  1
		 18  124  2028.09  4925.42385   4925.4254   4.0  1  1
		 18  124  2077.55  4924.42253   4924.4223   4.0  1  1
		 18  124  2150.11  4922.94362   4922.9442   4.0  1  1
		 18  124  2214.82  4921.61471   4921.6134   4.0  1  1
		 18  124  2301.67  4919.81634   4919.8157   4.0  1  1
		 18  124  2397.04  4917.82197    4917.822   4.0  1  1
		 18  124  2510.76  4915.41744   4915.4155   4.0  1  1
		 18  124  2571.51  4914.12099    4914.121   4.0  1  1
		 18  124  2645.56  4912.52972   4912.5293   4.0  1  1
		 18  124  2698.71  4911.38002   4911.3787   4.0  1  1
		 18  124  2736.95  4910.54904   4910.5488   4.0  1  1
		 18  124  2754.86  4910.15856   4910.1576   4.0  1  1
		 18  124  2769.27  4909.84393   4909.8431   4.0  1  1
		 18  124  2889.14   4907.2094   4907.2093   4.0  1  1
		 18  124  2999.66  4904.75194   4904.7516   4.0  1  1
		 18  124  3086.81  4902.79522   4902.7943   4.0  1  1
		 18  124  3119.60  4902.05473   4902.0545   4.0  1  1
		 18  124  3243.26  4899.24068   4899.2401   4.0  1  1
		 18  124  3262.20  4898.80668   4898.8044   4.0  1  1
		 18  124  3428.89  4894.95355   4894.9551   4.0  1  1
		 18  124  3493.50  4893.44384   4893.4453   4.0  1  1
		 18  124  3522.59   4892.7609   4892.7592   4.0  1  1
		 19  125    23.60  4921.61242   4921.6134   4.0  1  1
		 19  125    87.44  4920.62249    4920.623   4.0  1  1
		 19  125   139.00  4919.81599   4919.8157   4.0  1  1
		 19  125   413.59  4915.41647   4915.4155   4.0  1  1
		 19  125   492.34  4914.12212    4914.121   4.0  1  1
		 19  125   531.21  4913.47796   4913.4789   4.0  1  1
		 19  125   588.09  4912.52908   4912.5293   4.0  1  1
		 19  125   656.43  4911.37903   4911.3787   4.0  1  1
		 19  125   705.35  4910.54908   4910.5488   4.0  1  1
		 19  125   728.33  4910.15745   4910.1576   4.0  1  1
		 19  125   746.63  4909.84452   4909.8431   4.0  1  1
		 19  125   899.04  4907.20904   4907.2093   4.0  1  1
		 19  125  1038.42  4904.75197   4904.7516   4.0  1  1
		 19  125  1147.67  4902.79487   4902.7943   4.0  1  1
		 19  125  1188.60  4902.05467   4902.0545   4.0  1  1
		 19  125  1342.36  4899.23947   4899.2401   4.0  1  1
		 19  125  1365.80  4898.80548   4898.8044   4.0  1  1
		 19  125  1570.93  4894.95511   4894.9551   4.0  1  1
		 19  125  1650.01  4893.44518   4893.4453   4.0  1  1
		 19  125  1685.64  4892.76025   4892.7592   4.0  1  1
		 19  125  1742.55   4891.6604   4891.6606   4.0  1  1
		 19  125  1774.56  4891.03839   4891.0379   4.0  1  1
		 19  125  1804.40  4890.45665   4890.4582   4.0  1  1
		 19  125  1835.15  4889.85496   4889.8553   4.0  1  1
		 19  125  1853.72  4889.49057   4889.4903   4.0  1  1
		 19  125  1876.54   4889.0418   4889.0422   4.0  1  1
		 19  125  1916.14   4888.2601   4888.2612   4.0  1  1
		 19  125  2215.23   4882.2428   4882.2432   4.0  1  1
		 19  125  2234.28  4881.85279   4881.8531   4.0  1  1
		 19  125  2265.83    4881.205   4881.2046   4.0  1  1
		 19  125  2330.79  4879.86425   4879.8635   4.0  1  1
		 19  125  2355.54  4879.35098   4879.3497   4.0  1  1
		 19  125  2385.31  4878.73189    4878.733   4.0  1  1
		 19  125  2419.91  4878.00964   4878.0094   4.0  1  1
		 19  125  2429.38  4877.81167   4877.8128   4.0  1  1
		 19  125  2467.99  4877.00185   4877.0015   4.0  1  1
		 19  125  2492.11   4876.4944   4876.4949   4.0  1  1
		 19  125  2592.62  4874.36543   4874.3645   4.0  1  1
		 19  125  2660.37  4872.91784   4872.9169   4.0  1  1
		 19  125  2701.59  4872.03214   4872.0309   4.0  1  1
		 19  125  2736.04  4871.28903    4871.289   4.0  1  1
		 19  125  2846.78   4868.8826   4868.8814   4.0  1  1
		 19  125  2862.97  4868.52853   4868.5277   4.0  1  1
		 19  125  2874.54  4868.27506   4868.2742   4.0  1  1
		 19  125  2907.32  4867.55564    4867.556   4.0  1  1
		 19  125  2981.84  4865.91127     4865.91   4.0  1  1
		 19  125  3001.45  4865.47646   4865.4775   4.0  1  1
		 19  125  3169.46   4861.7172   4861.7173   4.0  1  1
		 19  125  3191.58  4861.21767   4861.2167   4.0  1  1
		 19  125  3318.49  4858.33121   4858.3327   4.0  1  1
		 19  125  3353.01  4857.53985   4857.5385   4.0  1  1
		 20  126    45.14  4882.24371   4882.2432   4.0  1  1
		 20  126    70.62   4881.8516   4881.8531   4.0  1  1
		 20  126   112.46  4881.20427   4881.2046   4.0  1  1
		 20  126   198.28  4879.86381   4879.8635   4.0  1  1
		 20  126   230.95   4879.3491   4879.3497   4.0  1  1
		 20  126   269.80  4878.73361    4878.733   4.0  1  1
		 20  126   315.19  4878.01019   4878.0094   4.0  1  1
		 20  126   327.52   4877.8129   4877.8128   4.0  1  1
		 20  126   377.90  4877.00289   4877.0015   4.0  1  1
		 20  126   409.27   4876.4956   4876.4949   4.0  1  1
		 20  126   539.53  4874.36472   4874.3645   4.0  1  1
		 20  126   626.60  4872.91847   4872.9169   4.0  1  1
		 20  126   679.52  4872.03103   4872.0309   4.0  1  1
		 20  126   723.48  4871.28895    4871.289   4.0  1  1
		 20  126   864.36  4868.88068   4868.8814   4.0  1  1
		 20  126   884.72  4868.52888   4868.5277   4.0  1  1
		 20  126   899.47  4868.27342   4868.2742   4.0  1  1
		 20  126   940.74  4867.55603    4867.556   4.0  1  1
		 20  126  1034.53  4865.91115     4865.91   4.0  1  1
		 20  126  1059.07  4865.47758   4865.4775   4.0  1  1
		 20  126  1268.67   4861.7175   4861.7173   4.0  1  1
		 20  126  1296.22  4861.21595   4861.2167   4.0  1  1
		 20  126  1452.77  4858.33288   4858.3327   4.0  1  1
		 20  126  1495.42  4857.53782   4857.5385   4.0  1  1
		 20  126  1741.60  4852.86863   4852.8685   4.0  1  1
		 20  126  1866.93  4850.43929   4850.4397   4.0  1  1
		 20  126  1896.49   4849.8612   4849.8617   4.0  1  1
		 20  126  1933.29  4849.13881   4849.1399   4.0  1  1
		 20  126  1972.66  4848.36252   4848.3625   4.0  1  1
		 20  126  2000.61  4847.80935   4847.8095   4.0  1  1
		 20  126  2024.97  4847.32588   4847.3263   4.0  1  1
		 20  126  2133.19  4845.16189   4845.1626   4.0  1  1
		 20  126  2144.94  4844.92533   4844.9251   4.0  1  1
		 20  126  2153.42  4844.75444   4844.7553   4.0  1  1
		 20  126  2182.55   4844.1661   4844.1653   4.0  1  1
		 20  126  2193.65  4843.94144   4843.9413   4.0  1  1
		 20  126  2280.77  4842.16876   4842.1676   4.0  1  1
		 20  126  2363.30  4840.47402   4840.4744   4.0  1  1
		 20  126  2465.52  4838.35397   4838.3546   4.0  1  1
		 20  126  2510.58  4837.41213   4837.4121   4.0  1  1
		 20  126  2728.09  4832.80296   4832.8025   4.0  1  1
		 20  126  2784.22  4831.59679   4831.5975   4.0  1  1
		 20  126  2806.29  4831.12051   4831.1213   4.0  1  1
		 20  126  2867.37  4829.79709   4829.7973   4.0  1  1
		 20  126  2919.52  4828.66072   4828.6596   4.0  1  1
		 20  126  3008.83  4826.70081   4826.7004   4.0  1  1
		 20  126  3101.51  4824.64879   4824.6484   4.0  1  1
		 20  126  3130.74  4823.99753   4823.9967   4.0  1  1
		 20  126  3148.33  4823.60489   4823.6058   4.0  1  1
		 20  126  3167.27  4823.18128   4823.1823   4.0  1  1
		 20  126  3181.84   4822.8549   4822.8548   4.0  1  1
		 20  126  3225.92   4821.8647   4821.8646   4.0  1  1
		 20  126  3238.26  4821.58668   4821.5878   4.0  1  1
		 20  126  3269.40  4820.88384   4820.8847   4.0  1  1
		 20  126  3287.96  4820.46391   4820.4649   4.0  1  1
		 20  126  3343.98  4819.19175    4819.193   4.0  1  1
		 20  126  3367.91  4818.64638   4818.6477   4.0  1  1
		 20  126  3438.88  4817.02138   4817.0206   4.0  1  1
		 20  126  3574.11  4813.89534   4813.8963   4.0  1  1
		 20  126  3581.64  4813.71998   4813.7204   4.0  1  1
		 21  127    22.57  4844.16635   4844.1653   4.0  1  1
		 21  127    37.48  4843.93956   4843.9413   4.0  1  1
		 21  127   261.20  4840.47483   4840.4744   4.0  1  1
		 21  127   453.13   4837.4106   4837.4121   4.0  1  1
		 21  127   732.31  4832.80248   4832.8025   4.0  1  1
		 21  127   754.76   4832.4242   4832.4233   4.0  1  1
		 21  127   803.57  4831.59776   4831.5975   4.0  1  1
		 21  127   831.57   4831.1213   4831.1213   4.0  1  1
		 21  127   908.81  4829.79748   4829.7973   4.0  1  1
		 21  127   974.54  4828.66032   4828.6596   4.0  1  1
		 21  127  1086.51  4826.70058   4826.7004   4.0  1  1
		 21  127  1202.05  4824.64872   4824.6484   4.0  1  1
		 21  127  1238.43  4823.99641   4823.9967   4.0  1  1
		 21  127  1260.17  4823.60519   4823.6058   4.0  1  1
		 21  127  1283.61  4823.18224   4823.1823   4.0  1  1
		 21  127  1301.68  4822.85513   4822.8548   4.0  1  1
		 21  127  1347.93  4822.01494    4822.014   4.0  1  1
		 21  127  1356.24  4821.86364   4821.8646   4.0  1  1
		 21  127  1371.39  4821.58708   4821.5878   4.0  1  1
		 21  127  1409.70  4820.88538   4820.8847   4.0  1  1
		 21  127  1432.59  4820.46464   4820.4649   4.0  1  1
		 21  127  1501.43  4819.19213    4819.193   4.0  1  1
		 21  127  1530.65   4818.6487   4818.6477   4.0  1  1
		 21  127  1617.58    4817.021   4817.0206   4.0  1  1
		 21  127  1782.01  4813.89594   4813.8963   4.0  1  1
		 21  127  1791.21  4813.71932   4813.7204   4.0  1  1
		 21  127  1828.29  4813.00556   4813.0069   4.0  1  1
		 21  127  1860.88  4812.37555   4812.3755   4.0  1  1
		 21  127  1886.97  4811.86959    4811.871   4.0  1  1
		 21  127  2002.40  4809.61303    4809.614   4.0  1  1
		 21  127  2077.31   4808.1328   4808.1337   4.0  1  1
		 21  127  2183.18  4806.01959   4806.0205   4.0  1  1
		 21  127  2285.43  4803.95529   4803.9559   4.0  1  1
		 21  127  2348.49  4802.67067   4802.6714   4.0  1  1
		 21  127  2427.44  4801.04998   4801.0517   4.0  1  1
		 21  127  2469.91  4800.17253   4800.1724   4.0  1  1
		 21  127  2657.76  4796.24423   4796.2429   4.0  1  1
		 21  127  2673.40   4795.9137   4795.9131   4.0  1  1
		 21  127  2767.82  4793.90692   4793.9052   4.0  1  1
		 21  127  2798.72  4793.24596   4793.2446   4.0  1  1
		 21  127  2852.88   4792.0824   4792.0819   4.0  1  1
		 21  127  2879.13  4791.51627   4791.5157   4.0  1  1
		 21  127  2928.97  4790.43709   4790.4373   4.0  1  1
		 21  127  2977.30  4789.38556   4789.3868   4.0  1  1
		 21  127  3009.63  4788.67929   4788.6781   4.0  1  1
		 21  127  3079.39  4787.14774    4787.148   4.0  1  1
		 21  127  3107.26  4786.53276    4786.531   4.0  1  1
		 21  127  3219.52  4784.03939   4784.0396   4.0  1  1
		 21  127  3227.46   4783.8619   4783.8617   4.0  1  1
		 21  127  3276.60  4782.76104   4782.7612   4.0  1  1
		 21  127  3331.47  4781.52569    4781.526   4.0  1  1
		 21  127  3365.80  4780.74955   4780.7505   4.0  1  1
		 21  127  3410.83  4779.72743   4779.7286   4.0  1  1
		 21  127  3521.72   4777.1923   4777.1915   4.0  1  1
		 21  127  3582.34  4775.79542    4775.794   4.0  1  1
		 21  127  3603.24  4775.31189    4775.313   4.0  1  1
	offset	106
	niterate 3
	lowreject 3.
	highreject 3.
	coefficients	24
		1.
		4.
		4.
		1.
		1.
		3881.
		107.
		127.
		610695.6473416763
		-4790.769879874854
		-262.4798387104663
		2.022456048775738
		14.00616311413894
		-17.53599778510644
		-2.265614908444806
		0.04998860755654433
		-0.73264737936191
		-0.1468427932606026
		-0.06962975221140837
		-0.01959427166750844
		-0.008040039532720822
		-0.1770630063634889
		-0.03891999658040275
		-0.03757229053847622

