# Fri 18:17:17 02-Aug-2002
begin	ecidentify refThAr_580_r_2148x2048_old
	id	refThAr_580_r_2148x2048_old
	task	ecidentify
	image	refThAr_580_r_2148x2048_old
	units	pixel
	features	942
		  1  107    20.64  5748.74156   5748.7412   4.0  1  1
		  1  107    58.10  5747.38442   5747.3849   4.0  1  1
		  1  107    63.36  5747.19247   5747.1931   4.0  1  1
		  1  107   200.61  5742.08333   5742.0838   4.0  1  1
		  1  107   207.35  5741.82747    5741.829   4.0  1  1
		  1  107   224.57  5741.17105   5741.1705   4.0  1  1
		  1  107   267.49  5739.52088   5739.5196   4.0  1  1
		  1  107   356.62  5736.03147   5736.0297   4.0  1  1
		  1  107   506.34   5729.9799   5729.9823   4.0  1  1
		  1  107   561.04   5727.7099   5727.7103   4.0  1  1
		  1  107   616.28   5725.3858   5725.3885   4.0  1  1
		  1  107   638.02  5724.46218   5724.4638   4.0  1  1
		  1  107   643.36  5724.23458   5724.2374   4.0  1  1
		  1  107   750.15  5719.62009   5719.6227   4.0  1  1
		  1  107   805.68  5717.17363   5717.1711   4.0  1  1
		  1  107   838.31  5715.72094   5715.7244   4.0  1  1
		  1  107  1027.04  5707.10282   5707.1033   4.0  1  1
		  1  107  1058.39  5705.63556   5705.6371   4.0  1  1
		  1  107  1121.51  5702.65107   5702.6511   4.0  1  1
		  1  107  1157.72  5700.92026   5700.9176   4.0  1  1
		  1  107  1212.19  5698.29147   5698.2937   4.0  1  1
		  1  107  1251.27  5696.38724   5696.3904   4.0  1  1
		  1  107  1346.86  5691.66257   5691.6612   4.0  1  1
		  1  107  1366.32  5690.68968   5690.6934   4.0  1  1
		  1  107  1432.52  5687.35044   5687.3489   4.0  1  1
		  1  107  1474.79  5685.19515   5685.1921   4.0  1  1
		  1  107  1594.37  5679.00036    5679.005   4.0  1  1
		  1  107  1631.44  5677.05089   5677.0529   4.0  1  1
		  1  107  1670.38  5674.98806   5674.9864   4.0  1  1
		  1  107  1692.02  5673.83497   5673.8358   4.0  1  1
		  1  107  1816.31  5667.12345   5667.1281   4.0  1  1
		  1  107  1843.58  5665.62991   5665.6283   4.0  1  1
		  1  107  1851.73  5665.18249   5665.1799   4.0  1  1
		  1  107  1861.92  5664.62159    5664.621   4.0  1  1
		  1  107  1890.57  5663.04013    5663.042   4.0  1  1
		  2  108   127.65  5691.66043   5691.6612   4.0  1  1
		  2  108   153.80  5690.69353   5690.6934   4.0  1  1
		  2  108   242.73  5687.35039   5687.3489   4.0  1  1
		  2  108   298.97   5685.1926   5685.1921   4.0  1  1
		  2  108   383.07  5681.90419   5681.9001   4.0  1  1
		  2  108   455.68  5679.00495    5679.005   4.0  1  1
		  2  108   503.77  5677.05408   5677.0529   4.0  1  1
		  2  108   554.05  5674.98881   5674.9864   4.0  1  1
		  2  108   581.78  5673.83837   5673.8358   4.0  1  1
		  2  108   739.82  5667.12944   5667.1281   4.0  1  1
		  2  108   756.28  5666.41597   5666.4185   4.0  1  1
		  2  108   774.41  5665.62635   5665.6283   4.0  1  1
		  2  108   784.59   5665.1817   5665.1799   4.0  1  1
		  2  108   797.44  5664.61916    5664.621   4.0  1  1
		  2  108   833.32  5663.03826    5663.042   4.0  1  1
		  2  108   886.71  5660.66191   5660.6594   4.0  1  1
		  2  108   947.43  5657.92331   5657.9255   4.0  1  1
		  2  108  1000.64  5655.49272   5655.4897   4.0  1  1
		  2  108  1032.50   5654.0232   5654.0234   4.0  1  1
		  2  108  1056.63  5652.90343    5652.902   4.0  1  1
		  2  108  1103.59  5650.70744   5650.7043   4.0  1  1
		  2  108  1139.96  5648.99085    5648.991   4.0  1  1
		  2  108  1146.32  5648.68933   5648.6863   4.0  1  1
		  2  108  1167.01  5647.70573   5647.7069   4.0  1  1
		  2  108  1193.30   5646.4497   5646.4514   4.0  1  1
		  2  108  1204.85  5645.89559   5645.8947   4.0  1  1
		  2  108  1209.56    5645.669   5645.6688   4.0  1  1
		  2  108  1212.50  5645.52768   5645.5249   4.0  1  1
		  2  108  1290.64  5641.73756   5641.7342   4.0  1  1
		  2  108  1294.31  5641.55802   5641.5575   4.0  1  1
		  2  108  1331.24   5639.7437   5639.7461   4.0  1  1
		  2  108  1408.93  5635.88241   5635.8792   4.0  1  1
		  2  108  1460.37  5633.29268    5633.295   4.0  1  1
		  2  108  1519.31  5630.29236   5630.2969   4.0  1  1
		  2  108  1608.59  5625.68223   5625.6782   4.0  1  1
		  2  108  1623.40  5624.90997   5624.9129   4.0  1  1
		  2  108  1760.74  5617.64314   5617.6417   4.0  1  1
		  2  108  1803.92  5615.32021   5615.3195   4.0  1  1
		  2  108  1863.75  5612.07086   5612.0679   4.0  1  1
		  2  108  1889.23  5610.67663   5610.6809   4.0  1  1
		  3  109    65.13  5641.73358   5641.7342   4.0  1  1
		  3  109   120.14  5639.74547   5639.7461   4.0  1  1
		  3  109   224.61  5635.88163   5635.8792   4.0  1  1
		  3  109   292.82  5633.29704    5633.295   4.0  1  1
		  3  109   370.46  5630.29547   5630.2969   4.0  1  1
		  3  109   486.80   5625.6803   5625.6782   4.0  1  1
		  3  109   505.76  5624.91493   5624.9129   4.0  1  1
		  3  109   681.51  5617.64179   5617.6417   4.0  1  1
		  3  109   689.85  5617.28861   5617.2897   4.0  1  1
		  3  109   703.86  5616.69389   5616.6908   4.0  1  1
		  3  109   736.09  5615.31802   5615.3195   4.0  1  1
		  3  109   798.62  5612.61858   5612.6174   4.0  1  1
		  3  109   811.33  5612.06502   5612.0679   4.0  1  1
		  3  109   842.90  5610.68243   5610.6809   4.0  1  1
		  3  109   868.06  5609.57384   5609.5735   4.0  1  1
		  3  109   931.78  5606.73626    5606.733   4.0  1  1
		  3  109   939.55  5606.38754   5606.3861   4.0  1  1
		  3  109   981.06  5604.51377   5604.5154   4.0  1  1
		  3  109  1017.37   5602.8601    5602.863   4.0  1  1
		  3  109  1044.70  5601.60668   5601.6032   4.0  1  1
		  3  109  1055.14  5601.12606   5601.1216   4.0  1  1
		  3  109  1086.90  5599.65673   5599.6548   4.0  1  1
		  3  109  1133.63   5597.4762   5597.4756   4.0  1  1
		  3  109  1184.73  5595.06682   5595.0635   4.0  1  1
		  3  109  1197.47  5594.46219   5594.4604   4.0  1  1
		  3  109  1215.37  5593.60941   5593.6129   4.0  1  1
		  3  109  1336.83  5587.73952   5587.7351   4.0  1  1
		  3  109  1351.46  5587.02294   5587.0263   4.0  1  1
		  3  109  1375.30  5585.84987   5585.8472   4.0  1  1
		  3  109  1417.47  5583.76127   5583.7621   4.0  1  1
		  3  109  1435.46  5582.86506   5582.8665   4.0  1  1
		  3  109  1477.55  5580.75524   5580.7547   4.0  1  1
		  3  109  1491.03  5580.07591   5580.0771   4.0  1  1
		  3  109  1505.30  5579.35461   5579.3583   4.0  1  1
		  3  109  1538.23    5577.683   5577.6845   4.0  1  1
		  3  109  1567.19  5576.20353   5576.2045   4.0  1  1
		  3  109  1592.38  5574.91052   5574.9153   4.0  1  1
		  3  109  1622.52  5573.35458   5573.3535   4.0  1  1
		  3  109  1646.76  5572.09705   5572.0951   4.0  1  1
		  3  109  1664.14  5571.19177   5571.1913   4.0  1  1
		  3  109  1724.90  5568.00351   5567.9986   4.0  1  1
		  3  109  1796.50  5564.20041   5564.2011   4.0  1  1
		  3  109  1876.52  5559.89116   5559.8912   4.0  1  1
		  3  109  1898.43  5558.70025    5558.702   4.0  1  1
		  3  109  1904.99  5558.34254   5558.3422   4.0  1  1
		  3  109  1928.65  5557.04975   5557.0454   4.0  1  1
		  4  110   160.76  5587.02716   5587.0263   4.0  1  1
		  4  110   249.00  5583.76255   5583.7621   4.0  1  1
		  4  110   272.78  5582.86886   5582.8665   4.0  1  1
		  4  110   328.44  5580.75396   5580.7547   4.0  1  1
		  4  110   346.11  5580.07591   5580.0771   4.0  1  1
		  4  110   364.68  5579.36006   5579.3583   4.0  1  1
		  4  110   407.75  5577.68518   5577.6845   4.0  1  1
		  4  110   445.43  5576.20421   5576.2045   4.0  1  1
		  4  110   477.98  5574.91311   5574.9153   4.0  1  1
		  4  110   516.91  5573.35488   5573.3535   4.0  1  1
		  4  110   548.16   5572.0925   5572.0951   4.0  1  1
		  4  110   570.32  5571.19148   5571.1913   4.0  1  1
		  4  110   576.75  5570.92891   5570.9268   4.0  1  1
		  4  110   738.24  5564.19884   5564.2011   4.0  1  1
		  4  110   838.43  5559.88959   5559.8912   4.0  1  1
		  4  110   865.59  5558.70417    5558.702   4.0  1  1
		  4  110   873.78  5558.34518   5558.3422   4.0  1  1
		  4  110   883.46  5557.91974   5557.9214   4.0  1  1
		  4  110   903.37  5557.04245   5557.0454   4.0  1  1
		  4  110   923.55  5556.14893   5556.1487   4.0  1  1
		  4  110   937.47   5555.5302   5555.5312   4.0  1  1
		  4  110  1002.38  5552.61914   5552.6229   4.0  1  1
		  4  110  1029.89  5551.37277   5551.3719   4.0  1  1
		  4  110  1099.64   5548.1784   5548.1758   4.0  1  1
		  4  110  1122.28  5547.13107   5547.1339   4.0  1  1
		  4  110  1144.04  5546.11924   5546.1204   4.0  1  1
		  4  110  1150.71  5545.80836   5545.8058   4.0  1  1
		  4  110  1166.93  5545.05034   5545.0495   4.0  1  1
		  4  110  1212.79  5542.89255     5542.89   4.0  1  1
		  4  110  1232.99  5541.93547   5541.9357   4.0  1  1
		  4  110  1240.46  5541.58065   5541.5815   4.0  1  1
		  4  110  1249.58  5541.14651   5541.1466   4.0  1  1
		  4  110  1275.46  5539.91023   5539.9106   4.0  1  1
		  4  110  1288.96  5539.26288   5539.2618   4.0  1  1
		  4  110  1302.57  5538.60785   5538.6087   4.0  1  1
		  4  110  1324.40  5537.55395   5537.5563   4.0  1  1
		  4  110  1357.02  5535.97045    5535.971   4.0  1  1
		  4  110  1464.17  5530.69469   5530.6977   4.0  1  1
		  4  110  1476.57  5530.07686   5530.0763   4.0  1  1
		  4  110  1496.24  5529.09364   5529.0972   4.0  1  1
		  4  110  1513.49  5528.22845   5528.2272   4.0  1  1
		  4  110  1532.01  5527.29653   5527.2953   4.0  1  1
		  4  110  1578.19  5524.95717    5524.957   4.0  1  1
		  4  110  1585.46  5524.58705   5524.5824   4.0  1  1
		  4  110  1640.72  5521.75648   5521.7532   4.0  1  1
		  4  110  1689.43  5519.23662   5519.2353   4.0  1  1
		  4  110  1694.25  5518.98588   5518.9893   4.0  1  1
		  4  110  1772.69  5514.87641   5514.8731   4.0  1  1
		  4  110  1864.47  5509.99249   5509.9938   4.0  1  1
		  5  111    23.83  5541.58129   5541.5815   4.0  1  1
		  5  111    36.37  5541.14449   5541.1466   4.0  1  1
		  5  111    71.53  5539.91004   5539.9106   4.0  1  1
		  5  111    89.85  5539.26198   5539.2618   4.0  1  1
		  5  111   108.30  5538.60575   5538.6087   4.0  1  1
		  5  111   137.60   5537.5562   5537.5563   4.0  1  1
		  5  111   181.43  5535.96953    5535.971   4.0  1  1
		  5  111   323.32  5530.69623   5530.6977   4.0  1  1
		  5  111   339.63  5530.07688   5530.0763   4.0  1  1
		  5  111   365.30  5529.09615   5529.0972   4.0  1  1
		  5  111   387.82  5528.23036   5528.2272   4.0  1  1
		  5  111   411.99   5527.2954   5527.2953   4.0  1  1
		  5  111   471.70  5524.95979    5524.957   4.0  1  1
		  5  111   481.24  5524.58326   5524.5824   4.0  1  1
		  5  111   552.25  5521.75152   5521.7532   4.0  1  1
		  5  111   614.31  5519.23416   5519.2353   4.0  1  1
		  5  111   620.34   5518.9876   5518.9893   4.0  1  1
		  5  111   719.58    5514.875   5514.8731   4.0  1  1
		  5  111   834.43   5509.9916   5509.9938   4.0  1  1
		  5  111   867.54  5508.55915   5508.5585   4.0  1  1
		  5  111   890.91   5507.5412   5507.5385   4.0  1  1
		  5  111   905.19   5506.9167   5506.9196   4.0  1  1
		  5  111   923.45  5506.11504   5506.1128   4.0  1  1
		  5  111   964.49  5504.30093   5504.3018   4.0  1  1
		  5  111  1017.32  5501.94118   5501.9439   4.0  1  1
		  5  111  1031.98  5501.28126   5501.2814   4.0  1  1
		  5  111  1068.11  5499.64618   5499.6478   4.0  1  1
		  5  111  1076.62  5499.25928   5499.2554   4.0  1  1
		  5  111  1100.21  5498.18279   5498.1841   4.0  1  1
		  5  111  1144.64  5496.13985    5496.137   4.0  1  1
		  5  111  1150.39  5495.87407   5495.8738   4.0  1  1
		  5  111  1183.61  5494.33233   5494.3306   4.0  1  1
		  5  111  1207.73  5493.20569    5493.204   4.0  1  1
		  5  111  1219.66   5492.6462   5492.6435   4.0  1  1
		  5  111  1273.17  5490.12078   5490.1194   4.0  1  1
		  5  111  1294.85  5489.08911   5489.0885   4.0  1  1
		  5  111  1298.34  5488.92305   5488.9254   4.0  1  1
		  5  111  1304.43  5488.63214   5488.6287   4.0  1  1
		  5  111  1320.90  5487.84384   5487.8414   4.0  1  1
		  5  111  1397.50   5484.1436   5484.1467   4.0  1  1
		  5  111  1463.87  5480.89079   5480.8907   4.0  1  1
		  5  111  1500.54  5479.07534   5479.0751   4.0  1  1
		  5  111  1531.07  5477.55343   5477.5522   4.0  1  1
		  5  111  1665.32  5470.75577   5470.7591   4.0  1  1
		  5  111  1734.85  5467.16631   5467.1704   4.0  1  1
		  5  111  1791.53   5464.2061   5464.2055   4.0  1  1
		  6  112     8.94  5492.64231   5492.6435   4.0  1  1
		  6  112   110.90  5489.08844   5489.0885   4.0  1  1
		  6  112   115.50  5488.92525   5488.9254   4.0  1  1
		  6  112   123.76  5488.63246   5488.6287   4.0  1  1
		  6  112   247.85  5484.14553   5484.1467   4.0  1  1
		  6  112   335.31  5480.88843   5480.8907   4.0  1  1
		  6  112   383.15  5479.07342   5479.0751   4.0  1  1
		  6  112   422.69  5477.55569   5477.5522   4.0  1  1
		  6  112   594.93  5470.76003   5470.7591   4.0  1  1
		  6  112   683.10  5467.16526   5467.1704   4.0  1  1
		  6  112   754.36  5464.20272   5464.2055   4.0  1  1
		  6  112   792.16  5462.61031   5462.6129   4.0  1  1
		  6  112   812.73  5461.73822   5461.7358   4.0  1  1
		  6  112   877.44  5458.96626   5458.9676   4.0  1  1
		  6  112   965.03  5455.14759   5455.1524   4.0  1  1
		  6  112  1031.11  5452.21673   5452.2187   4.0  1  1
		  6  112  1043.66  5451.65501    5451.652   4.0  1  1
		  6  112  1091.96  5449.47949   5449.4788   4.0  1  1
		  6  112  1118.55  5448.27196   5448.2719   4.0  1  1
		  6  112  1143.06  5447.15253   5447.1536   4.0  1  1
		  6  112  1218.14  5443.68738   5443.6893   4.0  1  1
		  6  112  1230.34  5443.11886   5443.1187   4.0  1  1
		  6  112  1271.04  5441.21258   5441.2145   4.0  1  1
		  6  112  1284.04  5440.60045   5440.6015   4.0  1  1
		  6  112  1296.94  5439.99108   5439.9891   4.0  1  1
		  6  112  1335.96  5438.13838   5438.1374   4.0  1  1
		  6  112  1351.63  5437.39002   5437.3877   4.0  1  1
		  6  112  1382.80  5435.89463   5435.8925   4.0  1  1
		  6  112  1398.75  5435.12568   5435.1229   4.0  1  1
		  6  112  1418.85  5434.15319   5434.1514   4.0  1  1
		  6  112  1428.27  5433.69605   5433.7005   4.0  1  1
		  6  112  1436.58  5433.29256   5433.2919   4.0  1  1
		  6  112  1447.49  5432.76079    5432.765   4.0  1  1
		  6  112  1481.27  5431.10861    5431.112   4.0  1  1
		  6  112  1521.90   5429.1066   5429.1048   4.0  1  1
		  6  112  1576.21  5426.40526   5426.4075   4.0  1  1
		  6  112  1590.66  5425.68182   5425.6783   4.0  1  1
		  6  112  1623.91  5424.00981   5424.0079   4.0  1  1
		  6  112  1666.77  5421.83864   5421.8359   4.0  1  1
		  6  112  1670.30  5421.65908   5421.6628   4.0  1  1
		  6  112  1676.31  5421.35281   5421.3517   4.0  1  1
		  6  112  1719.80  5419.12787   5419.1285   4.0  1  1
		  6  112  1751.64  5417.48771   5417.4858   4.0  1  1
		  6  112  1789.57  5415.52061   5415.5226   4.0  1  1
		  6  112  1880.19  5410.76634   5410.7687   4.0  1  1
		  7  113    36.52  5443.11896   5443.1187   4.0  1  1
		  7  113   109.14  5440.59996   5440.6015   4.0  1  1
		  7  113   126.48  5439.99026   5439.9891   4.0  1  1
		  7  113   178.63  5438.13851   5438.1374   4.0  1  1
		  7  113   199.54  5437.38847   5437.3877   4.0  1  1
		  7  113   240.83  5435.89399   5435.8925   4.0  1  1
		  7  113   245.46  5435.72526   5435.7236   4.0  1  1
		  7  113   261.90  5435.12437   5435.1229   4.0  1  1
		  7  113   288.39  5434.15076   5434.1514   4.0  1  1
		  7  113   300.57  5433.70059   5433.7005   4.0  1  1
		  7  113   311.57  5433.29285   5433.2919   4.0  1  1
		  7  113   325.81  5432.76323    5432.765   4.0  1  1
		  7  113   369.79   5431.1141    5431.112   4.0  1  1
		  7  113   422.62  5429.10755   5429.1048   4.0  1  1
		  7  113   492.55  5426.40778   5426.4075   4.0  1  1
		  7  113   511.28  5425.67646   5425.6783   4.0  1  1
		  7  113   553.61  5424.01042   5424.0079   4.0  1  1
		  7  113   608.23  5421.83438   5421.8359   4.0  1  1
		  7  113   612.54  5421.66145   5421.6628   4.0  1  1
		  7  113   620.18  5421.35419   5421.3517   4.0  1  1
		  7  113   675.21  5419.12482   5419.1285   4.0  1  1
		  7  113   715.27    5417.483   5417.4858   4.0  1  1
		  7  113   762.61  5415.52238   5415.5226   4.0  1  1
		  7  113   875.29  5410.76551   5410.7687   4.0  1  1
		  7  113   947.48    5407.652   5407.6535   4.0  1  1
		  7  113   954.55  5407.34443   5407.3439   4.0  1  1
		  7  113   968.12  5406.75268   5406.7553   4.0  1  1
		  7  113  1048.67  5403.20205   5403.1993   4.0  1  1
		  7  113  1062.10  5402.60388   5402.6048   4.0  1  1
		  7  113  1116.84  5400.14728   5400.1455   4.0  1  1
		  7  113  1128.49  5399.62074   5399.6218   4.0  1  1
		  7  113  1138.39  5399.17217   5399.1745   4.0  1  1
		  7  113  1143.95  5398.91977   5398.9219   4.0  1  1
		  7  113  1148.70  5398.70416   5398.7015   4.0  1  1
		  7  113  1174.72  5397.51802    5397.516   4.0  1  1
		  7  113  1234.62  5394.76269   5394.7608   4.0  1  1
		  7  113  1251.67  5393.97239   5393.9719   4.0  1  1
		  7  113  1259.64  5393.60174   5393.5995   4.0  1  1
		  7  113  1281.65  5392.57518   5392.5726   4.0  1  1
		  7  113  1377.49  5388.05084   5388.0507   4.0  1  1
		  7  113  1407.58  5386.61208   5386.6107   4.0  1  1
		  7  113  1461.02  5384.03547   5384.0356   4.0  1  1
		  7  113  1483.77  5382.93016   5382.9276   4.0  1  1
		  7  113  1515.78  5381.36671   5381.3709   4.0  1  1
		  7  113  1561.57  5379.11337   5379.1105   4.0  1  1
		  7  113  1567.22  5378.83419   5378.8356   4.0  1  1
		  7  113  1608.56  5376.78014   5376.7809   4.0  1  1
		  7  113  1621.54  5376.13163   5376.1304   4.0  1  1
		  7  113  1628.72  5375.77235   5375.7688   4.0  1  1
		  7  113  1637.13  5375.35115   5375.3526   4.0  1  1
		  7  113  1647.62   5374.8244   5374.8219   4.0  1  1
		  7  113  1689.64  5372.70461   5372.7027   4.0  1  1
		  7  113  1728.86  5370.71039   5370.7096   4.0  1  1
		  7  113  1753.55  5369.44789    5369.447   4.0  1  1
		  7  113  1756.72  5369.28565   5369.2819   4.0  1  1
		  7  113  1886.01  5362.57603   5362.5751   4.0  1  1
		  8  114    55.26  5394.75893   5394.7608   4.0  1  1
		  8  114    78.24  5393.96983   5393.9719   4.0  1  1
		  8  114    89.02  5393.59807   5393.5995   4.0  1  1
		  8  114   118.57  5392.57241   5392.5726   4.0  1  1
		  8  114   245.90  5388.05171   5388.0507   4.0  1  1
		  8  114   285.51  5386.61171   5386.6107   4.0  1  1
		  8  114   355.36  5384.03448   5384.0356   4.0  1  1
		  8  114   384.92  5382.92889   5382.9276   4.0  1  1
		  8  114   485.32  5379.10855   5379.1105   4.0  1  1
		  8  114   492.42  5378.83439   5378.8356   4.0  1  1
		  8  114   545.32  5376.77723   5376.7809   4.0  1  1
		  8  114   561.75  5376.13267   5376.1304   4.0  1  1
		  8  114   570.97  5375.76972   5375.7688   4.0  1  1
		  8  114   581.52  5375.35341   5375.3526   4.0  1  1
		  8  114   594.93  5374.82277   5374.8219   4.0  1  1
		  8  114   648.08  5372.70149   5372.7027   4.0  1  1
		  8  114   697.41  5370.70792   5370.7096   4.0  1  1
		  8  114   728.35  5369.44502    5369.447   4.0  1  1
		  8  114   732.38  5369.28011   5369.2819   4.0  1  1
		  8  114   892.75  5362.57714   5362.5751   4.0  1  1
		  8  114   926.04  5361.15444   5361.1556   4.0  1  1
		  8  114   949.44  5360.14766   5360.1501   4.0  1  1
		  8  114   956.84   5359.8282   5359.8269   4.0  1  1
		  8  114   982.67  5358.70904   5358.7059   4.0  1  1
		  8  114  1052.77  5355.63848   5355.6365   4.0  1  1
		  8  114  1076.26  5354.59872   5354.6016   4.0  1  1
		  8  114  1138.16  5351.83383   5351.8365   4.0  1  1
		  8  114  1153.82  5351.12838   5351.1265   4.0  1  1
		  8  114  1190.71  5349.45725   5349.4608   4.0  1  1
		  8  114  1200.64  5349.00526   5349.0054   4.0  1  1
		  8  114  1223.34  5347.96827   5347.9714   4.0  1  1
		  8  114  1257.94  5346.37798   5346.3778   4.0  1  1
		  8  114  1281.00  5345.31199   5345.3117   4.0  1  1
		  8  114  1318.26  5343.57838   5343.5812   4.0  1  1
		  8  114  1383.71  5340.50148   5340.4982   4.0  1  1
		  8  114  1456.74  5337.01957   5337.0154   4.0  1  1
		  8  114  1599.30  5330.07657   5330.0804   4.0  1  1
		  8  114  1613.41  5329.37909   5329.3745   4.0  1  1
		  8  114  1661.67  5326.97859   5326.9756   4.0  1  1
		  8  114  1675.67  5326.27808   5326.2774   4.0  1  1
		  8  114  1692.53  5325.43199   5325.4317   4.0  1  1
		  8  114  1698.34  5325.14013   5325.1438   4.0  1  1
		  8  114  1742.68  5322.90031   5322.8988   4.0  1  1
		  8  114  1784.50  5320.77067   5320.7699   4.0  1  1
		  8  114  1848.26   5317.4921   5317.4944   4.0  1  1
		  9  115    21.78  5349.00296   5349.0054   4.0  1  1
		  9  115    52.40   5347.9701   5347.9714   4.0  1  1
		  9  115    99.09  5346.37631   5346.3778   4.0  1  1
		  9  115   129.92  5345.31218   5345.3117   4.0  1  1
		  9  115   179.48  5343.58117   5343.5812   4.0  1  1
		  9  115   266.03   5340.4989   5340.4982   4.0  1  1
		  9  115   361.41  5337.01548   5337.0154   4.0  1  1
		  9  115   544.42  5330.07817   5330.0804   4.0  1  1
		  9  115   562.44  5329.37708   5329.3745   4.0  1  1
		  9  115   623.53  5326.97675   5326.9756   4.0  1  1
		  9  115   641.24  5326.27407   5326.2774   4.0  1  1
		  9  115   662.40  5325.43013   5325.4317   4.0  1  1
		  9  115   669.55  5325.14428   5325.1438   4.0  1  1
		  9  115   725.30  5322.89624   5322.8988   4.0  1  1
		  9  115   777.41  5320.76773   5320.7699   4.0  1  1
		  9  115   834.01   5318.4259   5318.4268   4.0  1  1
		  9  115   856.37  5317.49175   5317.4944   4.0  1  1
		  9  115   964.56  5312.90503   5312.9045   4.0  1  1
		  9  115   973.38  5312.52603   5312.5288   4.0  1  1
		  9  115   985.55  5312.00191   5312.0018   4.0  1  1
		  9  115  1025.60  5310.26677   5310.2665   4.0  1  1
		  9  115  1040.70  5309.60865   5309.6093   4.0  1  1
		  9  115  1089.53  5307.46534   5307.4655   4.0  1  1
		  9  115  1100.41  5306.98471   5306.9864   4.0  1  1
		  9  115  1224.85  5301.40609   5301.4043   4.0  1  1
		  9  115  1244.32  5300.52022   5300.5234   4.0  1  1
		  9  115  1293.18  5298.28028   5298.2824   4.0  1  1
		  9  115  1304.72  5297.74776   5297.7431   4.0  1  1
		  9  115  1336.44  5296.27822   5296.2787   4.0  1  1
		  9  115  1361.95  5295.08907   5295.0886   4.0  1  1
		  9  115  1376.68  5294.39967   5294.3971   4.0  1  1
		  9  115  1431.49  5291.81637   5291.8163   4.0  1  1
		  9  115  1534.45  5286.88765    5286.887   4.0  1  1
		  9  115  1642.07  5281.62859   5281.6285   4.0  1  1
		  9  115  1653.43   5281.0673   5281.0687   4.0  1  1
		  9  115  1667.99    5280.346   5280.3441   4.0  1  1
		  9  115  1725.09  5277.49799   5277.5002   4.0  1  1
		  9  115  1732.17  5277.14262    5277.146   4.0  1  1
		  9  115  1792.11  5274.11656   5274.1188   4.0  1  1
		  9  115  1815.49  5272.92692    5272.927   4.0  1  1
		  9  115  1936.13  5266.70955   5266.7103   4.0  1  1
		 10  116    92.85  5300.52396   5300.5234   4.0  1  1
		 10  116   158.14   5298.2817   5298.2824   4.0  1  1
		 10  116   173.59  5297.74481   5297.7431   4.0  1  1
		 10  116   215.44  5296.27865   5296.2787   4.0  1  1
		 10  116   249.07  5295.08806   5295.0886   4.0  1  1
		 10  116   268.45  5294.39688   5294.3971   4.0  1  1
		 10  116   339.82  5291.81883   5291.8163   4.0  1  1
		 10  116   392.06   5289.8997   5289.8974   4.0  1  1
		 10  116   472.61  5286.88829    5286.887   4.0  1  1
		 10  116   609.40  5281.62754   5281.6285   4.0  1  1
		 10  116   623.61  5281.07062   5281.0687   4.0  1  1
		 10  116   642.05  5280.34483   5280.3441   4.0  1  1
		 10  116   648.54  5280.08882   5280.0855   4.0  1  1
		 10  116   713.54  5277.50018   5277.5002   4.0  1  1
		 10  116   722.39  5277.14439    5277.146   4.0  1  1
		 10  116   740.59   5276.4108   5276.4089   4.0  1  1
		 10  116   796.90  5274.12013   5274.1188   4.0  1  1
		 10  116   820.85  5273.13638   5273.1317   4.0  1  1
		 10  116   825.93  5272.92732    5272.927   4.0  1  1
		 10  116   832.77  5272.64498   5272.6439   4.0  1  1
		 10  116   889.99  5270.26612    5270.266   4.0  1  1
		 10  116   974.22  5266.70688   5266.7103   4.0  1  1
		 10  116  1001.32  5265.54713   5265.5514   4.0  1  1
		 10  116  1095.32  5261.47068    5261.472   4.0  1  1
		 10  116  1126.43  5260.10289   5260.1041   4.0  1  1
		 10  116  1165.70  5258.36298   5258.3602   4.0  1  1
		 10  116  1252.52  5254.46495   5254.4648   4.0  1  1
		 10  116  1275.01  5253.44325   5253.4441   4.0  1  1
		 10  116  1331.20  5250.87025   5250.8727   4.0  1  1
		 10  116  1400.52  5247.65518   5247.6547   4.0  1  1
		 10  116  1557.67  5240.19912   5240.1968   4.0  1  1
		 10  116  1571.16  5239.54863    5239.552   4.0  1  1
		 10  116  1586.40  5238.81128   5238.8137   4.0  1  1
		 10  116  1682.60  5234.10795   5234.1069   4.0  1  1
		 10  116  1700.50  5233.22315   5233.2254   4.0  1  1
		 10  116  1742.09  5231.15634   5231.1597   4.0  1  1
		 10  116  1800.52  5228.22552   5228.2246   4.0  1  1
		 11  117   115.84  5254.46589   5254.4648   4.0  1  1
		 11  117   145.81  5253.44393   5253.4441   4.0  1  1
		 11  117   220.06  5250.87283   5250.8727   4.0  1  1
		 11  117   310.82  5247.65624   5247.6547   4.0  1  1
		 11  117   513.12  5240.19559   5240.1968   4.0  1  1
		 11  117   530.13  5239.54993    5239.552   4.0  1  1
		 11  117   549.46  5238.81311   5238.8137   4.0  1  1
		 11  117   670.66  5234.10902   5234.1069   4.0  1  1
		 11  117   693.06  5233.22421   5233.2254   4.0  1  1
		 11  117   744.78  5231.16263   5231.1597   4.0  1  1
		 11  117   798.48  5228.99448   5228.9951   4.0  1  1
		 11  117   817.42  5228.22326   5228.2246   4.0  1  1
		 11  117   984.40  5221.27533    5221.271   4.0  1  1
		 11  117   992.57  5220.92846   5220.9263   4.0  1  1
		 11  117   997.73  5220.70917   5220.7068   4.0  1  1
		 11  117  1035.22  5219.10762   5219.1099   4.0  1  1
		 11  117  1048.67  5218.52999   5218.5271   4.0  1  1
		 11  117  1088.44  5216.81174   5216.8139   4.0  1  1
		 11  117  1093.42  5216.59557   5216.5966   4.0  1  1
		 11  117  1167.53   5213.3501   5213.3492   4.0  1  1
		 11  117  1215.36  5211.22789   5211.2305   4.0  1  1
		 11  117  1248.95  5209.72477   5209.7246   4.0  1  1
		 11  117  1291.56  5207.80287   5207.8015   4.0  1  1
		 11  117  1349.64   5205.1553   5205.1522   4.0  1  1
		 11  117  1378.14  5203.84495   5203.8479   4.0  1  1
		 11  117  1417.73  5202.01181   5202.0087   4.0  1  1
		 11  117  1478.58  5199.16559   5199.1637   4.0  1  1
		 11  117  1486.36  5198.79945   5198.7999   4.0  1  1
		 11  117  1519.46  5197.23444    5197.236   4.0  1  1
		 11  117  1549.37  5195.81136   5195.8136   4.0  1  1
		 11  117  1577.63  5194.45968   5194.4576   4.0  1  1
		 11  117  1590.72  5193.83081   5193.8256   4.0  1  1
		 11  117  1651.90  5190.87127    5190.872   4.0  1  1
		 11  117  1715.72  5187.74716   5187.7462   4.0  1  1
		 11  117  1724.10  5187.33416   5187.3374   4.0  1  1
		 11  117  1742.74  5186.41348   5186.4132   4.0  1  1
		 11  117  1782.26  5184.45043   5184.4534   4.0  1  1
		 11  117  1930.43  5176.96414    5176.961   4.0  1  1
		 12  118    13.66  5213.34993   5213.3492   4.0  1  1
		 12  118    77.89  5211.23124   5211.2305   4.0  1  1
		 12  118   122.78   5209.7261   5209.7246   4.0  1  1
		 12  118   179.36  5207.80073   5207.8015   4.0  1  1
		 12  118   255.67  5205.15424   5205.1522   4.0  1  1
		 12  118   292.75  5203.84796   5203.8479   4.0  1  1
		 12  118   344.36  5202.00711   5202.0087   4.0  1  1
		 12  118   422.63  5199.16594   5199.1637   4.0  1  1
		 12  118   432.53   5198.8022   5198.7999   4.0  1  1
		 12  118   474.86   5197.2365    5197.236   4.0  1  1
		 12  118   512.90  5195.81518   5195.8136   4.0  1  1
		 12  118   548.83  5194.45927   5194.4576   4.0  1  1
		 12  118   565.51  5193.82601   5193.8256   4.0  1  1
		 12  118   642.43   5190.8694    5190.872   4.0  1  1
		 12  118   722.18   5187.7442   5187.7462   4.0  1  1
		 12  118   732.47  5187.33659   5187.3374   4.0  1  1
		 12  118   755.66  5186.41403   5186.4132   4.0  1  1
		 12  118   797.68  5184.72943   5184.7315   4.0  1  1
		 12  118   804.51  5184.45394   5184.4534   4.0  1  1
		 12  118   816.01  5183.98956   5183.9896   4.0  1  1
		 12  118   825.46  5183.60675   5183.6044   4.0  1  1
		 12  118   838.19   5183.0895   5183.0897   4.0  1  1
		 12  118   852.01  5182.52646   5182.5269   4.0  1  1
		 12  118   896.04  5180.72033   5180.7209   4.0  1  1
		 12  118   950.09  5178.47854     5178.48   4.0  1  1
		 12  118   970.62  5177.61954   5177.6228   4.0  1  1
		 12  118   986.33  5176.95937    5176.961   4.0  1  1
		 12  118   999.54  5176.40288   5176.4037   4.0  1  1
		 12  118  1003.61  5176.23093   5176.2292   4.0  1  1
		 12  118  1011.24  5175.90844   5175.9115   4.0  1  1
		 12  118  1025.01  5175.32487   5175.3248   4.0  1  1
		 12  118  1037.42  5174.79745   5174.7988   4.0  1  1
		 12  118  1063.73  5173.67442   5173.6715   4.0  1  1
		 12  118  1173.43  5168.92129   5168.9225   4.0  1  1
		 12  118  1224.84  5166.65528   5166.6553   4.0  1  1
		 12  118  1244.66  5165.77488   5165.7728   4.0  1  1
		 12  118  1296.44  5163.45775   5163.4584   4.0  1  1
		 12  118  1322.43  5162.28556   5162.2846   4.0  1  1
		 12  118  1338.84  5161.54213   5161.5396   4.0  1  1
		 12  118  1403.20    5158.602   5158.6041   4.0  1  1
		 12  118  1497.18  5154.24058    5154.243   4.0  1  1
		 12  118  1552.97  5151.61276    5151.612   4.0  1  1
		 12  118  1603.52  5149.20698   5149.2069   4.0  1  1
		 12  118  1624.33  5148.20955   5148.2115   4.0  1  1
		 12  118  1669.03  5146.05431   5146.0557   4.0  1  1
		 12  118  1684.45  5145.30661   5145.3083   4.0  1  1
		 12  118  1713.06   5143.9135   5143.9165   4.0  1  1
		 12  118  1726.35  5143.26405   5143.2673   4.0  1  1
		 12  118  1756.54  5141.78254   5141.7827   4.0  1  1
		 12  118  1897.62  5134.74881    5134.746   4.0  1  1
		 13  119    33.43  5168.92149   5168.9225   4.0  1  1
		 13  119   102.31  5166.65276   5166.6553   4.0  1  1
		 13  119   128.63  5165.77384   5165.7728   4.0  1  1
		 13  119   196.98  5163.45927   5163.4584   4.0  1  1
		 13  119   231.13  5162.28575   5162.2846   4.0  1  1
		 13  119   252.63  5161.54104   5161.5396   4.0  1  1
		 13  119   336.25  5158.60247   5158.6041   4.0  1  1
		 13  119   456.89  5154.24357    5154.243   4.0  1  1
		 13  119   527.85  5151.61407    5151.612   4.0  1  1
		 13  119   591.64   5149.2091   5149.2069   4.0  1  1
		 13  119   617.73  5148.21422   5148.2115   4.0  1  1
		 13  119   673.71  5146.05776   5146.0557   4.0  1  1
		 13  119   692.99  5145.30842   5145.3083   4.0  1  1
		 13  119   728.54  5143.91668   5143.9165   4.0  1  1
		 13  119   745.06  5143.26623   5143.2673   4.0  1  1
		 13  119   782.47  5141.78293   5141.7827   4.0  1  1
		 13  119   807.84  5140.76961   5140.7736   4.0  1  1
		 13  119   889.39  5137.47145   5137.4733   4.0  1  1
		 13  119   922.44  5136.11666    5136.121   4.0  1  1
		 13  119   955.60  5134.74743    5134.746   4.0  1  1
		 13  119  1043.34  5131.07399    5131.072   4.0  1  1
		 13  119  1063.23  5130.23147   5130.2338   4.0  1  1
		 13  119  1104.07  5128.48935   5128.4897   4.0  1  1
		 13  119  1162.95  5125.95075   5125.9502   4.0  1  1
		 13  119  1173.55  5125.49011   5125.4895   4.0  1  1
		 13  119  1241.76  5122.50205   5122.4995   4.0  1  1
		 13  119  1358.38  5117.29378   5117.2923   4.0  1  1
		 13  119  1407.84  5115.04712   5115.0448   4.0  1  1
		 13  119  1489.66  5111.28117   5111.2781   4.0  1  1
		 13  119  1522.88  5109.73458   5109.7331   4.0  1  1
		 13  119  1703.95  5101.12866   5101.1299   4.0  1  1
		 13  119  1714.53  5100.61657   5100.6211   4.0  1  1
		 13  119  1767.44  5098.04086   5098.0432   4.0  1  1
		 13  119  1799.20  5096.48229   5096.4848   4.0  1  1
		 14  120    30.98  5125.94935   5125.9502   4.0  1  1
		 14  120    45.19  5125.48908   5125.4895   4.0  1  1
		 14  120   136.10  5122.49936   5122.4995   4.0  1  1
		 14  120   288.91  5117.29337   5117.2923   4.0  1  1
		 14  120   352.92   5115.0455   5115.0448   4.0  1  1
		 14  120   457.72   5111.2807   5111.2781   4.0  1  1
		 14  120   500.00   5109.7323   5109.7331   4.0  1  1
		 14  120   726.92  5101.13045   5101.1299   4.0  1  1
		 14  120   740.05  5100.61799   5100.6211   4.0  1  1
		 14  120   805.41  5098.04191   5098.0432   4.0  1  1
		 14  120   844.46  5096.48409   5096.4848   4.0  1  1
		 14  120   879.67   5095.0666   5095.0639   4.0  1  1
		 14  120  1002.07  5090.05001   5090.0513   4.0  1  1
		 14  120  1022.04  5089.21849   5089.2192   4.0  1  1
		 14  120  1094.34  5086.17618   5086.1774   4.0  1  1
		 14  120  1115.05  5085.29606   5085.2955   4.0  1  1
		 14  120  1122.17  5084.99229   5084.9935   4.0  1  1
		 14  120  1204.53  5081.44683   5081.4462   4.0  1  1
		 14  120  1257.42   5079.1372   5079.1374   4.0  1  1
		 14  120  1340.34  5075.46426   5075.4659   4.0  1  1
		 14  120  1358.57  5074.64816   5074.6465   4.0  1  1
		 14  120  1475.62  5069.33709   5069.3384   4.0  1  1
		 14  120  1505.29  5067.97111   5067.9737   4.0  1  1
		 14  120  1523.35  5067.13544   5067.1379   4.0  1  1
		 14  120  1531.08  5066.77723   5066.7773   4.0  1  1
		 14  120  1544.83  5066.13828   5066.1355   4.0  1  1
		 14  120  1570.43  5064.94398   5064.9454   4.0  1  1
		 14  120  1577.67  5064.60487    5064.602   4.0  1  1
		 14  120  1600.86  5063.51677   5063.5157   4.0  1  1
		 14  120  1613.33  5062.92936   5062.9325   4.0  1  1
		 14  120  1632.27  5062.03477   5062.0371   4.0  1  1
		 14  120  1640.33  5061.65305   5061.6562   4.0  1  1
		 14  120  1678.03  5059.85962   5059.8611   4.0  1  1
		 14  120  1717.22  5057.98193   5057.9866   4.0  1  1
		 14  120  1771.70  5055.34889   5055.3473   4.0  1  1
		 14  120  1842.47  5051.88893   5051.8887   4.0  1  1
		 14  120  1864.79  5050.78828   5050.7842   4.0  1  1
		 15  121    97.76  5081.44721   5081.4462   4.0  1  1
		 15  121   276.05  5075.46575   5075.4659   4.0  1  1
		 15  121   299.76  5074.64717   5074.6465   4.0  1  1
		 15  121   450.07  5069.33436   5069.3384   4.0  1  1
		 15  121   487.58  5067.97478   5067.9737   4.0  1  1
		 15  121   510.49  5067.13797   5067.1379   4.0  1  1
		 15  121   520.36  5066.77613   5066.7773   4.0  1  1
		 15  121   537.69    5066.138   5066.1355   4.0  1  1
		 15  121   569.82  5064.94808   5064.9454   4.0  1  1
		 15  121   579.15  5064.60034    5064.602   4.0  1  1
		 15  121   595.14  5064.00313   5063.9988   4.0  1  1
		 15  121   608.21  5063.51305   5063.5157   4.0  1  1
		 15  121   623.61  5062.93365   5062.9325   4.0  1  1
		 15  121   647.36  5062.03574   5062.0371   4.0  1  1
		 15  121   657.40   5061.6543   5061.6562   4.0  1  1
		 15  121   704.36  5059.85862   5059.8611   4.0  1  1
		 15  121   752.70  5057.98854   5057.9866   4.0  1  1
		 15  121   820.07  5055.34616   5055.3473   4.0  1  1
		 15  121   906.59  5051.89033   5051.8887   4.0  1  1
		 15  121   933.88  5050.78572   5050.7842   4.0  1  1
		 15  121   958.18  5049.79659    5049.796   4.0  1  1
		 15  121   979.32  5048.93153   5048.9366   4.0  1  1
		 15  121  1025.15  5047.04219   5047.0434   4.0  1  1
		 15  121  1034.86  5046.63935   5046.6372   4.0  1  1
		 15  121  1041.68  5046.35568   5046.3527   4.0  1  1
		 15  121  1068.28  5045.24598   5045.2481   4.0  1  1
		 15  121  1080.74  5044.72396   5044.7195   4.0  1  1
		 15  121  1109.48   5043.5148   5043.5145   4.0  1  1
		 15  121  1154.59  5041.60107   5041.5998   4.0  1  1
		 15  121  1165.72  5041.12574   5041.1224   4.0  1  1
		 15  121  1176.14  5040.68002   5040.6805   4.0  1  1
		 15  121  1202.96  5039.52829   5039.5265   4.0  1  1
		 15  121  1209.81  5039.23315   5039.2303   4.0  1  1
		 15  121  1231.40  5038.29955   5038.3018   4.0  1  1
		 15  121  1267.50  5036.72932   5036.7284   4.0  1  1
		 15  121  1299.15  5035.34303   5035.3375   4.0  1  1
		 15  121  1421.59  5029.89379   5029.8916   4.0  1  1
		 15  121  1441.19  5029.00908   5029.0119   4.0  1  1
		 15  121  1449.05  5028.65287   5028.6556   4.0  1  1
		 15  121  1557.02  5023.70858   5023.7084   4.0  1  1
		 15  121  1593.63  5022.00829   5022.0051   4.0  1  1
		 15  121  1609.79  5021.25424   5021.2531   4.0  1  1
		 15  121  1640.64   5019.8077   5019.8062   4.0  1  1
		 15  121  1677.79  5018.05406   5018.0535   4.0  1  1
		 15  121  1689.29  5017.50893   5017.5084   4.0  1  1
		 15  121  1696.48  5017.16742   5017.1628   4.0  1  1
		 15  121  1709.77  5016.53528   5016.5356   4.0  1  1
		 15  121  1723.36  5015.88705   5015.8893   4.0  1  1
		 15  121  1858.74  5009.33896   5009.3344   4.0  1  1
		 16  122    57.31  5041.12193   5041.1224   4.0  1  1
		 16  122    70.97  5040.68326   5040.6805   4.0  1  1
		 16  122   106.69  5039.52789   5039.5265   4.0  1  1
		 16  122   115.79  5039.23157   5039.2303   4.0  1  1
		 16  122   191.65  5036.73077   5036.7284   4.0  1  1
		 16  122   391.24  5029.88983   5029.8916   4.0  1  1
		 16  122   398.59  5029.63051   5029.6295   4.0  1  1
		 16  122   416.12  5029.01053   5029.0119   4.0  1  1
		 16  122   426.24    5028.651   5028.6556   4.0  1  1
		 16  122   562.74  5023.71063   5023.7084   4.0  1  1
		 16  122   608.70  5022.00783   5022.0051   4.0  1  1
		 16  122   628.89  5021.25355   5021.2531   4.0  1  1
		 16  122   647.89  5020.54033   5020.5458   4.0  1  1
		 16  122   667.40  5019.80432   5019.8062   4.0  1  1
		 16  122   713.47  5018.05253   5018.0535   4.0  1  1
		 16  122   727.56  5017.51301   5017.5084   4.0  1  1
		 16  122   736.56   5017.1673   5017.1628   4.0  1  1
		 16  122   752.97  5016.53487   5016.5356   4.0  1  1
		 16  122   769.59  5015.89194   5015.8893   4.0  1  1
		 16  122   798.77  5014.75701   5014.7539   4.0  1  1
		 16  122   839.38  5013.16427   5013.1647   4.0  1  1
		 16  122   881.97  5011.47741   5011.4774   4.0  1  1
		 16  122   908.53    5010.417   5010.4174   4.0  1  1
		 16  122   935.48   5009.3345   5009.3344   4.0  1  1
		 16  122   963.77  5008.19094   5008.1897   4.0  1  1
		 16  122  1062.80  5004.13021   5004.1279   4.0  1  1
		 16  122  1075.57  5003.59992   5003.5981   4.0  1  1
		 16  122  1111.54  5002.09845   5002.0972   4.0  1  1
		 16  122  1155.50   5000.2476   5000.2463   4.0  1  1
		 16  122  1162.71  4999.94251   4999.9398   4.0  1  1
		 16  122  1298.49  4994.10583   4994.1058   4.0  1  1
		 16  122  1306.60  4993.75189   4993.7488   4.0  1  1
		 16  122  1332.14  4992.63324   4992.6372   4.0  1  1
		 16  122  1343.63  4992.12841   4992.1257   4.0  1  1
		 16  122  1407.33  4989.30686   4989.3086   4.0  1  1
		 16  122  1446.41  4987.55761   4987.5582   4.0  1  1
		 16  122  1455.52  4987.14789    4987.147   4.0  1  1
		 16  122  1482.13  4985.94737   4985.9486   4.0  1  1
		 16  122  1494.75  4985.37528   4985.3725   4.0  1  1
		 16  122  1558.02  4982.48729   4982.4875   4.0  1  1
		 16  122  1591.41  4980.94866   4980.9513   4.0  1  1
		 16  122  1607.85  4980.18751   4980.1859   4.0  1  1
		 16  122  1778.24  4972.15777   4972.1597   4.0  1  1
		 16  122  1924.03  4965.08388   4965.0795   4.0  1  1
		 17  123   242.57  4994.10688   4994.1058   4.0  1  1
		 17  123   253.26  4993.74776   4993.7488   4.0  1  1
		 17  123   286.25  4992.63278   4992.6372   4.0  1  1
		 17  123   301.19  4992.12413   4992.1257   4.0  1  1
		 17  123   382.80  4989.31018   4989.3086   4.0  1  1
		 17  123   432.65  4987.56049   4987.5582   4.0  1  1
		 17  123   444.38  4987.14542    4987.147   4.0  1  1
		 17  123   478.02  4985.94784   4985.9486   4.0  1  1
		 17  123   494.13  4985.37057   4985.3725   4.0  1  1
		 17  123   544.98  4983.53269   4983.5324   4.0  1  1
		 17  123   573.57  4982.48887   4982.4875   4.0  1  1
		 17  123   615.38  4980.94864   4980.9513   4.0  1  1
		 17  123   620.56   4980.7564   4980.7561   4.0  1  1
		 17  123   635.90   4980.1866   4980.1859   4.0  1  1
		 17  123   710.36  4977.38936   4977.3906   4.0  1  1
		 17  123   731.35  4976.59121   4976.5938   4.0  1  1
		 17  123   748.26  4975.94579   4975.9485   4.0  1  1
		 17  123   770.51  4975.09217   4975.0917   4.0  1  1
		 17  123   846.02  4972.16102   4972.1597   4.0  1  1
		 17  123   898.97  4970.07487   4970.0785   4.0  1  1
		 17  123   932.17  4968.75354   4968.7556   4.0  1  1
		 17  123   959.58    4967.655   4967.6529   4.0  1  1
		 17  123  1007.23  4965.72912   4965.7315   4.0  1  1
		 17  123  1023.24   4965.0773   4965.0795   4.0  1  1
		 17  123  1069.37  4963.18651   4963.1881   4.0  1  1
		 17  123  1096.52  4962.06478   4962.0621   4.0  1  1
		 17  123  1104.62  4961.72861    4961.726   4.0  1  1
		 17  123  1112.93  4961.38334   4961.3814   4.0  1  1
		 17  123  1176.39  4958.72587    4958.724   4.0  1  1
		 17  123  1191.32  4958.09532   4958.0988   4.0  1  1
		 17  123  1210.20  4957.29498   4957.2963   4.0  1  1
		 17  123  1297.94  4953.53416    4953.532   4.0  1  1
		 17  123  1317.42  4952.68981   4952.6908   4.0  1  1
		 17  123  1364.63  4950.62919   4950.6264   4.0  1  1
		 17  123  1373.32  4950.24791   4950.2513   4.0  1  1
		 17  123  1433.82  4947.57325   4947.5752   4.0  1  1
		 17  123  1454.29  4946.66125   4946.6637   4.0  1  1
		 17  123  1481.20  4945.45655   4945.4587   4.0  1  1
		 17  123  1534.25  4943.06204   4943.0642   4.0  1  1
		 17  123  1570.43  4941.41528    4941.416   4.0  1  1
		 17  123  1609.14  4939.64011   4939.6422   4.0  1  1
		 17  123  1617.21  4939.26847   4939.2707   4.0  1  1
		 17  123  1633.66  4938.50893   4938.5047   4.0  1  1
		 17  123  1648.39  4937.82677   4937.8295   4.0  1  1
		 17  123  1671.06  4936.77338   4936.7746   4.0  1  1
		 17  123  1747.10  4933.20653   4933.2091   4.0  1  1
		 17  123  1860.68  4927.78455   4927.7803   4.0  1  1
		 18  124   112.62  4958.09795   4958.0988   4.0  1  1
		 18  124   137.50  4957.29731   4957.2963   4.0  1  1
		 18  124   277.34  4952.68906   4952.6908   4.0  1  1
		 18  124   338.25  4950.62481   4950.6264   4.0  1  1
		 18  124   349.21  4950.24955   4950.2513   4.0  1  1
		 18  124   426.54  4947.57103   4947.5752   4.0  1  1
		 18  124   452.41  4946.66221   4946.6637   4.0  1  1
		 18  124   486.45  4945.45754   4945.4587   4.0  1  1
		 18  124   553.23  4943.06233   4943.0642   4.0  1  1
		 18  124   584.81  4941.91545   4941.9174   4.0  1  1
		 18  124   598.48  4941.41617    4941.416   4.0  1  1
		 18  124   646.61   4939.6441   4939.6422   4.0  1  1
		 18  124   656.64  4939.27245   4939.2707   4.0  1  1
		 18  124   662.37  4939.05932   4939.0605   4.0  1  1
		 18  124   677.32  4938.50271   4938.5047   4.0  1  1
		 18  124   695.37  4937.82741   4937.8295   4.0  1  1
		 18  124   723.40  4936.77321   4936.7746   4.0  1  1
		 18  124   787.58  4934.33209   4934.3306   4.0  1  1
		 18  124   800.19  4933.84838   4933.8521   4.0  1  1
		 18  124   816.70   4933.2122   4933.2091   4.0  1  1
		 18  124   899.49   4929.9862    4929.985   4.0  1  1
		 18  124   922.38  4929.08316    4929.086   4.0  1  1
		 18  124   955.27  4927.77729   4927.7803   4.0  1  1
		 18  124   967.31  4927.29666   4927.2988   4.0  1  1
		 18  124   993.39   4926.2515   4926.2529   4.0  1  1
		 18  124  1000.84  4925.95196   4925.9501   4.0  1  1
		 18  124  1013.97  4925.42245   4925.4254   4.0  1  1
		 18  124  1038.62  4924.42445   4924.4223   4.0  1  1
		 18  124  1074.85  4922.94731   4922.9442   4.0  1  1
		 18  124  1107.30  4921.61411   4921.6134   4.0  1  1
		 18  124  1150.65  4919.81892   4919.8157   4.0  1  1
		 18  124  1198.41  4917.82142    4917.822   4.0  1  1
		 18  124  1255.32  4915.41453   4915.4155   4.0  1  1
		 18  124  1322.60  4912.53157   4912.5293   4.0  1  1
		 18  124  1333.89  4912.04382   4912.0428   4.0  1  1
		 18  124  1349.26  4911.37811   4911.3787   4.0  1  1
		 18  124  1377.34  4910.15625   4910.1576   4.0  1  1
		 18  124  1384.49  4909.84428   4909.8431   4.0  1  1
		 18  124  1444.44  4907.20882   4907.2093   4.0  1  1
		 18  124  1499.66    4904.753   4904.7516   4.0  1  1
		 18  124  1543.34  4902.79147   4902.7943   4.0  1  1
		 18  124  1559.72  4902.05165   4902.0545   4.0  1  1
		 18  124  1621.45  4899.24225   4899.2401   4.0  1  1
		 18  124  1630.99  4898.80487   4898.8044   4.0  1  1
		 18  124  1714.36  4894.95063   4894.9551   4.0  1  1
		 18  124  1746.60  4893.44413   4893.4453   4.0  1  1
		 18  124  1761.27  4892.75557   4892.7592   4.0  1  1
		 18  124  1839.62  4889.04601   4889.0422   4.0  1  1
		 19  125    11.73  4921.61524   4921.6134   4.0  1  1
		 19  125    43.84  4920.61953    4920.623   4.0  1  1
		 19  125    69.53   4919.8157   4919.8157   4.0  1  1
		 19  125   294.06  4912.52858   4912.5293   4.0  1  1
		 19  125   308.53  4912.04278   4912.0428   4.0  1  1
		 19  125   328.24  4911.37808   4911.3787   4.0  1  1
		 19  125   345.41   4910.7962   4910.7929   4.0  1  1
		 19  125   352.65  4910.54982   4910.5488   4.0  1  1
		 19  125   364.19  4910.15641   4910.1576   4.0  1  1
		 19  125   373.35  4909.84312   4909.8431   4.0  1  1
		 19  125   449.50   4907.2089   4907.2093   4.0  1  1
		 19  125   519.25  4904.74942   4904.7516   4.0  1  1
		 19  125   573.76  4902.79604   4902.7943   4.0  1  1
		 19  125   671.13  4899.23932   4899.2401   4.0  1  1
		 19  125   682.79  4898.80775   4898.8044   4.0  1  1
		 19  125   785.45  4894.95304   4894.9551   4.0  1  1
		 19  125   824.89  4893.44684   4893.4453   4.0  1  1
		 19  125   842.69  4892.76222   4892.7592   4.0  1  1
		 19  125   871.25  4891.65815   4891.6606   4.0  1  1
		 19  125   887.28  4891.03502   4891.0379   4.0  1  1
		 19  125   902.14  4890.45556   4890.4582   4.0  1  1
		 19  125   917.44   4889.8567   4889.8553   4.0  1  1
		 19  125   926.70  4889.49313   4889.4903   4.0  1  1
		 19  125   938.21  4889.04055   4889.0422   4.0  1  1
		 19  125   957.90  4888.26306   4888.2612   4.0  1  1
		 19  125   993.10  4886.86464   4886.8661   4.0  1  1
		 19  125  1107.47  4882.24394   4882.2432   4.0  1  1
		 19  125  1116.96  4881.85523   4881.8531   4.0  1  1
		 19  125  1132.73  4881.20781   4881.2046   4.0  1  1
		 19  125  1165.21  4879.86716   4879.8635   4.0  1  1
		 19  125  1177.59  4879.35363   4879.3497   4.0  1  1
		 19  125  1192.50  4878.73337    4878.733   4.0  1  1
		 19  125  1209.76  4878.01271   4878.0094   4.0  1  1
		 19  125  1214.55  4877.81244   4877.8128   4.0  1  1
		 19  125  1233.78  4877.00552   4877.0015   4.0  1  1
		 19  125  1245.85   4876.4976   4876.4949   4.0  1  1
		 19  125  1296.25  4874.36261   4874.3645   4.0  1  1
		 19  125  1330.03  4872.91892   4872.9169   4.0  1  1
		 19  125  1350.60  4872.03456   4872.0309   4.0  1  1
		 19  125  1367.83  4871.29153    4871.289   4.0  1  1
		 19  125  1423.34  4868.87899   4868.8814   4.0  1  1
		 19  125  1431.33  4868.52946   4868.5277   4.0  1  1
		 19  125  1437.21  4868.27184   4868.2742   4.0  1  1
		 19  125  1453.57  4867.55352    4867.556   4.0  1  1
		 19  125  1500.54  4865.47835   4865.4775   4.0  1  1
		 19  125  1584.58  4861.71763   4861.7173   4.0  1  1
		 19  125  1595.63   4861.2186   4861.2167   4.0  1  1
		 19  125  1659.16  4858.32867   4858.3327   4.0  1  1
		 19  125  1777.23   4852.8649   4852.8685   4.0  1  1
		 19  125  1828.73    4850.444   4850.4397   4.0  1  1
		 19  125  1872.56  4848.36583   4848.3625   4.0  1  1
		 19  125  1884.22  4847.80999   4847.8095   4.0  1  1
		 20  126    22.59  4882.24277   4882.2432   4.0  1  1
		 20  126    56.27   4881.2028   4881.2046   4.0  1  1
		 20  126    99.17  4879.86292   4879.8635   4.0  1  1
		 20  126   134.91   4878.7334    4878.733   4.0  1  1
		 20  126   157.60   4878.0101   4878.0094   4.0  1  1
		 20  126   163.75  4877.81322   4877.8128   4.0  1  1
		 20  126   188.94  4877.00311   4877.0015   4.0  1  1
		 20  126   204.61  4876.49647   4876.4949   4.0  1  1
		 20  126   269.73  4874.36567   4874.3645   4.0  1  1
		 20  126   313.32   4872.9177   4872.9169   4.0  1  1
		 20  126   339.69  4872.03318   4872.0309   4.0  1  1
		 20  126   361.68  4871.29065    4871.289   4.0  1  1
		 20  126   432.19  4868.87966   4868.8814   4.0  1  1
		 20  126   442.39  4868.52713   4868.5277   4.0  1  1
		 20  126   449.64  4868.27615   4868.2742   4.0  1  1
		 20  126   470.45  4867.55243    4867.556   4.0  1  1
		 20  126   517.19  4865.91295     4865.91   4.0  1  1
		 20  126   529.49  4865.47805   4865.4775   4.0  1  1
		 20  126   634.36  4861.71504   4861.7173   4.0  1  1
		 20  126   648.06  4861.21623   4861.2167   4.0  1  1
		 20  126   726.39  4858.33051   4858.3327   4.0  1  1
		 20  126   747.60  4857.53973   4857.5385   4.0  1  1
		 20  126   851.48  4853.60771   4853.6087   4.0  1  1
		 20  126   870.66  4852.87085   4852.8685   4.0  1  1
		 20  126   933.41   4850.4381   4850.4397   4.0  1  1
		 20  126   948.19  4849.85973   4849.8617   4.0  1  1
		 20  126   966.54  4849.13944   4849.1399   4.0  1  1
		 20  126   986.30  4848.36015   4848.3625   4.0  1  1
		 20  126  1000.24  4847.80809   4847.8095   4.0  1  1
		 20  126  1012.42  4847.32477   4847.3263   4.0  1  1
		 20  126  1066.47  4845.16263   4845.1626   4.0  1  1
		 20  126  1076.52  4844.75772   4844.7553   4.0  1  1
		 20  126  1091.22  4844.16406   4844.1653   4.0  1  1
		 20  126  1140.35  4842.16562   4842.1676   4.0  1  1
		 20  126  1172.54  4840.84446   4840.8492   4.0  1  1
		 20  126  1181.50  4840.47541   4840.4744   4.0  1  1
		 20  126  1232.60  4838.35548   4838.3546   4.0  1  1
		 20  126  1255.23  4837.40949   4837.4121   4.0  1  1
		 20  126  1363.87  4832.80472   4832.8025   4.0  1  1
		 20  126  1372.65  4832.42826   4832.4233   4.0  1  1
		 20  126  1391.93   4831.5988   4831.5975   4.0  1  1
		 20  126  1402.98  4831.12177   4831.1213   4.0  1  1
		 20  126  1433.52  4829.79841   4829.7973   4.0  1  1
		 20  126  1504.37  4826.69711   4826.7004   4.0  1  1
		 20  126  1565.31  4823.99445   4823.9967   4.0  1  1
		 20  126  1574.02  4823.60549   4823.6058   4.0  1  1
		 20  126  1590.75  4822.85667   4822.8548   4.0  1  1
		 20  126  1612.84  4821.86424   4821.8646   4.0  1  1
		 20  126  1618.98   4821.5874   4821.5878   4.0  1  1
		 20  126  1634.55   4820.8848   4820.8847   4.0  1  1
		 20  126  1643.80  4820.46619   4820.4649   4.0  1  1
		 20  126  1671.82  4819.19358    4819.193   4.0  1  1
		 20  126  1683.81  4818.64722   4818.6477   4.0  1  1
		 20  126  1786.93  4813.89584   4813.8963   4.0  1  1
		 20  126  1878.22  4809.61373    4809.614   4.0  1  1
		 20  126  1909.38  4808.13576   4808.1337   4.0  1  1
		 21  127   130.58  4840.47468   4840.4744   4.0  1  1
		 21  127   366.18  4832.80149   4832.8025   4.0  1  1
		 21  127   377.35  4832.42498   4832.4233   4.0  1  1
		 21  127   401.71  4831.60007   4831.5975   4.0  1  1
		 21  127   415.72  4831.12312   4831.1213   4.0  1  1
		 21  127   454.42  4829.79635   4829.7973   4.0  1  1
		 21  127   487.29  4828.65889   4828.6596   4.0  1  1
		 21  127   543.30  4826.69813   4826.7004   4.0  1  1
		 21  127   600.95  4824.65026   4824.6484   4.0  1  1
		 21  127   619.20  4823.99573   4823.9967   4.0  1  1
		 21  127   630.01  4823.60681   4823.6058   4.0  1  1
		 21  127   641.91    4823.177   4823.1823   4.0  1  1
		 21  127   650.74  4822.85759   4822.8548   4.0  1  1
		 21  127   674.02  4822.01138    4822.014   4.0  1  1
		 21  127   678.06  4821.86414   4821.8646   4.0  1  1
		 21  127   685.57   4821.5901   4821.5878   4.0  1  1
		 21  127   704.73  4820.88827   4820.8847   4.0  1  1
		 21  127   716.28  4820.46345   4820.4649   4.0  1  1
		 21  127   750.59    4819.195    4819.193   4.0  1  1
		 21  127   765.34  4818.64613   4818.6477   4.0  1  1
		 21  127   808.67  4817.02319   4817.0206   4.0  1  1
		 21  127   890.85  4813.89911   4813.8963   4.0  1  1
		 21  127   895.49  4813.72089   4813.7204   4.0  1  1
		 21  127   914.08  4813.00514   4813.0069   4.0  1  1
		 21  127   930.40  4812.37421   4812.3755   4.0  1  1
		 21  127  1001.13   4809.6122    4809.614   4.0  1  1
		 21  127  1038.51  4808.13451   4808.1337   4.0  1  1
		 21  127  1091.48  4806.01991   4806.0205   4.0  1  1
		 21  127  1142.56  4803.95699   4803.9559   4.0  1  1
		 21  127  1174.19  4802.66828   4802.6714   4.0  1  1
		 21  127  1213.54   4801.0525   4801.0517   4.0  1  1
		 21  127  1234.80  4800.17387   4800.1724   4.0  1  1
		 21  127  1336.54   4795.9151   4795.9131   4.0  1  1
		 21  127  1383.77  4793.90737   4793.9052   4.0  1  1
		 21  127  1399.31   4793.2426   4793.2446   4.0  1  1
		 21  127  1426.40  4792.07853   4792.0819   4.0  1  1
		 21  127  1439.46  4791.51517   4791.5157   4.0  1  1
		 21  127  1464.39  4790.43581   4790.4373   4.0  1  1
		 21  127  1488.50  4789.38652   4789.3868   4.0  1  1
		 21  127  1539.55  4787.14848    4787.148   4.0  1  1
		 21  127  1553.54  4786.53128    4786.531   4.0  1  1
		 21  127  1613.57  4783.86378   4783.8617   4.0  1  1
		 21  127  1638.28  4782.75691   4782.7612   4.0  1  1
		 21  127  1682.75   4780.7511   4780.7505   4.0  1  1
		 21  127  1736.75   4778.2933    4778.294   4.0  1  1
		 21  127  1760.78  4777.19163   4777.1915   4.0  1  1
		 21  127  1791.18  4775.79091    4775.794   4.0  1  1
	offset	106
	niterate 3
	lowreject 3.
	highreject 3.
	coefficients	24
		1.
		4.
		4.
		1.
		1.
		1941.
		107.
		127.
		610692.7370890991
		-4792.037011550029
		-262.2564915417983
		2.097382122573398
		14.05499536873809
		-17.23262975172632
		-2.393753800886964
		0.08907400451689964
		-0.6973842028202667
		-0.05350464604177908
		-0.1022837845434634
		-0.01218565210391966
		-0.00451784537699346
		-0.1001974621841557
		-0.01203419060417662
		0.0311299869090912

