# Wed 17:53:44 26-Jul-2006
begin	ecidentify refCalib_UVES_red_l_860_1931x12
	id	refCalib_UVES_red_l_860_1931x12
	task	ecidentify
	image	refCalib_UVES_red_l_860_1931x12
	units	angstroms
	features	759
		  1   59  1027.63  10349.0555   10349.048   4.0  1  1
		  1   59  1763.30  10283.1119   10283.116   4.0  1  1
		  2   60    57.13   10247.558   10247.557   4.0  1  1
		  2   60   232.93   10235.984   10236.028   4.0  1  1
		  2   60   484.04  10218.4631   10218.433   4.0  1  1
		  2   60  1004.83  10178.4824    10178.52   4.0  1  1
		  2   60  1047.09   10175.026   10175.008   4.0  1  1
		  2   60  1407.90  10144.2453   10144.265   4.0  1  1
		  2   60  1440.02  10141.3959   10141.397   4.0  1  1
		  2   60  1450.35  10140.4756   10140.431   4.0  1  1
		  2   60  1527.19  10133.5731   10133.566   4.0  1  1
		  3   61   645.03  10039.3653   10039.364   4.0  1  1
		  3   61  1295.93  9987.61642    9987.635   4.0  1  1
		  3   61  1326.11  9985.03944     9985.05   4.0  1  1
		  3   61  1571.74  9963.48912    9963.491   4.0  1  1
		  3   61  1794.55  9943.06434    9943.064   4.0  1  1
		  4   62    73.43  9916.13781     9916.12   4.0  1  1
		  4   62   381.02  9896.06593    9896.048   4.0  1  1
		  4   62   760.98  9868.95995    9868.921   4.0  1  1
		  4   62   774.97  9867.91342    9867.891   4.0  1  1
		  4   62   934.96  9855.70874    9855.742   4.0  1  1
		  4   62  1646.01  9796.19792      9796.2   4.0  1  1
		  5   63   313.70  9743.51667     9743.56   4.0  1  1
		  5   63   708.98  9716.16125    9716.142   4.0  1  1
		  5   63  1367.13  9664.70114   9664.6983   4.0  1  1
		  5   63  1736.83  9632.63685   9632.6439   4.0  1  1
		  5   63  1770.94  9629.56545   9629.5693   4.0  1  1
		  5   63  1819.18  9625.19081     9625.19   4.0  1  1
		  6   64   250.86  9595.37201   9595.3906   4.0  1  1
		  6   64   442.87  9582.82685   9582.8133   4.0  1  1
		  6   64   524.18  9577.32331   9577.3475   4.0  1  1
		  6   64   753.04  9561.23048   9561.2452   4.0  1  1
		  6   64   932.77  9547.97376   9548.0303   4.0  1  0
		  6   64  1094.08   9535.6162   9535.6566   4.0  1  1
		  6   64  1430.50  9508.46387   9508.4513   4.0  1  1
		  6   64  1440.05  9507.66605   9507.6525   4.0  1  1
		  6   64  1467.02   9505.4049    9505.393   4.0  1  1
		  6   64  1527.36  9500.30377   9500.2999   4.0  1  1
		  6   64  1563.91  9497.18542   9497.1891   4.0  1  1
		  6   64  1583.57  9495.49906   9495.4979   4.0  1  1
		  6   64  1682.39  9486.92836   9486.9256   4.0  1  1
		  6   64  1818.27  9474.88807   9474.8793   4.0  1  1
		  6   64  1864.98   9470.6811   9470.6819   4.0  1  1
		  6   64  1903.28   9467.2057   9467.1954   4.0  1  1
		  7   65    33.87  9461.01988   9461.0279   4.0  1  1
		  7   65   131.07  9455.20271   9455.2023   4.0  1  1
		  7   65   422.35  9436.80402   9436.8127   4.0  1  1
		  7   65   490.91  9432.26463   9432.2827   4.0  1  1
		  7   65   500.98  9431.59109   9431.5996   4.0  1  1
		  7   65   662.94  9420.52678   9420.4985   4.0  1  1
		  7   65   754.21  9414.09949   9414.0886   4.0  1  1
		  7   65   820.70  9409.32963   9409.3488   4.0  1  1
		  7   65   960.11  9399.09152   9399.0891   4.0  1  1
		  7   65  1072.96  9390.57082   9390.5852   4.0  1  1
		  7   65  1094.16  9388.94672   9388.9308   4.0  1  1
		  7   65  1167.51  9383.27114   9383.2722   4.0  1  1
		  7   65  1685.82  9340.69659   9340.7053   4.0  1  1
		  7   65  1738.29  9336.14722   9336.1509   4.0  1  1
		  8   66    33.38  9317.75979   9317.7296   4.0  1  1
		  8   66   156.59   9310.4687    9310.444   4.0  1  1
		  8   66   199.18  9307.88912   9307.8956   4.0  1  1
		  8   66   325.99  9300.02762   9300.0131   4.0  1  1
		  8   66   405.27  9294.97638    9294.974   4.0  1  1
		  8   66   458.38  9291.53409   9291.5313   4.0  1  1
		  8   66   488.60  9289.55414   9289.5624   4.0  1  1
		  8   66   685.94  9276.25592   9276.2732   4.0  1  1
		  8   66   773.75  9270.13332   9270.1501   4.0  1  1
		  8   66   808.12  9267.70237   9267.6895   4.0  1  1
		  8   66   818.73  9266.94789   9266.9198   4.0  1  1
		  8   66   829.07   9266.2105    9266.207   4.0  1  1
		  8   66   910.19  9260.36927   9260.3254   4.0  1  1
		  8   66  1043.15  9250.56384   9250.5782   4.0  1  1
		  8   66  1191.02  9239.32442   9239.3261   4.0  1  1
		  8   66  1261.18  9233.86961   9233.8574   4.0  1  1
		  8   66  1278.94  9232.47568    9232.496   4.0  1  1
		  8   66  1341.81  9227.50288   9227.5119   4.0  1  1
		  8   66  1485.15  9215.93104   9215.9197   4.0  1  1
		  8   66  1574.08   9208.5883   9208.5811   4.0  1  1
		  8   66  1629.29  9203.96808   9203.9617   4.0  1  1
		  8   66  1680.08  9199.67523   9199.6841   4.0  1  1
		  8   66  1739.08  9194.63779   9194.6385   4.0  1  1
		  8   66  1751.19  9193.59632   9193.5928   4.0  1  1
		  8   66  1820.98  9187.55535   9187.5654   4.0  1  1
		  8   66  1920.86  9178.77715   9178.7795   4.0  1  1
		  9   67    33.03  9178.76463   9178.7795   4.0  1  1
		  9   67   168.84  9170.83239    9170.822   4.0  1  1
		  9   67   251.04  9165.88303    9165.895   4.0  1  1
		  9   67   361.83  9159.03488   9159.0346   4.0  1  1
		  9   67   646.08  9140.54619   9140.5559   4.0  1  1
		  9   67   732.11  9134.69186   9134.6919   4.0  1  1
		  9   67   767.02  9132.28204   9132.2739   4.0  1  1
		  9   67  1057.05  9111.50592   9111.5314   4.0  1  1
		  9   67  1114.65  9107.22021   9107.2269   4.0  1  1
		  9   67  1277.15  9094.84629   9094.8289   4.0  1  1
		  9   67  1329.07  9090.80546   9090.8186   4.0  1  1
		  9   67  1522.22  9075.40191   9075.3945   4.0  1  1
		  9   67  1560.39  9072.28924   9072.2785   4.0  1  1
		  9   67  1593.30  9069.58799   9069.5817   4.0  1  1
		  9   67  1612.25  9068.02476    9068.023   4.0  1  1
		  9   67  1635.12  9066.13061   9066.1115   4.0  1  1
		  9   67  1661.19  9063.96164     9063.96   4.0  1  1
		  9   67  1677.90  9062.56568   9062.5631   4.0  1  1
		  9   67  1754.94  9056.07479   9056.0813   4.0  1  1
		  9   67  1785.47  9053.47741   9053.4858   4.0  1  1
		  9   67  1846.38  9048.25356   9048.2501   4.0  1  1
		  9   67  1879.93  9045.35117   9045.3532   4.0  1  1
		 10   68     6.10  9045.34941   9045.3532   4.0  1  1
		 10   68    98.29  9040.11635   9040.1229   4.0  1  1
		 10   68   122.17  9038.73825   9038.6911   4.0  1  0
		 10   68   136.50  9037.90662   9037.8938   4.0  1  1
		 10   68   170.25  9035.93451   9035.9195   4.0  1  1
		 10   68   239.32  9031.84144   9031.8194   4.0  1  1
		 10   68   470.04  9017.60742   9017.5912   4.0  1  1
		 10   68   486.07  9016.58653   9016.5903   4.0  1  1
		 10   68   549.11  9012.53126   9012.5263   4.0  1  1
		 10   68   590.02  9009.86569   9009.8832   4.0  1  1
		 10   68   611.22  9008.47398   9008.4636   4.0  1  1
		 10   68   769.41  8997.86063   8997.8763   4.0  1  1
		 10   68   807.95  8995.21511   8995.1893   4.0  1  1
		 10   68   870.01  8990.90453   8990.8935   4.0  1  1
		 10   68   919.81  8987.40185   8987.4079   4.0  1  1
		 10   68   949.78  8985.27536   8985.2808   4.0  1  1
		 10   68  1161.15  8969.87552   8969.8667   4.0  1  1
		 10   68  1191.05  8967.64081   8967.6403   4.0  1  1
		 10   68  1263.83  8962.14277   8962.1468   4.0  1  1
		 10   68  1318.01  8957.99681    8957.986   4.0  1  1
		 10   68  1346.00  8955.83657   8955.8467   4.0  1  1
		 10   68  1432.06  8949.12031   8949.1227   4.0  1  1
		 10   68  1526.14  8941.64866   8941.6608   4.0  1  1
		 10   68  1692.84  8928.07552   8928.0925   4.0  1  1
		 10   68  1787.24  8920.20266   8920.2012   4.0  1  1
		 10   68  1897.15  8910.86675   8910.8566   4.0  1  1
		 11   69    68.07   8910.8537   8910.8566   4.0  1  1
		 11   69   135.94  8907.00158   8907.0331   4.0  1  1
		 11   69   159.04  8905.67377   8905.6581   4.0  1  1
		 11   69   267.58  8899.31881   8899.2971   4.0  1  1
		 11   69   372.55  8892.99311   8892.9865   4.0  1  1
		 11   69   434.15  8889.19846   8889.1939   4.0  1  1
		 11   69   653.07  8875.22792   8875.2324   4.0  1  1
		 11   69   749.56  8868.82961   8868.8334   4.0  1  1
		 11   69   952.12  8854.92461   8854.9079   4.0  1  1
		 11   69   982.86  8852.75843   8852.7916   4.0  1  1
		 11   69  1023.03  8849.90635   8849.9165   4.0  1  1
		 11   69  1131.87  8842.05214   8842.0744   4.0  1  1
		 11   69  1143.92  8841.17106   8841.1822   4.0  1  1
		 11   69  1298.13  8829.70251   8829.6938   4.0  1  1
		 11   69  1453.84  8817.75344   8817.7431   4.0  1  1
		 11   69  1474.05  8816.17563   8816.1728   4.0  1  1
		 11   69  1549.16    8810.258    8810.254   4.0  1  1
		 11   69  1620.14  8804.58684   8804.5894   4.0  1  1
		 11   69  1688.10  8799.08652   8799.0875   4.0  1  1
		 11   69  1699.24  8798.17825    8798.172   4.0  1  1
		 11   69  1773.90  8792.04301   8792.0572   4.0  1  1
		 11   69  1793.93  8790.38335   8790.3761   4.0  1  1
		 11   69  1863.74  8784.55047   8784.5621   4.0  1  1
		 11   69  1885.70  8782.70107   8782.7156   4.0  1  1
		 12   70    50.69  8784.56117   8784.5621   4.0  1  1
		 12   70    83.82  8782.72602   8782.7156   4.0  1  1
		 12   70   210.01  8775.57478   8775.5733   4.0  1  1
		 12   70   257.82  8772.79932   8772.8052   4.0  1  1
		 12   70   273.80  8771.86401   8771.8602   4.0  1  1
		 12   70   360.09  8766.74115    8766.745   4.0  1  1
		 12   70   443.21   8761.6963   8761.6862   4.0  1  1
		 12   70   463.28  8760.46165   8760.4496   4.0  1  1
		 12   70   499.06  8758.24507   8758.2434   4.0  1  1
		 12   70   610.84  8751.19181   8751.2062   4.0  1  1
		 12   70   642.19  8749.17899   8749.1697   4.0  1  1
		 12   70   660.04  8748.02615   8748.0309   4.0  1  1
		 12   70   785.83  8739.76029   8739.7816   4.0  1  1
		 12   70   871.09  8734.01938   8734.0234   4.0  1  1
		 12   70  1010.88   8724.3639   8724.3761   4.0  1  1
		 12   70  1020.07  8723.71919   8723.7177   4.0  1  1
		 12   70  1037.73  8722.47587   8722.4577   4.0  1  1
		 12   70  1049.08  8721.67408   8721.6595   4.0  1  1
		 12   70  1077.94  8719.62681    8719.629   4.0  1  1
		 12   70  1160.60  8713.69236   8713.6547   4.0  1  1
		 12   70  1172.38  8712.83865   8712.8528   4.0  1  1
		 12   70  1205.79  8710.40456   8710.4142   4.0  1  1
		 12   70  1221.93  8709.22279   8709.2341   4.0  1  1
		 12   70  1247.28   8707.3587   8707.3592   4.0  1  1
		 12   70  1280.99  8704.86456   8704.8601   4.0  1  1
		 12   70  1296.33  8703.72461   8703.7025   4.0  1  1
		 12   70  1331.41  8701.10296   8701.1209   4.0  1  1
		 12   70  1505.15  8687.84698    8687.848   4.0  1  1
		 12   70  1625.40  8678.40866   8678.4083   4.0  1  1
		 12   70  1663.09  8675.40624   8675.3983   4.0  1  1
		 12   70  1785.93  8665.47448   8665.4855   4.0  1  1
		 12   70  1902.24  8655.86679    8655.876   4.0  1  1
	slope	0

# Sat 15:05:46 29-Jul-2006
begin	ecidentify refCalib_UVES_red_l_860_1931x12
	id	refCalib_UVES_red_l_860_1931x12
	task	ecidentify
	image	refCalib_UVES_red_l_860_1931x12
	units	angstroms
	features	176
		  1   58  1027.63  10349.0451   10349.048   4.0  1  1
		  1   58  1763.30  10283.1148   10283.116   4.0  1  1
		  2   59    57.13  10247.5539   10247.557   4.0  1  1
		  2   59   484.04  10218.4325   10218.433   4.0  1  1
		  2   59  1047.09  10175.0193   10175.008   4.0  1  1
		  2   59  1407.90  10144.2538   10144.265   4.0  1  1
		  2   59  1440.02  10141.4047   10141.397   4.0  1  1
		  2   59  1527.19  10133.5823   10133.566   4.0  1  1
		  3   60   645.03  10039.3494   10039.364   4.0  1  1
		  3   60  1295.93  9987.61848    9987.635   4.0  1  1
		  3   60  1326.11  9985.04182     9985.05   4.0  1  1
		  3   60  1571.74  9963.49229    9963.491   4.0  1  1
		  3   60  1794.55  9943.06037    9943.064   4.0  1  1
		  4   61    73.43  9916.12742     9916.12   4.0  1  1
		  4   61   381.02  9896.05616    9896.048   4.0  1  1
		  4   61   774.97  9867.90813    9867.891   4.0  1  1
		  4   61  1646.01  9796.19685      9796.2   4.0  1  1
		  5   62   708.98  9716.16106    9716.142   4.0  1  1
		  5   62  1367.13  9664.70056   9664.6983   4.0  1  1
		  5   62  1736.77  9632.63957   9632.6439   4.0  1  1
		  5   62  1770.90  9629.56668   9629.5693   4.0  1  1
		  5   62  1819.18  9625.18845     9625.19   4.0  1  1
		  6   63   250.50  9595.39338   9595.3906   4.0  1  1
		  6   63   442.99  9582.81998   9582.8133   4.0  1  1
		  6   63   524.18  9577.32584   9577.3475   4.0  1  1
		  6   63   752.98  9561.23847   9561.2452   4.0  1  1
		  6   63   932.35  9548.00808   9548.0303   4.0  1  1
		  6   63  1430.70  9508.44635   9508.4513   4.0  1  1
		  6   63  1440.05  9507.66492   9507.6525   4.0  1  1
		  6   63  1467.06  9505.40005    9505.393   4.0  1  1
		  6   63  1527.36   9500.3023   9500.2999   4.0  1  1
		  6   63  1563.87  9497.18658   9497.1891   4.0  1  1
		  6   63  1583.57  9495.49712   9495.4979   4.0  1  1
		  6   63  1682.39  9486.92628   9486.9256   4.0  1  1
		  6   63  1818.27  9474.88636   9474.8793   4.0  1  1
		  6   63  1864.98  9470.67977   9470.6819   4.0  1  1
		  6   63  1903.28  9467.20481   9467.1954   4.0  1  1
		  7   64    33.78  9461.01813   9461.0279   4.0  1  1
		  7   64   131.07  9455.19887   9455.2023   4.0  1  1
		  7   64   422.22  9436.81526   9436.8127   4.0  1  1
		  7   64   490.84  9432.27315   9432.2827   4.0  1  1
		  7   64   500.98  9431.59501   9431.5996   4.0  1  1
		  7   64   754.21  9414.10346   9414.0886   4.0  1  1
		  7   64   820.70  9409.33343   9409.3488   4.0  1  1
		  7   64   960.11  9399.09468   9399.0891   4.0  1  1
		  7   64  1072.92  9390.57536   9390.5852   4.0  1  1
		  7   64  1094.16  9388.94836   9388.9308   4.0  1  1
		  7   64  1167.51  9383.27225   9383.2722   4.0  1  1
		  7   64  1685.77  9340.69828   9340.7053   4.0  1  1
		  7   64  1738.24  9336.15005   9336.1509   4.0  1  1
		  8   65    33.77  9317.73149   9317.7296   4.0  1  1
		  8   65   156.88  9310.44987    9310.444   4.0  1  1
		  8   65   199.07  9307.89512   9307.8956   4.0  1  1
		  8   65   326.33  9300.00798   9300.0131   4.0  1  1
		  8   65   405.27   9294.9792    9294.974   4.0  1  1
		  8   65   458.38  9291.53729   9291.5313   4.0  1  1
		  8   65   488.60  9289.55786   9289.5624   4.0  1  1
		  8   65   685.88  9276.26426   9276.2732   4.0  1  1
		  8   65   773.65  9270.14395   9270.1501   4.0  1  1
		  8   65   808.12  9267.70556   9267.6895   4.0  1  1
		  8   65   829.07  9266.21421    9266.207   4.0  1  1
		  8   65  1042.94  9250.58155   9250.5782   4.0  1  1
		  8   65  1191.02  9239.32498   9239.3261   4.0  1  1
		  8   65  1261.18  9233.86894   9233.8574   4.0  1  1
		  8   65  1278.78  9232.48817    9232.496   4.0  1  1
		  8   65  1341.81  9227.50218   9227.5119   4.0  1  1
		  8   65  1485.15  9215.92914   9215.9197   4.0  1  1
		  8   65  1574.08  9208.58644   9208.5811   4.0  1  1
		  8   65  1629.29  9203.96557   9203.9617   4.0  1  1
		  8   65  1680.02  9199.67816   9199.6841   4.0  1  1
		  8   65  1739.08  9194.63539   9194.6385   4.0  1  1
		  8   65  1751.22  9193.59194   9193.5928   4.0  1  1
		  8   65  1820.87  9187.56316   9187.5654   4.0  1  1
		  8   65  1920.86  9178.77695   9178.7795   4.0  1  1
		  9   66    32.78  9178.77455   9178.7795   4.0  1  1
		  9   66   168.84  9170.83104    9170.822   4.0  1  1
		  9   66   250.92  9165.88974    9165.895   4.0  1  1
		  9   66   361.83  9159.03619   9159.0346   4.0  1  1
		  9   66   646.06  9140.55041   9140.5559   4.0  1  1
		  9   66   732.11  9134.69414   9134.6919   4.0  1  1
		  9   66   767.08  9132.28009   9132.2739   4.0  1  1
		  9   66  1057.04  9111.50734   9111.5314   4.0  1  1
		  9   66  1114.65  9107.22035   9107.2269   4.0  1  1
		  9   66  1277.15  9094.84571   9094.8289   4.0  1  1
		  9   66  1328.94  9090.81431   9090.8186   4.0  1  1
		  9   66  1522.22  9075.40031   9075.3945   4.0  1  1
		  9   66  1560.45  9072.28235   9072.2785   4.0  1  1
		  9   66  1593.33  9069.58293   9069.5817   4.0  1  1
		  9   66  1612.25  9068.02237    9068.023   4.0  1  1
		  9   66  1635.21  9066.12068   9066.1115   4.0  1  1
		  9   66  1661.19  9063.95927     9063.96   4.0  1  1
		  9   66  1677.93  9062.56144   9062.5631   4.0  1  1
		  9   66  1754.94  9056.07318   9056.0813   4.0  1  1
		  9   66  1785.40  9053.48181   9053.4858   4.0  1  1
		  9   66  1846.38  9048.25186   9048.2501   4.0  1  1
		  9   66  1879.93   9045.3502   9045.3532   4.0  1  1
		 10   67     5.98  9045.35188   9045.3532   4.0  1  1
		 10   67    98.04  9040.12765   9040.1229   4.0  1  1
		 10   67   136.65  9037.89544   9037.8938   4.0  1  1
		 10   67   170.55  9035.91536   9035.9195   4.0  1  1
		 10   67   239.61  9031.82317   9031.8194   4.0  1  1
		 10   67   470.12  9017.60245   9017.5912   4.0  1  1
		 10   67   486.02  9016.58977   9016.5903   4.0  1  1
		 10   67   549.11  9012.53153   9012.5263   4.0  1  1
		 10   67   589.93  9009.87174   9009.8832   4.0  1  1
		 10   67   611.30  9008.46903   9008.4636   4.0  1  1
		 10   67   769.41  8997.86124   8997.8763   4.0  1  1
		 10   67   808.07  8995.20685   8995.1893   4.0  1  1
		 10   67   870.03  8990.90351   8990.8935   4.0  1  1
		 10   67   919.80   8987.4031   8987.4079   4.0  1  1
		 10   67   949.78  8985.27544   8985.2808   4.0  1  1
		 10   67  1161.15  8969.87491   8969.8667   4.0  1  1
		 10   67  1191.05  8967.64001   8967.6403   4.0  1  1
		 10   67  1263.73  8962.14981   8962.1468   4.0  1  1
		 10   67  1318.07  8957.99112    8957.986   4.0  1  1
		 10   67  1345.95  8955.83982   8955.8467   4.0  1  1
		 10   67  1432.03  8949.12179   8949.1227   4.0  1  1
		 10   67  1526.04  8941.65509   8941.6608   4.0  1  1
		 10   67  1692.68  8928.08769   8928.0925   4.0  1  1
		 10   67  1787.24  8920.20156   8920.2012   4.0  1  1
		 10   67  1897.18  8910.86287   8910.8566   4.0  1  1
		 11   68    68.07  8910.85065   8910.8566   4.0  1  1
		 11   68   135.61   8907.0178   8907.0331   4.0  1  1
		 11   68   159.12  8905.66618   8905.6581   4.0  1  1
		 11   68   267.58  8899.31637   8899.2971   4.0  1  1
		 11   68   372.55  8892.99101   8892.9865   4.0  1  1
		 11   68   434.15  8889.19712   8889.1939   4.0  1  1
		 11   68   653.05  8875.22795   8875.2324   4.0  1  1
		 11   68   749.56  8868.82878   8868.8334   4.0  1  1
		 11   68   952.16  8854.92098   8854.9079   4.0  1  1
		 11   68   982.68  8852.77092   8852.7916   4.0  1  1
		 11   68  1022.95  8849.91132   8849.9165   4.0  1  1
		 11   68  1131.80  8842.05663   8842.0744   4.0  1  1
		 11   68  1143.88  8841.17372   8841.1822   4.0  1  1
		 11   68  1298.18  8829.69792   8829.6938   4.0  1  1
		 11   68  1453.84   8817.7535   8817.7431   4.0  1  1
		 11   68  1474.05  8816.17569   8816.1728   4.0  1  1
		 11   68  1549.18  8810.25623    8810.254   4.0  1  1
		 11   68  1620.11  8804.58952   8804.5894   4.0  1  1
		 11   68  1688.10   8799.0864   8799.0875   4.0  1  1
		 11   68  1699.24  8798.17817    8798.172   4.0  1  1
		 11   68  1773.83  8792.04869   8792.0572   4.0  1  1
		 11   68  1793.94  8790.38272   8790.3761   4.0  1  1
		 11   68  1863.69  8784.55502   8784.5621   4.0  1  1
		 11   68  1885.50  8782.71854   8782.7156   4.0  1  1
		 12   69    50.61  8784.56233   8784.5621   4.0  1  1
		 12   69    84.06  8782.70961   8782.7156   4.0  1  1
		 12   69   210.01  8775.57211   8775.5733   4.0  1  1
		 12   69   257.68  8772.80506   8772.8052   4.0  1  1
		 12   69   273.83  8771.85957   8771.8602   4.0  1  1
		 12   69   360.03   8766.7427    8766.745   4.0  1  1
		 12   69   443.21  8761.69424   8761.6862   4.0  1  1
		 12   69   463.28  8760.45986   8760.4496   4.0  1  1
		 12   69   499.06  8758.24359   8758.2434   4.0  1  1
		 12   69   610.76  8751.19611   8751.2062   4.0  1  1
		 12   69   642.19  8749.17791   8749.1697   4.0  1  1
		 12   69   660.01  8748.02709   8748.0309   4.0  1  1
		 12   69   785.66  8739.77099   8739.7816   4.0  1  1
		 12   69   871.05  8734.02152   8734.0234   4.0  1  1
		 12   69  1010.88  8724.36438   8724.3761   4.0  1  1
		 12   69  1020.07  8723.71916   8723.7177   4.0  1  1
		 12   69  1037.86  8722.46687   8722.4577   4.0  1  1
		 12   69  1049.08  8721.67409   8721.6595   4.0  1  1
		 12   69  1077.94  8719.62687    8719.629   4.0  1  1
		 12   69  1172.34  8712.84217   8712.8528   4.0  1  1
		 12   69  1205.64  8710.41644   8710.4142   4.0  1  1
		 12   69  1221.87  8709.22796   8709.2341   4.0  1  1
		 12   69  1247.28  8707.35965   8707.3592   4.0  1  1
		 12   69  1281.00  8704.86515   8704.8601   4.0  1  1
		 12   69  1296.46  8703.71576   8703.7025   4.0  1  1
		 12   69  1331.27  8701.11474   8701.1209   4.0  1  1
		 12   69  1505.15  8687.84884    8687.848   4.0  1  1
		 12   69  1625.40  8678.41089   8678.4083   4.0  1  1
		 12   69  1663.09  8675.40858   8675.3983   4.0  1  1
		 12   69  1785.89  8665.48078   8665.4855   4.0  1  1
		 12   69  1902.24  8655.87042    8655.876   4.0  1  1
	offset	57
	niterate 3
	lowreject 3.
	highreject 3.
	coefficients	24
		1.
		4.
		4.
		1.
		1.
		1931.
		57.99999999999999
		69.
		601159.7095523633
		-4603.072488182585
		-244.3554198699345
		1.803280980762289
		825.6023642540192
		-16.9306562046347
		-1.695843404262691
		0.3697516466396695
		-35.36962390644223
		1.525549388941487
		0.28930621748232
		-0.433640361776839
		1.488656840007908
		0.0111613999462749
		-0.06889582516534473
		0.1618851776166648

