# Mon 13:20:50 23-Jul-2007
begin	ecidentify refCalib_UVES_580_l_1074x2048
	id	refCalib_UVES_580_l_1074x2048
	task	ecidentify
	image	refCalib_UVES_580_l_1074x2048
	units	angstroms
	features	4
		 15   15    16.02  49.0439034   5914.6709   4.0  1  1
		 15   15   254.05  525.105774   5905.5707   4.0  1  1
		 15   15  1191.42  2399.84351   5863.7184   4.0  1  1
		 15   15  1786.03  3589.05811   5832.3705   4.0  1  1
	slope	0

# Mon 13:23:22 23-Jul-2007
begin	ecidentify refCalib_UVES_580_l_1074x2048
	id	refCalib_UVES_580_l_1074x2048
	task	ecidentify
	image	refCalib_UVES_580_l_1074x2048
	units	angstroms
	features	9
		  1    1   367.13  751.265625     6818.26   4.0  1  1
		  1    1   972.65  1962.30774   6787.7364   4.0  1  1
		  1    1  1249.88  2516.76855   6772.1745   4.0  1  1
		  1    1  1877.60  3772.20654   6733.7488   4.0  1  1
		 14   14  1897.93  3812.86035   5882.6242   4.0  1  1
		 15   15    16.02  49.0439034   5914.6709   4.0  1  1
		 15   15   254.05  525.105774   5905.5707   4.0  1  1
		 15   15  1191.42  2399.84351   5863.7184   4.0  1  1
		 15   15  1786.03  3589.05811   5832.3705   4.0  1  1
	slope	0

# Mon 13:25:12 23-Jul-2007
begin	ecidentify refCalib_UVES_580_l_1074x2048
	id	refCalib_UVES_580_l_1074x2048
	task	ecidentify
	image	refCalib_UVES_580_l_1074x2048
	units	angstroms
	features	14
		  1    1   367.13  751.265625     6818.26   4.0  1  1
		  1    1   972.65  1962.30774   6787.7364   4.0  1  1
		  1    1  1249.88  2516.76855   6772.1745   4.0  1  1
		  1    1  1877.60  3772.20654   6733.7488   4.0  1  1
		  7    7    35.79  88.5874252   6406.4462   4.0  1  1
		  7    7   480.94  978.873962   6387.3957   4.0  1  1
		  7    7  1121.93  2260.85498   6355.9108   4.0  1  1
		  7    7  1651.92   3320.8374   6326.3669   4.0  1  1
		  7    7  1829.57  3676.13403    6315.775   4.0  1  1
		 14   14  1897.93  3812.86035   5882.6242   4.0  1  1
		 15   15    16.02  49.0439034   5914.6709   4.0  1  1
		 15   15   254.05  525.105774   5905.5707   4.0  1  1
		 15   15  1191.42  2399.84351   5863.7184   4.0  1  1
		 15   15  1786.03  3589.05811   5832.3705   4.0  1  1
	slope	0

# Sun 22:10:58 29-Jul-2007
begin	ecidentify refCalib_UVES_580_l_1074x2048
	id	refCalib_UVES_580_l_1074x2048
	task	ecidentify
	image	refCalib_UVES_580_l_1074x2048
	units	angstroms
	features	23
		  1    1   367.13      751.26     6818.26   4.0  1  1
		  1    1   972.65      1962.3   6787.7364   4.0  1  1
		  1    1  1249.88     2516.76   6772.1745   4.0  1  1
		  1    1  1877.60      3772.2   6733.7488   4.0  1  1
		  2    2    35.07  87.1445313   6758.2035   4.0  1  1
		  2    2  1008.28  2033.55969   6711.2521   4.0  1  1
		  2    2  1863.05  3743.09302   6660.6761   4.0  1  1
		  2    2  1894.08   3805.1665   6658.6774   4.0  1  1
		  3    3    69.41  155.823776   6683.3673   4.0  1  1
		  3    3   178.02  373.045013   6678.7067   4.0  1  1
		  3    3   852.46  1721.91003   6646.5407   4.0  1  1
		  3    3  1858.74  3734.48413   6588.5396   4.0  1  1
		  3    3  1931.27  3879.54297    6583.906   4.0  1  1
		  7    7    35.79       88.58   6406.4462   4.0  1  1
		  7    7   480.94      978.88   6387.3957   4.0  1  1
		  7    7  1121.93     2260.86   6355.9108   4.0  1  1
		  7    7  1651.92     3320.84   6326.3669   4.0  1  1
		  7    7  1829.57     3676.14    6315.775   4.0  1  1
		 14   14  1897.93     3812.86   5882.6242   4.0  1  1
		 15   15    16.02       49.04   5914.6709   4.0  1  1
		 15   15   254.05       525.1   5905.5707   4.0  1  1
		 15   15  1191.42     2399.84   5863.7184   4.0  1  1
		 15   15  1786.03     3589.06   5832.3705   4.0  1  1
	slope	0

# Sun 22:13:45 29-Jul-2007
begin	ecidentify refCalib_UVES_580_l_1074x2048
	id	refCalib_UVES_580_l_1074x2048
	task	ecidentify
	image	refCalib_UVES_580_l_1074x2048
	units	angstroms
	features	27
		  1    1   367.13      751.26     6818.26   4.0  1  1
		  1    1   972.65      1962.3   6787.7364   4.0  1  1
		  1    1  1249.88     2516.76   6772.1745   4.0  1  1
		  1    1  1877.60      3772.2   6733.7488   4.0  1  1
		  2    2    35.07  87.1445313   6758.2035   4.0  1  1
		  2    2  1008.28  2033.55969   6711.2521   4.0  1  1
		  2    2  1863.05  3743.09302   6660.6761   4.0  1  1
		  2    2  1894.08   3805.1665   6658.6774   4.0  1  1
		  3    3    69.41  155.823776   6683.3673   4.0  1  1
		  3    3   178.02  373.045013   6678.7067   4.0  1  1
		  3    3   852.46  1721.91003   6646.5407   4.0  1  1
		  3    3  1858.74  3734.48413   6588.5396   4.0  1  1
		  3    3  1931.27  3879.54297    6583.906   4.0  1  1
		  4    4    25.15  67.2987366    6613.374   4.0  1  1
		  4    4   226.06   469.11908   6604.8534   4.0  1  1
		  4    4   832.41  1681.81689   6576.1221   4.0  1  1
		  4    4  1287.58  2592.15771   6551.7055   4.0  1  1
		  7    7    35.79       88.58   6406.4462   4.0  1  1
		  7    7   480.94      978.88   6387.3957   4.0  1  1
		  7    7  1121.93     2260.86   6355.9108   4.0  1  1
		  7    7  1651.92     3320.84   6326.3669   4.0  1  1
		  7    7  1829.57     3676.14    6315.775   4.0  1  1
		 14   14  1897.93     3812.86   5882.6242   4.0  1  1
		 15   15    16.02       49.04   5914.6709   4.0  1  1
		 15   15   254.05       525.1   5905.5707   4.0  1  1
		 15   15  1191.42     2399.84   5863.7184   4.0  1  1
		 15   15  1786.03     3589.06   5832.3705   4.0  1  1
	slope	0

# Sun 22:18:21 29-Jul-2007
begin	ecidentify refCalib_UVES_580_l_1074x2048
	id	refCalib_UVES_580_l_1074x2048
	task	ecidentify
	image	refCalib_UVES_580_l_1074x2048
	units	angstroms
	features	32
		  1    1   367.13      751.26     6818.26   4.0  1  1
		  1    1   972.65      1962.3   6787.7364   4.0  1  1
		  1    1  1249.88     2516.76   6772.1745   4.0  1  1
		  1    1  1877.60      3772.2   6733.7488   4.0  1  1
		  2    2    35.07  87.1445313   6758.2035   4.0  1  1
		  2    2  1008.28  2033.55969   6711.2521   4.0  1  1
		  2    2  1863.05  3743.09302   6660.6761   4.0  1  1
		  2    2  1894.08   3805.1665   6658.6774   4.0  1  1
		  3    3    69.41  155.823776   6683.3673   4.0  1  1
		  3    3   178.02  373.045013   6678.7067   4.0  1  1
		  3    3   852.46  1721.91003   6646.5407   4.0  1  1
		  3    3  1858.74  3734.48413   6588.5396   4.0  1  1
		  3    3  1931.27  3879.54297    6583.906   4.0  1  1
		  4    4    25.15  67.2987366    6613.374   4.0  1  1
		  4    4   226.06   469.11908   6604.8534   4.0  1  1
		  4    4   832.41  1681.81689   6576.1221   4.0  1  1
		  4    4  1287.58  2592.15771   6551.7055   4.0  1  1
		  5    5   145.27    307.5383    6538.112   4.0  1  1
		  5    5   708.55  1434.10388   6512.3639   4.0  1  1
		  5    5  1162.89  2342.77344   6488.8832   4.0  1  1
		  5    5  1884.16  3785.31714   6446.7712   4.0  1  1
		  5    5  1930.39  3877.77124   6443.8598   4.0  1  1
		  7    7    35.79       88.58   6406.4462   4.0  1  1
		  7    7   480.94      978.88   6387.3957   4.0  1  1
		  7    7  1121.93     2260.86   6355.9108   4.0  1  1
		  7    7  1651.92     3320.84   6326.3669   4.0  1  1
		  7    7  1829.57     3676.14    6315.775   4.0  1  1
		 14   14  1897.93     3812.86   5882.6242   4.0  1  1
		 15   15    16.02       49.04   5914.6709   4.0  1  1
		 15   15   254.05       525.1   5905.5707   4.0  1  1
		 15   15  1191.42     2399.84   5863.7184   4.0  1  1
		 15   15  1786.03     3589.06   5832.3705   4.0  1  1
	slope	0

# Sun 22:20:58 29-Jul-2007
begin	ecidentify refCalib_UVES_580_l_1074x2048
	id	refCalib_UVES_580_l_1074x2048
	task	ecidentify
	image	refCalib_UVES_580_l_1074x2048
	units	angstroms
	features	40
		  1    1   367.13      751.26     6818.26   4.0  1  1
		  1    1   972.65      1962.3   6787.7364   4.0  1  1
		  1    1  1249.88     2516.76   6772.1745   4.0  1  1
		  1    1  1877.60      3772.2   6733.7488   4.0  1  1
		  2    2    35.07  87.1445313   6758.2035   4.0  1  1
		  2    2  1008.28  2033.55969   6711.2521   4.0  1  1
		  2    2  1863.05  3743.09302   6660.6761   4.0  1  1
		  2    2  1894.08   3805.1665   6658.6774   4.0  1  1
		  3    3    69.41  155.823776   6683.3673   4.0  1  1
		  3    3   178.02  373.045013   6678.7067   4.0  1  1
		  3    3   852.46  1721.91003   6646.5407   4.0  1  1
		  3    3  1858.74  3734.48413   6588.5396   4.0  1  1
		  3    3  1931.27  3879.54297    6583.906   4.0  1  1
		  4    4    25.15  67.2987366    6613.374   4.0  1  1
		  4    4   226.06   469.11908   6604.8534   4.0  1  1
		  4    4   832.41  1681.81689   6576.1221   4.0  1  1
		  4    4  1287.58  2592.15771   6551.7055   4.0  1  1
		  5    5   145.27    307.5383    6538.112   4.0  1  1
		  5    5   708.55  1434.10388   6512.3639   4.0  1  1
		  5    5  1162.89  2342.77344   6488.8832   4.0  1  1
		  5    5  1884.16  3785.31714   6446.7712   4.0  1  1
		  5    5  1930.39  3877.77124   6443.8598   4.0  1  1
		  6    6   210.64  438.275055     6466.56   4.0  1  1
		  6    6   301.95  620.902466    6462.595   4.0  1  1
		  6    6   834.97  1686.94922   6437.7613   4.0  1  1
		  6    6   954.57  1926.13916    6431.555   4.0  1  1
		  6    6  1915.68    3848.354   6376.9305   4.0  1  1
		  7    7    35.79       88.58   6406.4462   4.0  1  1
		  7    7   480.94      978.88   6387.3957   4.0  1  1
		  7    7  1121.93     2260.86   6355.9108   4.0  1  1
		  7    7  1651.92     3320.84   6326.3669   4.0  1  1
		  7    7  1829.57     3676.14    6315.775   4.0  1  1
		  8    8    55.21  127.410477   6339.6684   4.0  1  1
		  8    8   916.27  1849.54382   6300.9165   4.0  1  1
		  8    8  1866.76  3750.51855   6248.4055   4.0  1  1
		 14   14  1897.93     3812.86   5882.6242   4.0  1  1
		 15   15    16.02       49.04   5914.6709   4.0  1  1
		 15   15   254.05       525.1   5905.5707   4.0  1  1
		 15   15  1191.42     2399.84   5863.7184   4.0  1  1
		 15   15  1786.03     3589.06   5832.3705   4.0  1  1
	slope	0

# Sun 22:23:56 29-Jul-2007
begin	ecidentify refCalib_UVES_580_l_1074x2048
	id	refCalib_UVES_580_l_1074x2048
	task	ecidentify
	image	refCalib_UVES_580_l_1074x2048
	units	angstroms
	features	49
		  1    1   367.13      751.26     6818.26   4.0  1  1
		  1    1   972.65      1962.3   6787.7364   4.0  1  1
		  1    1  1249.88     2516.76   6772.1745   4.0  1  1
		  1    1  1877.60      3772.2   6733.7488   4.0  1  1
		  2    2    35.07  87.1445313   6758.2035   4.0  1  1
		  2    2  1008.28  2033.55969   6711.2521   4.0  1  1
		  2    2  1863.05  3743.09302   6660.6761   4.0  1  1
		  2    2  1894.08   3805.1665   6658.6774   4.0  1  1
		  3    3    69.41  155.823776   6683.3673   4.0  1  1
		  3    3   178.02  373.045013   6678.7067   4.0  1  1
		  3    3   852.46  1721.91003   6646.5407   4.0  1  1
		  3    3  1858.74  3734.48413   6588.5396   4.0  1  1
		  3    3  1931.27  3879.54297    6583.906   4.0  1  1
		  4    4    25.15  67.2987366    6613.374   4.0  1  1
		  4    4   226.06   469.11908   6604.8534   4.0  1  1
		  4    4   832.41  1681.81689   6576.1221   4.0  1  1
		  4    4  1287.58  2592.15771   6551.7055   4.0  1  1
		  5    5   145.27    307.5383    6538.112   4.0  1  1
		  5    5   708.55  1434.10388   6512.3639   4.0  1  1
		  5    5  1162.89  2342.77344   6488.8832   4.0  1  1
		  5    5  1884.16  3785.31714   6446.7712   4.0  1  1
		  5    5  1930.39  3877.77124   6443.8598   4.0  1  1
		  6    6   210.64  438.275055     6466.56   4.0  1  1
		  6    6   301.95  620.902466    6462.595   4.0  1  1
		  6    6   834.97  1686.94922   6437.7613   4.0  1  1
		  6    6   954.57  1926.13916    6431.555   4.0  1  1
		  6    6  1915.68    3848.354   6376.9305   4.0  1  1
		  7    7    35.79       88.58   6406.4462   4.0  1  1
		  7    7   480.94      978.88   6387.3957   4.0  1  1
		  7    7  1121.93     2260.86   6355.9108   4.0  1  1
		  7    7  1651.92     3320.84   6326.3669   4.0  1  1
		  7    7  1829.57     3676.14    6315.775   4.0  1  1
		  8    8    55.21  127.410477   6339.6684   4.0  1  1
		  8    8   916.27  1849.54382   6300.9165   4.0  1  1
		  8    8  1866.76  3750.51855   6248.4055   4.0  1  1
		  9    9    78.10  173.203857   6274.1166   4.0  1  1
		  9    9   447.05  911.109558   6258.6068   4.0  1  1
		  9    9  1119.46  2255.91309   6226.3697   4.0  1  1
		  9    9  1932.21  3881.42651    6180.705   4.0  1  1
		 10   10    34.19  85.3772507    6212.507   4.0  1  1
		 10   10   130.88   278.75177   6208.6869   4.0  1  1
		 10   10   526.92   1070.8407   6191.9053   4.0  1  1
		 10   10  1242.94  2502.87891   6157.0878   4.0  1  1
		 10   10  1581.57  3180.14087   6138.6465   4.0  1  1
		 14   14  1897.93     3812.86   5882.6242   4.0  1  1
		 15   15    16.02       49.04   5914.6709   4.0  1  1
		 15   15   254.05       525.1   5905.5707   4.0  1  1
		 15   15  1191.42     2399.84   5863.7184   4.0  1  1
		 15   15  1786.03     3589.06   5832.3705   4.0  1  1
	slope	0

# Sun 22:28:30 29-Jul-2007
begin	ecidentify refCalib_UVES_580_l_1074x2048
	id	refCalib_UVES_580_l_1074x2048
	task	ecidentify
	image	refCalib_UVES_580_l_1074x2048
	units	angstroms
	features	53
		  1    1   367.13      751.26     6818.26   4.0  1  1
		  1    1   972.65      1962.3   6787.7364   4.0  1  1
		  1    1  1249.88     2516.76   6772.1745   4.0  1  1
		  1    1  1877.60      3772.2   6733.7488   4.0  1  1
		  2    2    35.07  87.1445313   6758.2035   4.0  1  1
		  2    2  1008.28  2033.55969   6711.2521   4.0  1  1
		  2    2  1863.05  3743.09302   6660.6761   4.0  1  1
		  2    2  1894.08   3805.1665   6658.6774   4.0  1  1
		  3    3    69.41  155.823776   6683.3673   4.0  1  1
		  3    3   178.02  373.045013   6678.7067   4.0  1  1
		  3    3   852.46  1721.91003   6646.5407   4.0  1  1
		  3    3  1858.74  3734.48413   6588.5396   4.0  1  1
		  3    3  1931.27  3879.54297    6583.906   4.0  1  1
		  4    4    25.15  67.2987366    6613.374   4.0  1  1
		  4    4   226.06   469.11908   6604.8534   4.0  1  1
		  4    4   832.41  1681.81689   6576.1221   4.0  1  1
		  4    4  1287.58  2592.15771   6551.7055   4.0  1  1
		  5    5   145.27    307.5383    6538.112   4.0  1  1
		  5    5   708.55  1434.10388   6512.3639   4.0  1  1
		  5    5  1162.89  2342.77344   6488.8832   4.0  1  1
		  5    5  1884.16  3785.31714   6446.7712   4.0  1  1
		  5    5  1930.39  3877.77124   6443.8598   4.0  1  1
		  6    6   210.64  438.275055     6466.56   4.0  1  1
		  6    6   301.95  620.902466    6462.595   4.0  1  1
		  6    6   834.97  1686.94922   6437.7613   4.0  1  1
		  6    6   954.57  1926.13916    6431.555   4.0  1  1
		  6    6  1915.68    3848.354   6376.9305   4.0  1  1
		  7    7    35.79       88.58   6406.4462   4.0  1  1
		  7    7   480.94      978.88   6387.3957   4.0  1  1
		  7    7  1121.93     2260.86   6355.9108   4.0  1  1
		  7    7  1651.92     3320.84   6326.3669   4.0  1  1
		  7    7  1829.57     3676.14    6315.775   4.0  1  1
		  8    8    55.21  127.410477   6339.6684   4.0  1  1
		  8    8   916.27  1849.54382   6300.9165   4.0  1  1
		  8    8  1866.76  3750.51855   6248.4055   4.0  1  1
		  9    9    78.10  173.203857   6274.1166   4.0  1  1
		  9    9   447.05  911.109558   6258.6068   4.0  1  1
		  9    9  1119.46  2255.91309   6226.3697   4.0  1  1
		  9    9  1932.21  3881.42651    6180.705   4.0  1  1
		 10   10    34.19  85.3772507    6212.507   4.0  1  1
		 10   10   130.88   278.75177   6208.6869   4.0  1  1
		 10   10   526.92   1070.8407   6191.9053   4.0  1  1
		 10   10  1242.94  2502.87891   6157.0878   4.0  1  1
		 10   10  1581.57  3180.14087   6138.6465   4.0  1  1
		 11   11    27.23  71.4624023    6150.683   4.0  1  1
		 11   11   160.76  338.528534   6145.4411   4.0  1  1
		 11   11  1192.95  2402.89917   6098.1205   4.0  1  1
		 11   11  1893.53  3804.06738   6059.3725   4.0  1  1
		 14   14  1897.93     3812.86   5882.6242   4.0  1  1
		 15   15    16.02       49.04   5914.6709   4.0  1  1
		 15   15   254.05       525.1   5905.5707   4.0  1  1
		 15   15  1191.42     2399.84   5863.7184   4.0  1  1
		 15   15  1786.03     3589.06   5832.3705   4.0  1  1
	slope	0

# Sun 22:35:53 29-Jul-2007
begin	ecidentify refCalib_UVES_580_l_1074x2048
	id	refCalib_UVES_580_l_1074x2048
	task	ecidentify
	image	refCalib_UVES_580_l_1074x2048
	units	angstroms
	features	57
		  1    1   367.13      751.26     6818.26   4.0  1  1
		  1    1   972.65      1962.3   6787.7364   4.0  1  1
		  1    1  1249.88     2516.76   6772.1745   4.0  1  1
		  1    1  1877.60      3772.2   6733.7488   4.0  1  1
		  2    2    35.07  87.1445313   6758.2035   4.0  1  1
		  2    2  1008.28  2033.55969   6711.2521   4.0  1  1
		  2    2  1863.05  3743.09302   6660.6761   4.0  1  1
		  2    2  1894.08   3805.1665   6658.6774   4.0  1  1
		  3    3    69.41  155.823776   6683.3673   4.0  1  1
		  3    3   178.02  373.045013   6678.7067   4.0  1  1
		  3    3   852.46  1721.91003   6646.5407   4.0  1  1
		  3    3  1858.74  3734.48413   6588.5396   4.0  1  1
		  3    3  1931.27  3879.54297    6583.906   4.0  1  1
		  4    4    25.15  67.2987366    6613.374   4.0  1  1
		  4    4   226.06   469.11908   6604.8534   4.0  1  1
		  4    4   832.41  1681.81689   6576.1221   4.0  1  1
		  4    4  1287.58  2592.15771   6551.7055   4.0  1  1
		  5    5   145.27    307.5383    6538.112   4.0  1  1
		  5    5   708.55  1434.10388   6512.3639   4.0  1  1
		  5    5  1162.89  2342.77344   6488.8832   4.0  1  1
		  5    5  1884.16  3785.31714   6446.7712   4.0  1  1
		  5    5  1930.39  3877.77124   6443.8598   4.0  1  1
		  6    6   210.64  438.275055     6466.56   4.0  1  1
		  6    6   301.95  620.902466    6462.595   4.0  1  1
		  6    6   834.97  1686.94922   6437.7613   4.0  1  1
		  6    6   954.57  1926.13916    6431.555   4.0  1  1
		  6    6  1915.68    3848.354   6376.9305   4.0  1  1
		  7    7    35.79       88.58   6406.4462   4.0  1  1
		  7    7   480.94      978.88   6387.3957   4.0  1  1
		  7    7  1121.93     2260.86   6355.9108   4.0  1  1
		  7    7  1651.92     3320.84   6326.3669   4.0  1  1
		  7    7  1829.57     3676.14    6315.775   4.0  1  1
		  8    8    55.21  127.410477   6339.6684   4.0  1  1
		  8    8   916.27  1849.54382   6300.9165   4.0  1  1
		  8    8  1866.76  3750.51855   6248.4055   4.0  1  1
		  9    9    78.10  173.203857   6274.1166   4.0  1  1
		  9    9   447.05  911.109558   6258.6068   4.0  1  1
		  9    9  1119.46  2255.91309   6226.3697   4.0  1  1
		  9    9  1932.21  3881.42651    6180.705   4.0  1  1
		 10   10    34.19  85.3772507    6212.507   4.0  1  1
		 10   10   130.88   278.75177   6208.6869   4.0  1  1
		 10   10   526.92   1070.8407   6191.9053   4.0  1  1
		 10   10  1242.94  2502.87891   6157.0878   4.0  1  1
		 10   10  1581.57  3180.14087   6138.6465   4.0  1  1
		 11   11    27.23  71.4624023    6150.683   4.0  1  1
		 11   11   160.76  338.528534   6145.4411   4.0  1  1
		 11   11  1192.95  2402.89917   6098.1205   4.0  1  1
		 11   11  1893.53  3804.06738   6059.3725   4.0  1  1
		 12   12    74.08  165.164261   6088.0305   4.0  1  1
		 12   12  1174.89  2366.78809   6038.6805   4.0  1  1
		 12   12  1760.50  3538.00146   6007.0722   4.0  1  1
		 12   12  1793.70  3604.40649    6005.165   4.0  1  1
		 14   14  1897.93     3812.86   5882.6242   4.0  1  1
		 15   15    16.02       49.04   5914.6709   4.0  1  1
		 15   15   254.05       525.1   5905.5707   4.0  1  1
		 15   15  1191.42     2399.84   5863.7184   4.0  1  1
		 15   15  1786.03     3589.06   5832.3705   4.0  1  1
	slope	0

# Sun 22:37:31 29-Jul-2007
begin	ecidentify refCalib_UVES_580_l_1074x2048
	id	refCalib_UVES_580_l_1074x2048
	task	ecidentify
	image	refCalib_UVES_580_l_1074x2048
	units	angstroms
	features	61
		  1    1   367.13      751.26     6818.26   4.0  1  1
		  1    1   972.65      1962.3   6787.7364   4.0  1  1
		  1    1  1249.88     2516.76   6772.1745   4.0  1  1
		  1    1  1877.60      3772.2   6733.7488   4.0  1  1
		  2    2    35.07  87.1445313   6758.2035   4.0  1  1
		  2    2  1008.28  2033.55969   6711.2521   4.0  1  1
		  2    2  1863.05  3743.09302   6660.6761   4.0  1  1
		  2    2  1894.08   3805.1665   6658.6774   4.0  1  1
		  3    3    69.41  155.823776   6683.3673   4.0  1  1
		  3    3   178.02  373.045013   6678.7067   4.0  1  1
		  3    3   852.46  1721.91003   6646.5407   4.0  1  1
		  3    3  1858.74  3734.48413   6588.5396   4.0  1  1
		  3    3  1931.27  3879.54297    6583.906   4.0  1  1
		  4    4    25.15  67.2987366    6613.374   4.0  1  1
		  4    4   226.06   469.11908   6604.8534   4.0  1  1
		  4    4   832.41  1681.81689   6576.1221   4.0  1  1
		  4    4  1287.58  2592.15771   6551.7055   4.0  1  1
		  5    5   145.27    307.5383    6538.112   4.0  1  1
		  5    5   708.55  1434.10388   6512.3639   4.0  1  1
		  5    5  1162.89  2342.77344   6488.8832   4.0  1  1
		  5    5  1884.16  3785.31714   6446.7712   4.0  1  1
		  5    5  1930.39  3877.77124   6443.8598   4.0  1  1
		  6    6   210.64  438.275055     6466.56   4.0  1  1
		  6    6   301.95  620.902466    6462.595   4.0  1  1
		  6    6   834.97  1686.94922   6437.7613   4.0  1  1
		  6    6   954.57  1926.13916    6431.555   4.0  1  1
		  6    6  1915.68    3848.354   6376.9305   4.0  1  1
		  7    7    35.79       88.58   6406.4462   4.0  1  1
		  7    7   480.94      978.88   6387.3957   4.0  1  1
		  7    7  1121.93     2260.86   6355.9108   4.0  1  1
		  7    7  1651.92     3320.84   6326.3669   4.0  1  1
		  7    7  1829.57     3676.14    6315.775   4.0  1  1
		  8    8    55.21  127.410477   6339.6684   4.0  1  1
		  8    8   916.27  1849.54382   6300.9165   4.0  1  1
		  8    8  1866.76  3750.51855   6248.4055   4.0  1  1
		  9    9    78.10  173.203857   6274.1166   4.0  1  1
		  9    9   447.05  911.109558   6258.6068   4.0  1  1
		  9    9  1119.46  2255.91309   6226.3697   4.0  1  1
		  9    9  1932.21  3881.42651    6180.705   4.0  1  1
		 10   10    34.19  85.3772507    6212.507   4.0  1  1
		 10   10   130.88   278.75177   6208.6869   4.0  1  1
		 10   10   526.92   1070.8407   6191.9053   4.0  1  1
		 10   10  1242.94  2502.87891   6157.0878   4.0  1  1
		 10   10  1581.57  3180.14087   6138.6465   4.0  1  1
		 11   11    27.23  71.4624023    6150.683   4.0  1  1
		 11   11   160.76  338.528534   6145.4411   4.0  1  1
		 11   11  1192.95  2402.89917   6098.1205   4.0  1  1
		 11   11  1893.53  3804.06738   6059.3725   4.0  1  1
		 12   12    74.08  165.164261   6088.0305   4.0  1  1
		 12   12  1174.89  2366.78809   6038.6805   4.0  1  1
		 12   12  1760.50  3538.00146   6007.0722   4.0  1  1
		 12   12  1793.70  3604.40649    6005.165   4.0  1  1
		 13   13    19.90  56.8070488    6030.445   4.0  1  1
		 13   13   205.99  428.980652   6023.2242   4.0  1  1
		 13   13   981.37  1979.73608   5989.0447   4.0  1  1
		 13   13  1822.54   3662.0835   5944.6472   4.0  1  1
		 14   14  1897.93     3812.86   5882.6242   4.0  1  1
		 15   15    16.02       49.04   5914.6709   4.0  1  1
		 15   15   254.05       525.1   5905.5707   4.0  1  1
		 15   15  1191.42     2399.84   5863.7184   4.0  1  1
		 15   15  1786.03     3589.06   5832.3705   4.0  1  1
	slope	0

# Sun 22:40:08 29-Jul-2007
begin	ecidentify refCalib_UVES_580_l_1074x2048
	id	refCalib_UVES_580_l_1074x2048
	task	ecidentify
	image	refCalib_UVES_580_l_1074x2048
	units	angstroms
	features	63
		  1    1   367.13      751.26     6818.26   4.0  1  1
		  1    1   972.65      1962.3   6787.7364   4.0  1  1
		  1    1  1249.88     2516.76   6772.1745   4.0  1  1
		  1    1  1877.60      3772.2   6733.7488   4.0  1  1
		  2    2    35.07  87.1445313   6758.2035   4.0  1  1
		  2    2  1008.28  2033.55969   6711.2521   4.0  1  1
		  2    2  1863.05  3743.09302   6660.6761   4.0  1  1
		  2    2  1894.08   3805.1665   6658.6774   4.0  1  1
		  3    3    69.41  155.823776   6683.3673   4.0  1  1
		  3    3   178.02  373.045013   6678.7067   4.0  1  1
		  3    3   852.46  1721.91003   6646.5407   4.0  1  1
		  3    3  1858.74  3734.48413   6588.5396   4.0  1  1
		  3    3  1931.27  3879.54297    6583.906   4.0  1  1
		  4    4    25.15  67.2987366    6613.374   4.0  1  1
		  4    4   226.06   469.11908   6604.8534   4.0  1  1
		  4    4   832.41  1681.81689   6576.1221   4.0  1  1
		  4    4  1287.58  2592.15771   6551.7055   4.0  1  1
		  5    5   145.27    307.5383    6538.112   4.0  1  1
		  5    5   708.55  1434.10388   6512.3639   4.0  1  1
		  5    5  1162.89  2342.77344   6488.8832   4.0  1  1
		  5    5  1884.16  3785.31714   6446.7712   4.0  1  1
		  5    5  1930.39  3877.77124   6443.8598   4.0  1  1
		  6    6   210.64  438.275055     6466.56   4.0  1  1
		  6    6   301.95  620.902466    6462.595   4.0  1  1
		  6    6   834.97  1686.94922   6437.7613   4.0  1  1
		  6    6   954.57  1926.13916    6431.555   4.0  1  1
		  6    6  1915.68    3848.354   6376.9305   4.0  1  1
		  7    7    35.79       88.58   6406.4462   4.0  1  1
		  7    7   480.94      978.88   6387.3957   4.0  1  1
		  7    7  1121.93     2260.86   6355.9108   4.0  1  1
		  7    7  1651.92     3320.84   6326.3669   4.0  1  1
		  7    7  1829.57     3676.14    6315.775   4.0  1  1
		  8    8    55.21  127.410477   6339.6684   4.0  1  1
		  8    8   916.27  1849.54382   6300.9165   4.0  1  1
		  8    8  1866.76  3750.51855   6248.4055   4.0  1  1
		  9    9    78.10  173.203857   6274.1166   4.0  1  1
		  9    9   447.05  911.109558   6258.6068   4.0  1  1
		  9    9  1119.46  2255.91309   6226.3697   4.0  1  1
		  9    9  1932.21  3881.42651    6180.705   4.0  1  1
		 10   10    34.19  85.3772507    6212.507   4.0  1  1
		 10   10   130.88   278.75177   6208.6869   4.0  1  1
		 10   10   526.92   1070.8407   6191.9053   4.0  1  1
		 10   10  1242.94  2502.87891   6157.0878   4.0  1  1
		 10   10  1581.57  3180.14087   6138.6465   4.0  1  1
		 11   11    27.23  71.4624023    6150.683   4.0  1  1
		 11   11   160.76  338.528534   6145.4411   4.0  1  1
		 11   11  1192.95  2402.89917   6098.1205   4.0  1  1
		 11   11  1893.53  3804.06738   6059.3725   4.0  1  1
		 12   12    74.08  165.164261   6088.0305   4.0  1  1
		 12   12  1174.89  2366.78809   6038.6805   4.0  1  1
		 12   12  1760.50  3538.00146   6007.0722   4.0  1  1
		 12   12  1793.70  3604.40649    6005.165   4.0  1  1
		 13   13    19.90  56.8070488    6030.445   4.0  1  1
		 13   13   205.99  428.980652   6023.2242   4.0  1  1
		 13   13   981.37  1979.73608   5989.0447   4.0  1  1
		 13   13  1822.54   3662.0835   5944.6472   4.0  1  1
		 14   14   838.24  1693.47644   5937.6634   4.0  1  1
		 14   14  1059.95  2136.90039   5927.1258   4.0  1  1
		 14   14  1897.93     3812.86   5882.6242   4.0  1  1
		 15   15    16.02       49.04   5914.6709   4.0  1  1
		 15   15   254.05       525.1   5905.5707   4.0  1  1
		 15   15  1191.42     2399.84   5863.7184   4.0  1  1
		 15   15  1786.03     3589.06   5832.3705   4.0  1  1
	slope	0

# Sun 23:21:04 29-Jul-2007
begin	ecidentify refCalib_UVES_580_l_1074x2048
	id	refCalib_UVES_580_l_1074x2048
	task	ecidentify
	image	refCalib_UVES_580_l_1074x2048
	units	angstroms
	features	665
		  1   91   425.77  6815.60408   6815.6123   4.0  1  1
		  1   91   490.53  6812.49594   6812.4915   4.0  1  1
		  1   91   530.49   6810.5522   6810.5494   4.0  1  1
		  1   91   555.58  6809.32148   6809.3173   4.0  1  1
		  1   91   571.48  6808.53747   6808.5311   4.0  1  1
		  1   91   596.37  6807.30434    6807.319   4.0  1  1
		  1   91   731.96  6800.45082   6800.4645   4.0  1  1
		  1   91   770.06   6798.4844   6798.4868   4.0  1  1
		  1   91   907.69  6791.23505   6791.2351   4.0  1  1
		  1   91   952.20  6788.84133   6788.8403   4.0  1  1
		  1   91   972.65  6787.73362   6787.7364   4.0  1  1
		  1   91  1105.56  6780.41259   6780.4131   4.0  1  1
		  1   91  1110.73  6780.12314   6780.1252   4.0  1  1
		  1   91  1125.07  6779.31973   6779.3242   4.0  1  1
		  1   91  1142.99  6778.31251   6778.3123   4.0  1  1
		  1   91  1234.81  6773.09072   6773.0973   4.0  1  1
		  1   91  1286.53  6770.10577   6770.1069   4.0  1  1
		  1   91  1346.35  6766.61329   6766.6117   4.0  1  1
		  1   91  1487.55  6758.20267   6758.2035   4.0  1  1
		  1   91  1505.62  6757.10963   6757.1092   4.0  1  1
		  1   91  1516.21   6756.4668   6756.4528   4.0  1  1
		  1   91  1562.30  6753.65527   6753.6598   4.0  1  1
		  1   91  1575.64  6752.83691   6752.8335   4.0  1  1
		  1   91  1598.57  6751.42528   6751.4267   4.0  1  1
		  1   91  1735.33  6742.87718   6742.8845   4.0  1  1
		  1   91  1750.45  6741.91872   6741.9212   4.0  1  1
		  1   91  1809.17  6738.17008     6738.18   4.0  1  1
		  1   91  1877.60  6733.75133   6733.7488   4.0  1  1
		  1   91  1894.41  6732.65755   6732.6491   4.0  1  1
		  2   92    35.07   6758.1995   6758.2035   4.0  1  1
		  2   92    60.84  6757.10857   6757.1092   4.0  1  1
		  2   92    75.96  6756.46467   6756.4528   4.0  1  1
		  2   92   140.95  6753.66337   6753.6598   4.0  1  1
		  2   92   159.99  6752.83229   6752.8335   4.0  1  1
		  2   92   192.22  6751.41526   6751.4267   4.0  1  1
		  2   92   309.94  6746.12745   6746.1355   4.0  1  1
		  2   92   380.08   6742.8946   6742.8845   4.0  1  1
		  2   92   400.49  6741.94208   6741.9212   4.0  1  0
		  2   92   479.87  6738.18926     6738.18   4.0  1  1
		  2   92   571.65  6733.75362   6733.7488   4.0  1  1
		  2   92   594.02  6732.65661   6732.6491   4.0  1  1
		  2   92   649.21  6729.92453   6729.9328   4.0  1  1
		  2   92   672.49  6728.76115   6728.7595   4.0  1  1
		  2   92   685.16  6728.12511   6728.1183   4.0  1  1
		  2   92   698.33  6727.46195   6727.4583   4.0  1  1
		  2   92   721.28  6726.30137   6726.3091   4.0  1  1
		  2   92   787.96   6722.8927   6722.8899   4.0  1  1
		  2   92   858.77  6719.21472   6719.1995   4.0  1  1
		  2   92   893.66  6717.38042   6717.3851   4.0  1  1
		  2   92   957.84  6713.96793     6713.97   4.0  1  1
		  2   92  1008.28  6711.25154   6711.2521   4.0  1  1
		  2   92  1198.18  6700.75489   6700.7499   4.0  1  1
		  2   92  1251.79  6697.71448   6697.7123   4.0  1  1
		  2   92  1279.03  6696.15667     6696.14   4.0  1  1
		  2   92  1307.81   6694.5018   6694.4967   4.0  1  1
		  2   92  1316.39  6694.00648   6694.0068   4.0  1  1
		  2   92  1338.52  6692.72487   6692.7262   4.0  1  1
		  2   92  1427.56  6687.51044   6687.5207   4.0  1  1
		  2   92  1481.66  6684.29687   6684.2929   4.0  1  1
		  2   92  1497.23   6683.3657   6683.3673   4.0  1  1
		  2   92  1551.69  6680.08656   6680.0811   4.0  1  1
		  2   92  1574.42   6678.7078   6678.7067   4.0  1  1
		  2   92  1597.77   6677.2849   6677.2817   4.0  1  1
		  2   92  1639.95  6674.69915   6674.6969   4.0  1  1
		  2   92  1658.12  6673.57884   6673.5797   4.0  1  1
		  2   92  1734.78  6668.80962   6668.8163   4.0  1  1
		  2   92  1773.76  6666.35821   6666.3588   4.0  1  1
		  2   92  1810.24  6664.04825    6664.051   4.0  1  1
		  2   92  1815.99  6663.68253   6663.6966   4.0  1  1
		  2   92  1838.21  6662.26656   6662.2686   4.0  1  1
		  2   92  1863.05  6660.67691   6660.6761   4.0  1  1
		  2   92  1894.08  6658.68036   6658.6774   4.0  1  1
		  2   92  1920.95  6656.94312   6656.9386   4.0  1  1
		  3   93    47.33  6684.28888   6684.2929   4.0  1  1
		  3   93    69.41  6683.36032   6683.3673   4.0  1  1
		  3   93   146.38  6680.07573   6680.0811   4.0  1  1
		  3   93   178.02  6678.70379   6678.7067   4.0  1  1
		  3   93   210.46  6677.28433   6677.2817   4.0  1  1
		  3   93   268.88  6674.69512   6674.6969   4.0  1  1
		  3   93   293.53  6673.58969   6673.5797   4.0  1  1
		  3   93   397.98  6668.82324   6668.8163   4.0  1  1
		  3   93   450.81  6666.36142   6666.3588   4.0  1  1
		  3   93   499.71  6664.05194    6664.051   4.0  1  1
		  3   93   507.04  6663.70369   6663.6966   4.0  1  1
		  3   93   537.01  6662.27123   6662.2686   4.0  1  1
		  3   93   570.06  6660.67932   6660.6761   4.0  1  1
		  3   93   611.15   6658.6815   6658.6774   4.0  1  1
		  3   93   646.75   6656.9339   6656.9386   4.0  1  1
		  3   93   676.16  6655.47873   6655.4892   4.0  1  1
		  3   93   698.45  6654.36927   6654.3675   4.0  1  1
		  3   93   805.51  6648.95634   6648.9586   4.0  1  1
		  3   93   814.70  6648.48505   6648.4954   4.0  1  1
		  3   93   852.46   6646.5397   6646.5407   4.0  1  1
		  3   93   888.58   6644.6624   6644.6635   4.0  1  1
		  3   93   907.04  6643.69699   6643.6976   4.0  1  1
		  3   93   981.92  6639.73963   6639.7403   4.0  1  1
		  3   93   997.44  6638.91126   6638.9119   4.0  1  1
		  3   93  1010.33  6638.22107   6638.2207   4.0  1  1
		  3   93  1097.95    6633.478   6633.4579   4.0  1  0
		  3   93  1123.39  6632.08388   6632.0837   4.0  1  1
		  3   93  1321.52  6620.96774   6620.9665   4.0  1  1
		  3   93  1339.34  6619.94557   6619.9458   4.0  1  1
		  3   93  1370.17  6618.16834   6618.1668   4.0  1  1
		  3   93  1381.38  6617.51951   6617.5154   4.0  1  1
		  3   93  1389.21  6617.06565    6617.058   4.0  1  1
		  3   93  1452.20   6613.3864    6613.374   4.0  1  1
		  3   93  1586.08  6605.41507   6605.4165   4.0  1  1
		  3   93  1595.37  6604.85428   6604.8534   4.0  1  1
		  3   93  1615.46  6603.63763   6603.6209   4.0  1  1
		  3   93  1629.95  6602.75747    6602.762   4.0  1  1
		  3   93  1663.06  6600.73749   6600.7311   4.0  1  1
		  3   93  1683.55  6599.48106   6599.4824   4.0  1  1
		  3   93  1696.66  6598.67447   6598.6778   4.0  1  1
		  3   93  1738.17  6596.10845   6596.1141   4.0  1  1
		  3   93  1773.08  6593.93471   6593.9391   4.0  1  1
		  3   93  1780.68  6593.45973   6593.4628   4.0  1  1
		  3   93  1812.21   6591.4813   6591.4845   4.0  1  1
		  3   93  1858.74  6588.54151   6588.5396   4.0  1  1
		  3   93  1903.35  6585.69985   6585.6945   4.0  1  1
		  3   93  1920.22  6584.61905    6584.613   4.0  1  1
		  3   93  1931.27  6583.90932    6583.906   4.0  1  1
		  4   94    25.15  6613.38917    6613.374   4.0  1  1
		  4   94   213.10  6605.42119   6605.4165   4.0  1  1
		  4   94   226.06  6604.85592   6604.8534   4.0  1  1
		  4   94   253.97  6603.63092   6603.6209   4.0  1  1
		  4   94   273.81  6602.75454    6602.762   4.0  1  1
		  4   94   319.37  6600.72385   6600.7311   4.0  1  1
		  4   94   347.05  6599.47768   6599.4824   4.0  1  1
		  4   94   364.70   6598.6781   6598.6778   4.0  1  1
		  4   94   420.71  6596.11587   6596.1141   4.0  1  1
		  4   94   467.65  6593.93934   6593.9391   4.0  1  1
		  4   94   477.86  6593.46273   6593.4628   4.0  1  1
		  4   94   519.93   6591.4841   6591.4845   4.0  1  1
		  4   94   581.76  6588.53786   6588.5396   4.0  1  1
		  4   94   640.77   6585.6834   6585.6945   4.0  1  1
		  4   94   662.66  6584.61429    6584.613   4.0  1  1
		  4   94   677.06  6583.90756    6583.906   4.0  1  1
		  4   94   751.29  6580.22582   6580.2299   4.0  1  1
		  4   94   802.39  6577.65352   6577.6552   4.0  1  1
		  4   94   811.04  6577.21544   6577.2146   4.0  1  1
		  4   94   832.41  6576.12823   6576.1221   4.0  1  1
		  4   94   957.85  6569.63932   6569.6322   4.0  1  1
		  4   94  1044.26  6565.06188     6565.07   4.0  1  1
		  4   94  1055.88  6564.43954   6564.4445   4.0  1  1
		  4   94  1136.94  6560.05615   6560.0574   4.0  1  1
		  4   94  1158.56   6558.8737   6558.8756   4.0  1  1
		  4   94  1243.79  6554.16129   6554.1603   4.0  1  1
		  4   94  1287.58  6551.70735   6551.7055   4.0  1  1
		  4   94  1314.72  6550.17533   6550.1877   4.0  1  1
		  4   94  1456.28  6542.04731   6542.0498   4.0  1  1
		  4   94  1523.63  6538.09941    6538.112   4.0  1  1
		  4   94  1531.82  6537.61631   6537.6139   4.0  1  1
		  4   94  1539.48  6537.16332   6537.1775   4.0  1  1
		  4   94  1556.72  6536.14125   6536.1441   4.0  1  1
		  4   94  1582.82  6534.58739   6534.6056   4.0  1  0
		  4   94  1636.91  6531.34295   6531.3418   4.0  1  1
		  4   94  1781.24  6522.52275   6522.4994   4.0  1  0
		  4   94  1789.07  6522.03698   6522.0432   4.0  1  1
		  4   94  1919.54  6513.84864   6513.8462   4.0  1  1
		  5   95    50.99  6542.02941   6542.0498   4.0  1  0
		  5   95   145.27   6538.0961    6538.112   4.0  1  1
		  5   95   156.96   6537.6009   6537.6139   4.0  1  1
		  5   95   166.94   6537.1767   6537.1775   4.0  1  1
		  5   95   191.23  6536.13946   6536.1441   4.0  1  1
		  5   95   301.34  6531.34703   6531.3418   4.0  1  1
		  5   95   496.13  6522.51245   6522.4994   4.0  1  1
		  5   95   506.13  6522.04677   6522.0432   4.0  1  1
		  5   95   678.08  6513.85209   6513.8462   4.0  1  1
		  5   95   708.55  6512.36361   6512.3639   4.0  1  1
		  5   95   775.52  6509.05402   6509.0503   4.0  1  1
		  5   95   816.86  6506.98444   6506.9868   4.0  1  1
		  5   95   885.35  6503.51248   6503.5111   4.0  1  1
		  5   95   915.03  6501.99063   6501.9919   4.0  1  1
		  5   95   927.17  6501.36541   6501.3608   4.0  1  1
		  5   95   941.07    6500.647   6500.6575   4.0  1  1
		  5   95   960.25  6499.65272   6499.6456   4.0  1  1
		  5   95   970.73  6499.10722   6499.1061   4.0  1  1
		  5   95  1001.59  6497.49457   6497.4919   4.0  1  1
		  5   95  1029.82  6496.00954   6496.0292   4.0  1  0
		  5   95  1043.98  6495.26084   6495.2573   4.0  1  1
		  5   95  1068.35  6493.96745   6493.9694   4.0  1  1
		  5   95  1082.80  6493.19728   6493.1975   4.0  1  1
		  5   95  1128.66  6490.73711   6490.7372   4.0  1  1
		  5   95  1162.89  6488.88522   6488.8832   4.0  1  1
		  5   95  1188.70  6487.47939   6487.4811   4.0  1  1
		  5   95  1227.18  6485.37017   6485.3759   4.0  1  1
		  5   95  1268.54  6483.08413   6483.0825   4.0  1  1
		  5   95  1477.79  6471.21839   6471.2131   4.0  1  1
		  5   95  1538.59  6467.67721   6467.6754   4.0  1  1
		  5   95  1650.31  6461.06192   6461.0596   4.0  1  1
		  5   95  1660.16  6460.47208    6460.475   4.0  1  1
		  5   95  1713.16  6457.27831   6457.2824   4.0  1  1
		  5   95  1746.26  6455.26824   6455.2647   4.0  1  1
		  5   95  1798.47   6452.0718   6452.0591   4.0  1  1
		  5   95  1816.49  6450.96145   6450.9557   4.0  1  1
		  5   95  1832.04   6450.0004    6450.006   4.0  1  1
		  5   95  1884.16  6446.75987   6446.7712   4.0  1  1
		  5   95  1930.39  6443.85997   6443.8598   4.0  1  1
		  6   96    99.88  6471.21054   6471.2131   4.0  1  1
		  6   96   184.49  6467.67011   6467.6754   4.0  1  1
		  6   96   210.64  6466.55874     6466.56   4.0  1  1
		  6   96   301.95  6462.61316    6462.595   4.0  1  0
		  6   96   337.02  6461.07155   6461.0596   4.0  1  1
		  6   96   350.42  6460.47868    6460.475   4.0  1  1
		  6   96   421.85  6457.28183   6457.2824   4.0  1  1
		  6   96   466.41  6455.25702   6455.2647   4.0  1  1
		  6   96   535.81  6452.05702   6452.0591   4.0  1  1
		  6   96   559.42  6450.95506   6450.9557   4.0  1  1
		  6   96   579.71  6450.00331    6450.006   4.0  1  1
		  6   96   647.67  6446.77978   6446.7712   4.0  1  1
		  6   96   671.67  6445.62855   6445.6407   4.0  1  1
		  6   96   708.21  6443.86302   6443.8598   4.0  1  1
		  6   96   748.41  6441.90266   6441.8994   4.0  1  1
		  6   96   806.21  6439.05063   6439.0715   4.0  1  0
		  6   96   821.14  6438.30773   6438.3095   4.0  1  1
		  6   96   854.06  6436.66076   6436.6699   4.0  1  1
		  6   96   954.57  6431.55439    6431.555   4.0  1  1
		  6   96  1008.36  6428.77393   6428.7733   4.0  1  1
		  6   96  1083.92  6424.81179   6424.8127   4.0  1  1
		  6   96  1120.00   6422.8975   6422.8969   4.0  1  1
		  6   96  1134.86  6422.10423   6422.1075   4.0  1  1
		  6   96  1204.11  6418.37601   6418.3703   4.0  1  1
		  6   96  1242.08  6416.30862   6416.3071   4.0  1  1
		  6   96  1256.18  6415.53681   6415.5374   4.0  1  1
		  6   96  1291.09  6413.61592   6413.6145   4.0  1  1
		  6   96  1322.05  6411.90049   6411.8991   4.0  1  1
		  6   96  1419.28  6406.44449   6406.4462   4.0  1  1
		  6   96  1479.45   6403.0145   6403.0128   4.0  1  1
		  6   96  1519.61  6400.70243   6400.6961   4.0  1  1
		  6   96  1532.38  6399.96323   6399.9498   4.0  1  1
		  6   96  1545.40  6399.20839   6399.2065   4.0  1  1
		  6   96  1584.08  6396.95294   6396.9499   4.0  1  1
		  6   96  1621.92  6394.73107   6394.7289   4.0  1  1
		  6   96  1633.70  6394.03607   6394.0498   4.0  1  1
		  6   96  1637.68  6393.80076   6393.7972   4.0  1  1
		  6   96  1661.78  6392.37256   6392.3685   4.0  1  1
		  6   96  1682.25  6391.15518   6391.1774   4.0  1  0
		  6   96  1699.45  6390.12778   6390.1289   4.0  1  1
		  6   96  1711.81  6389.38788     6389.39   4.0  1  1
		  6   96  1721.44  6388.81001   6388.8134   4.0  1  1
		  6   96  1744.99  6387.39266   6387.3957   4.0  1  1
		  6   96  1789.26   6384.7119   6384.7169   4.0  1  1
		  6   96  1837.38  6381.77338   6381.7588   4.0  1  1
		  6   96  1871.68  6379.66326   6379.6733   4.0  1  1
		  6   96  1915.68  6376.93704   6376.9305   4.0  1  1
		  7   97    35.79  6406.44743   6406.4462   4.0  1  1
		  7   97   120.23  6403.01345   6403.0128   4.0  1  1
		  7   97   175.83  6400.70627   6400.6961   4.0  1  1
		  7   97   193.59  6399.96138   6399.9498   4.0  1  1
		  7   97   211.48  6399.20739   6399.2065   4.0  1  1
		  7   97   264.69  6396.94213   6396.9499   4.0  1  1
		  7   97   315.87  6394.73238   6394.7289   4.0  1  1
		  7   97   331.53  6394.04963   6394.0498   4.0  1  1
		  7   97   337.14  6393.80463   6393.7972   4.0  1  1
		  7   97   369.85  6392.36778   6392.3685   4.0  1  1
		  7   97   420.27  6390.12843   6390.1289   4.0  1  1
		  7   97   436.56  6389.39842     6389.39   4.0  1  1
		  7   97   449.67  6388.80882   6388.8134   4.0  1  1
		  7   97   480.94  6387.39445   6387.3957   4.0  1  1
		  7   97   539.42  6384.71843   6384.7169   4.0  1  1
		  7   97   603.43  6381.74384   6381.7588   4.0  1  1
		  7   97   611.48  6381.36656   6381.3598   4.0  1  1
		  7   97   647.22   6379.6814   6379.6733   4.0  1  1
		  7   97   666.92  6378.74654   6378.7604   4.0  1  1
		  7   97   704.94  6376.92932   6376.9305   4.0  1  1
		  7   97   807.53  6371.94292   6371.9436   4.0  1  1
		  7   97   855.38  6369.57562   6369.5748   4.0  1  1
		  7   97   864.39  6369.12732   6369.1394   4.0  1  1
		  7   97   948.52  6364.89331   6364.8937   4.0  1  1
		  7   97  1000.14  6362.25546   6362.2518   4.0  1  1
		  7   97  1050.00   6359.6787   6359.6744   4.0  1  1
		  7   97  1060.66  6359.12422   6359.1345   4.0  1  1
		  7   97  1070.27  6358.62291   6358.6211   4.0  1  1
		  7   97  1088.28  6357.68116   6357.6779   4.0  1  1
		  7   97  1100.81  6357.02419   6357.0229   4.0  1  1
		  7   97  1121.93  6355.91205   6355.9108   4.0  1  1
		  7   97  1127.24  6355.63177     6355.63   4.0  1  1
		  7   97  1255.97  6348.73682   6348.7375   4.0  1  1
		  7   97  1265.22  6348.23405   6348.2321   4.0  1  1
		  7   97  1303.87   6346.1235   6346.1209   4.0  1  1
		  7   97  1363.03  6342.86085   6342.8595   4.0  1  1
		  7   97  1420.29  6339.66573   6339.6684   4.0  1  1
		  7   97  1456.55   6337.6233   6337.6201   4.0  1  1
		  7   97  1495.32  6335.42309    6335.406   4.0  1  1
		  7   97  1535.00  6333.15438   6333.1459   4.0  1  1
		  7   97  1546.41  6332.49866   6332.5118   4.0  1  1
		  7   97  1565.23  6331.41432   6331.4137   4.0  1  1
		  7   97  1636.43  6327.27544   6327.2778   4.0  1  1
		  7   97  1651.92   6326.3674   6326.3669   4.0  1  1
		  7   97  1685.14  6324.41156   6324.3978   4.0  1  1
		  7   97  1737.73  6321.29044   6321.3004   4.0  1  1
		  7   97  1806.28  6317.17611   6317.1824   4.0  1  1
		  7   97  1829.57  6315.76664    6315.775   4.0  1  1
		  7   97  1854.00  6314.28179   6314.2693   4.0  1  1
		  7   97  1881.38  6312.60948   6312.6222   4.0  1  1
		  7   97  1910.60  6310.81597   6310.8101   4.0  1  1
		  7   97  1937.41  6309.16247     6309.16   4.0  1  1
		  8   98    55.21  6339.67326   6339.6684   4.0  1  1
		  8   98   105.97  6337.62762   6337.6201   4.0  1  1
		  8   98   160.26  6335.40609    6335.406   4.0  1  1
		  8   98   214.31  6333.15998   6333.1459   4.0  1  1
		  8   98   230.11   6332.4968   6332.5118   4.0  1  1
		  8   98   255.75  6331.41486   6331.4137   4.0  1  1
		  8   98   352.06  6327.28166   6327.2778   4.0  1  1
		  8   98   373.07  6326.36558   6326.3669   4.0  1  1
		  8   98   417.32  6324.41959   6324.3978   4.0  1  0
		  8   98   475.81  6321.81232   6321.8199   4.0  1  1
		  8   98   487.47  6321.28787   6321.3004   4.0  1  1
		  8   98   577.44  6317.18851   6317.1824   4.0  1  1
		  8   98   608.02  6315.77404    6315.775   4.0  1  1
		  8   98   675.17  6312.62988   6312.6222   4.0  1  1
		  8   98   713.63  6310.80624   6310.8101   4.0  1  1
		  8   98   748.03  6309.16052     6309.16   4.0  1  1
		  8   98   779.17  6307.65906    6307.657   4.0  1  1
		  8   98   849.06  6304.24934   6304.2423   4.0  1  1
		  8   98   869.27  6303.25298   6303.2507   4.0  1  1
		  8   98   906.45  6301.40803   6301.4128   4.0  1  1
		  8   98   916.27   6300.9182   6300.9165   4.0  1  1
		  8   98   956.46  6298.90197   6298.9027   4.0  1  1
		  8   98   996.57  6296.87126   6296.8722   4.0  1  1
		  8   98  1067.42  6293.24029   6293.2424   4.0  1  1
		  8   98  1074.23  6292.88845   6292.8909   4.0  1  1
		  8   98  1090.30  6292.05557   6292.0601   4.0  1  1
		  8   98  1106.88  6291.19333   6291.1915   4.0  1  1
		  8   98  1139.49  6289.48868   6289.4882   4.0  1  1
		  8   98  1181.90   6287.2543   6287.2554   4.0  1  1
		  8   98  1204.80  6286.03889   6286.0453   4.0  1  1
		  8   98  1219.03  6285.28084    6285.278   4.0  1  1
		  8   98  1317.53  6279.97241   6279.9776   4.0  1  1
		  8   98  1332.37  6279.16337    6279.166   4.0  1  1
		  8   98  1341.87  6278.64404   6278.6453   4.0  1  1
		  8   98  1367.48  6277.23953   6277.2385   4.0  1  1
		  8   98  1386.99  6276.16449   6276.1646   4.0  1  1
		  8   98  1423.91  6274.11834   6274.1166   4.0  1  1
		  8   98  1469.95  6271.54586   6271.5444   4.0  1  1
		  8   98  1529.25  6268.19819   6268.2001   4.0  1  1
		  8   98  1564.80  6266.17295   6266.1737   4.0  1  1
		  8   98  1590.43  6264.70404   6264.7139   4.0  1  1
		  8   98  1647.35  6261.41615   6261.4181   4.0  1  1
		  8   98  1695.55  6258.60399   6258.6068   4.0  1  1
		  8   98  1715.71  6257.42056   6257.4237   4.0  1  1
		  8   98  1832.44  6250.48005   6250.4858   4.0  1  1
		  8   98  1866.76  6248.41146   6248.4055   4.0  1  1
		  9   99    26.47  6276.15951   6276.1646   4.0  1  1
		  9   99    78.10  6274.11614   6274.1166   4.0  1  1
		  9   99   142.12  6271.53926   6271.5444   4.0  1  1
		  9   99   223.73  6268.18558   6268.2001   4.0  1  1
		  9   99   272.08  6266.16189   6266.1737   4.0  1  1
		  9   99   305.95  6264.72828   6264.7139   4.0  1  1
		  9   99   382.99  6261.41832   6261.4181   4.0  1  1
		  9   99   447.05  6258.61391   6258.6068   4.0  1  1
		  9   99   473.95  6257.42235   6257.4237   4.0  1  1
		  9   99   627.22   6250.4753   6250.4858   4.0  1  1
		  9   99   671.85  6248.40217   6248.4055   4.0  1  1
		  9   99   719.21  6246.17744   6246.1736   4.0  1  1
		  9   99   731.24   6245.6085   6245.6182   4.0  1  1
		  9   99   742.84  6245.05813   6245.0409   4.0  1  1
		  9   99   783.43  6243.12051   6243.1201   4.0  1  1
		  9   99   828.41   6240.9516   6240.9536   4.0  1  1
		  9   99   853.87  6239.71361   6239.7121   4.0  1  1
		  9   99   952.39  6234.85541   6234.8554   4.0  1  1
		  9   99   965.52  6234.19999   6234.1962   4.0  1  1
		  9   99   990.24  6232.96002   6232.9745   4.0  1  1
		  9   99  1119.46    6226.369   6226.3697   4.0  1  1
		  9   99  1154.92  6224.52786   6224.5272   4.0  1  1
		  9   99  1216.02   6221.3225   6221.3192   4.0  1  1
		  9   99  1240.77   6220.0121   6220.0112   4.0  1  1
		  9   99  1316.93   6215.9387   6215.9383   4.0  1  1
		  9   99  1449.67  6208.68601   6208.6869   4.0  1  1
		  9   99  1466.44  6207.75596   6207.7504   4.0  1  1
		  9   99  1476.06  6207.22104   6207.2201   4.0  1  1
		  9   99  1500.44  6205.86075   6205.8599   4.0  1  1
		  9   99  1542.61  6203.49327   6203.4925   4.0  1  1
		  9   99  1584.89  6201.09953   6201.1002   4.0  1  1
		  9   99  1596.50  6200.43895   6200.4325   4.0  1  1
		  9   99  1635.31  6198.21991   6198.2227   4.0  1  1
		  9   99  1710.90  6193.85112   6193.8563   4.0  1  1
		  9   99  1744.32  6191.90024   6191.9053   4.0  1  1
		  9   99  1791.26  6189.13919   6189.1449   4.0  1  1
		  9   99  1808.47  6188.12089   6188.1251   4.0  1  1
		  9   99  1825.04  6187.13749    6187.135   4.0  1  1
		  9   99  1900.51  6182.62187   6182.6217   4.0  1  1
		  9   99  1932.21  6180.70645    6180.705   4.0  1  1
		 10  100    34.19  6212.50529    6212.507   4.0  1  1
		 10  100   130.88  6208.68217   6208.6869   4.0  1  1
		 10  100   154.27  6207.74096   6207.7504   4.0  1  1
		 10  100   167.12  6207.22146   6207.2201   4.0  1  1
		 10  100   200.64  6205.85659   6205.8599   4.0  1  1
		 10  100   257.97  6203.49303   6203.4925   4.0  1  1
		 10  100   315.01  6201.10399   6201.1002   4.0  1  1
		 10  100   330.70     6200.44   6200.4325   4.0  1  1
		 10  100   382.70  6198.22045   6198.2227   4.0  1  1
		 10  100   482.91  6193.85618   6193.8563   4.0  1  1
		 10  100   526.92  6191.90319   6191.9053   4.0  1  1
		 10  100   588.29  6189.14349   6189.1449   4.0  1  1
		 10  100   610.75  6188.12289   6188.1251   4.0  1  1
		 10  100   632.42  6187.13315    6187.135   4.0  1  1
		 10  100   729.77  6182.61992   6182.6217   4.0  1  1
		 10  100   770.42  6180.70424    6180.705   4.0  1  1
		 10  100   818.09  6178.43399   6178.4315   4.0  1  1
		 10  100   928.09  6173.09821   6173.0964   4.0  1  1
		 10  100   944.78  6172.27729   6172.2778   4.0  1  1
		 10  100   987.18   6170.1768    6170.174   4.0  1  1
		 10  100   994.29  6169.82259   6169.8221   4.0  1  1
		 10  100  1087.55  6165.12536   6165.1232   4.0  1  1
		 10  100  1100.22  6164.48018   6164.4796   4.0  1  1
		 10  100  1129.87  6162.96239   6162.9699   4.0  1  1
		 10  100  1145.27  6162.17064     6162.17   4.0  1  1
		 10  100  1161.11  6161.35303   6161.3534   4.0  1  1
		 10  100  1242.94  6157.08675   6157.0878   4.0  1  1
		 10  100  1271.68  6155.57068    6155.581   4.0  1  1
		 10  100  1277.90  6155.24173   6155.2385   4.0  1  1
		 10  100  1291.66  6154.51154   6154.5162   4.0  1  1
		 10  100  1299.96  6154.07041   6154.0682   4.0  1  1
		 10  100  1338.82  6151.99471   6151.9929   4.0  1  1
		 10  100  1363.20  6150.68373    6150.683   4.0  1  1
		 10  100  1459.51  6145.44278   6145.4411   4.0  1  1
		 10  100  1471.93  6144.75963   6144.7581   4.0  1  1
		 10  100  1581.57  6138.65581   6138.6465   4.0  1  1
		 10  100  1594.62    6137.921    6137.926   4.0  1  1
		 10  100  1667.03  6133.80846   6133.8143   4.0  1  1
		 10  100  1777.69  6127.41558    6127.416   4.0  1  1
		 10  100  1806.31  6125.74092   6125.7396   4.0  1  1
		 10  100  1827.74  6124.48135   6124.4805   4.0  1  1
		 10  100  1835.04  6124.05104   6124.0687   4.0  1  1
		 10  100  1838.74  6123.83312   6123.8331   4.0  1  1
		 10  100  1846.70   6123.3625   6123.3619   4.0  1  1
		 10  100  1865.91  6122.22568   6122.2144   4.0  1  1
		 10  100  1893.75  6120.57029   6120.5564   4.0  1  1
		 11  101    27.23  6150.68824    6150.683   4.0  1  1
		 11  101   160.76  6145.44198   6145.4411   4.0  1  1
		 11  101   177.91  6144.75354   6144.7581   4.0  1  1
		 11  101   326.25  6138.65835   6138.6465   4.0  1  1
		 11  101   343.64   6137.9274    6137.926   4.0  1  1
		 11  101   440.12  6133.81048   6133.8143   4.0  1  1
		 11  101   585.26   6127.4193    6127.416   4.0  1  1
		 11  101   622.75  6125.73023   6125.7396   4.0  1  1
		 11  101   650.18   6124.4844   6124.4805   4.0  1  1
		 11  101   659.22  6124.07208   6124.0687   4.0  1  1
		 11  101   664.34   6123.8381   6123.8331   4.0  1  1
		 11  101   674.75  6123.36171   6123.3619   4.0  1  1
		 11  101   699.72   6122.2134   6122.2144   4.0  1  1
		 11  101   716.74  6121.42664   6121.4075   4.0  1  0
		 11  101   735.50  6120.55613   6120.5564   4.0  1  1
		 11  101   754.35   6119.6773   6119.6998   4.0  1  0
		 11  101   828.80  6116.16754   6116.1661   4.0  1  1
		 11  101   854.89  6114.92317   6114.9234   4.0  1  1
		 11  101   862.81  6114.54401   6114.5392   4.0  1  1
		 11  101   885.25  6113.46543   6113.4657   4.0  1  1
		 11  101   898.26  6112.83809   6112.8375   4.0  1  1
		 11  101  1006.67  6107.53484   6107.5337   4.0  1  1
		 11  101  1044.84  6105.63732   6105.6351   4.0  1  1
		 11  101  1122.53  6101.72545   6101.7251   4.0  1  1
		 11  101  1156.74  6099.98175   6099.9886   4.0  1  1
		 11  101  1174.26  6099.08377   6099.0831   4.0  1  1
		 11  101  1179.68  6098.80567   6098.8031   4.0  1  1
		 11  101  1192.95  6098.12257   6098.1205   4.0  1  1
		 11  101  1211.00  6097.19043   6097.1945   4.0  1  1
		 11  101  1339.52  6090.45132   6090.4482   4.0  1  1
		 11  101  1384.84  6088.03242   6088.0305   4.0  1  1
		 11  101  1424.63  6085.89023   6085.8797   4.0  1  1
		 11  101  1434.23  6085.37091   6085.3748   4.0  1  1
		 11  101  1509.78  6081.24966   6081.2433   4.0  1  1
		 11  101  1546.50  6079.22386   6079.2227   4.0  1  1
		 11  101  1560.99  6078.42093   6078.4212   4.0  1  1
		 11  101  1570.86  6077.87253   6077.8728   4.0  1  1
		 11  101  1584.60  6077.10724   6077.1057   4.0  1  1
		 11  101  1655.85  6073.10744   6073.1036   4.0  1  1
		 11  101  1704.91  6070.32223   6070.3412   4.0  1  0
		 11  101  1727.69   6069.0201   6069.0207   4.0  1  1
		 11  101  1761.40  6067.08284   6067.0803   4.0  1  1
		 11  101  1784.13  6065.77035   6065.7799   4.0  1  1
		 11  101  1801.60  6064.75734   6064.7508   4.0  1  1
		 11  101  1856.75  6061.53929   6061.5361   4.0  1  1
		 11  101  1893.53  6059.37503   6059.3725   4.0  1  1
		 12  102    74.08  6088.02845   6088.0305   4.0  1  1
		 12  102    93.80  6087.26343   6087.2622   4.0  1  1
		 12  102   128.88  6085.89176   6085.8797   4.0  1  1
		 12  102   142.16   6085.3688   6085.3748   4.0  1  1
		 12  102   245.12  6081.24672   6081.2433   4.0  1  1
		 12  102   294.56  6079.22456   6079.2227   4.0  1  1
		 12  102   313.99   6078.4225   6078.4212   4.0  1  1
		 12  102   327.20  6077.87468   6077.8728   4.0  1  1
		 12  102   345.66   6077.1058   6077.1057   4.0  1  1
		 12  102   440.22  6073.10829   6073.1036   4.0  1  1
		 12  102   504.75  6070.32287   6070.3412   4.0  1  0
		 12  102   534.54  6069.02108   6069.0207   4.0  1  1
		 12  102   578.85  6067.06684   6067.0803   4.0  1  1
		 12  102   607.89  6065.77455   6065.7799   4.0  1  1
		 12  102   630.62  6064.75597   6064.7508   4.0  1  1
		 12  102   701.70  6061.53499   6061.5361   4.0  1  1
		 12  102   748.74  6059.37281   6059.3725   4.0  1  1
		 12  102   774.46  6058.18028   6058.1813   4.0  1  1
		 12  102   829.78  6055.59088   6055.5937   4.0  1  1
		 12  102   876.42   6053.3815   6053.3808   4.0  1  1
		 12  102   890.19  6052.72451   6052.7229   4.0  1  1
		 12  102   926.58  6050.97899   6050.9818   4.0  1  1
		 12  102   966.37  6049.05347    6049.051   4.0  1  1
		 12  102  1010.50  6046.89826   6046.8977   4.0  1  1
		 12  102  1084.71   6043.2256   6043.2233   4.0  1  1
		 12  102  1097.41  6042.59106   6042.5898   4.0  1  1
		 12  102  1174.89  6038.68251   6038.6805   4.0  1  1
		 12  102  1194.19  6037.69914   6037.6975   4.0  1  1
		 12  102  1212.57  6036.75863   6036.7622   4.0  1  1
		 12  102  1243.03  6035.19214   6035.1923   4.0  1  1
		 12  102  1287.71  6032.87589   6032.8726   4.0  1  1
		 12  102  1302.01   6032.1299   6032.1274   4.0  1  1
		 12  102  1334.13  6030.44717    6030.445   4.0  1  1
		 12  102  1349.30  6029.64855     6029.65   4.0  1  1
		 12  102  1357.20  6029.23117   6029.2257   4.0  1  1
		 12  102  1375.53  6028.26154   6028.2713   4.0  1  1
		 12  102  1417.08   6026.0497   6026.0448   4.0  1  1
		 12  102  1433.80  6025.15397     6025.15   4.0  1  1
		 12  102  1469.62  6023.22616   6023.2242   4.0  1  1
		 12  102  1503.24  6021.40408   6021.4113   4.0  1  1
		 12  102  1509.97  6021.03766   6021.0357   4.0  1  1
		 12  102  1524.13  6020.26614   6020.2715   4.0  1  1
		 12  102  1547.45  6018.98978   6018.9934   4.0  1  1
		 12  102  1595.13    6016.363   6016.3589   4.0  1  1
		 12  102  1612.12  6015.42136   6015.4218   4.0  1  1
		 12  102  1643.43  6013.67746   6013.6777   4.0  1  1
		 12  102  1681.71  6011.53136   6011.5337   4.0  1  1
		 12  102  1706.04  6010.15968   6010.1606   4.0  1  1
		 12  102  1760.50  6007.06625   6007.0722   4.0  1  1
		 12  102  1783.93  6005.72562   6005.7242   4.0  1  1
		 12  102  1793.70  6005.16505    6005.165   4.0  1  1
		 12  102  1853.43  6001.71618   6001.7339   4.0  1  1
		 12  102  1862.22  6001.20526   6001.2033   4.0  1  1
		 12  102  1899.93  5999.00481   5998.9987   4.0  1  1
		 13  103    19.90  6030.43664    6030.445   4.0  1  1
		 13  103    40.70  6029.65032     6029.65   4.0  1  1
		 13  103    77.37  6028.25191   6028.2713   4.0  1  0
		 13  103   134.44    6026.045   6026.0448   4.0  1  1
		 13  103   157.17  6025.15576     6025.15   4.0  1  1
		 13  103   205.99   6023.2266   6023.2242   4.0  1  1
		 13  103   251.45  6021.40594   6021.4113   4.0  1  1
		 13  103   260.66  6021.03461   6021.0357   4.0  1  1
		 13  103   279.51  6020.27086   6020.2715   4.0  1  1
		 13  103   310.37  6019.01209   6018.9934   4.0  1  0
		 13  103   374.74  6016.35266   6016.3589   4.0  1  1
		 13  103   396.99  6015.42247   6015.4218   4.0  1  1
		 13  103   438.27  6013.68248   6013.6777   4.0  1  1
		 13  103   488.67  6011.53227   6011.5337   4.0  1  1
		 13  103   520.40  6010.16452   6010.1606   4.0  1  1
		 13  103   591.12  6007.07531   6007.0722   4.0  1  1
		 13  103   621.52  6005.73066   6005.7242   4.0  1  1
		 13  103   634.14  6005.16943    6005.165   4.0  1  1
		 13  103   710.72  6001.72657   6001.7339   4.0  1  1
		 13  103   722.15  6001.20713   6001.2033   4.0  1  1
		 13  103   770.37  5999.00062   5998.9987   4.0  1  1
		 13  103   821.53  5996.63172   5996.6297   4.0  1  1
		 13  103   874.94   5994.1281   5994.1287   4.0  1  1
		 13  103   888.47  5993.48912   5993.4941   4.0  1  1
		 13  103   940.64  5991.00641   5991.0071   4.0  1  1
		 13  103   981.37  5989.04752   5989.0447   4.0  1  1
		 13  103  1017.34  5987.30275   5987.3016   4.0  1  1
		 13  103  1038.53   5986.2685   5986.2665   4.0  1  1
		 13  103  1123.30  5982.08232    5982.096   4.0  1  1
		 13  103  1239.75  5976.20634   5976.2005   4.0  1  1
		 13  103  1262.01  5975.06678   5975.0648   4.0  1  1
		 13  103  1289.23  5973.66613   5973.6649   4.0  1  1
		 13  103  1313.07  5972.43289   5972.4351   4.0  1  1
		 13  103  1329.02  5971.60424   5971.6008   4.0  1  1
		 13  103  1364.72  5969.74037   5969.7373   4.0  1  1
		 13  103  1391.85  5968.31493   5968.3199   4.0  1  1
		 13  103  1464.18  5964.47614   5964.4723   4.0  1  1
		 13  103  1532.76   5960.7853   5960.7806   4.0  1  1
		 13  103  1615.53  5956.26546   5956.2588   4.0  1  1
		 13  103  1628.43  5955.55423   5955.5616   4.0  1  1
		 13  103  1749.60  5948.79166   5948.7991   4.0  1  1
		 13  103  1822.54  5944.64714   5944.6472   4.0  1  1
		 13  103  1843.26  5943.45989   5943.4653   4.0  1  1
		 13  103  1862.59  5942.34802   5942.3585   4.0  1  1
		 13  103  1893.53  5940.56062   5940.5653   4.0  1  1
		 13  103  1923.31  5938.83031   5938.8252   4.0  1  1
		 13  103  1929.54  5938.46779    5938.457   4.0  1  1
		 14  104    28.48  5971.60256   5971.6008   4.0  1  1
		 14  104    78.05   5969.7334   5969.7373   4.0  1  1
		 14  104   115.10   5968.3186   5968.3199   4.0  1  1
		 14  104   213.57  5964.48323   5964.4723   4.0  1  1
		 14  104   306.01  5960.78426   5960.7806   4.0  1  1
		 14  104   416.02  5956.25943   5956.2588   4.0  1  1
		 14  104   432.65  5955.56352   5955.5616   4.0  1  1
		 14  104   590.77  5948.79775   5948.7991   4.0  1  1
		 14  104   649.34   5946.2225   5946.2347   4.0  1  1
		 14  104   684.77   5944.6465   5944.6472   4.0  1  1
		 14  104   710.98  5943.47151   5943.4653   4.0  1  1
		 14  104   735.85  5942.35009   5942.3585   4.0  1  1
		 14  104   775.10  5940.56685   5940.5653   4.0  1  1
		 14  104   813.07  5938.82565   5938.8252   4.0  1  1
		 14  104   821.00  5938.46028    5938.457   4.0  1  1
		 14  104   838.24  5937.66302   5937.6634   4.0  1  1
		 14  104   848.94  5937.16653   5937.1619   4.0  1  1
		 14  104   865.90  5936.37738   5936.3861   4.0  1  1
		 14  104   950.08  5932.41444   5932.4274   4.0  1  1
		 14  104  1001.96  5929.93406   5929.9343   4.0  1  1
		 14  104  1025.17   5928.8152    5928.813   4.0  1  1
		 14  104  1059.95  5927.12764   5927.1258   4.0  1  1
		 14  104  1095.17  5925.40596   5925.4036   4.0  1  1
		 14  104  1224.97  5918.94696   5918.9442   4.0  1  1
		 14  104  1308.82   5914.6796   5914.6709   4.0  1  1
		 14  104  1314.54  5914.38592   5914.3856   4.0  1  1
		 14  104  1334.64  5913.35097   5913.3638   4.0  1  1
		 14  104  1359.07  5912.08739   5912.0853   4.0  1  1
		 14  104  1375.49  5911.23451   5911.2296   4.0  1  1
		 14  104  1483.15  5905.57213   5905.5707   4.0  1  1
		 14  104  1490.65  5905.17318   5905.1763   4.0  1  1
		 14  104  1509.88   5904.1473   5904.1592   4.0  1  1
		 14  104  1538.60  5902.60877   5902.6021   4.0  1  1
		 14  104  1589.59   5899.8553   5899.8441   4.0  1  1
		 14  104  1653.51  5896.36544   5896.3631   4.0  1  1
		 14  104  1673.18  5895.28269   5895.2818   4.0  1  1
		 14  104  1683.71  5894.70172   5894.6979   4.0  1  1
		 14  104  1742.29  5891.44827    5891.451   4.0  1  1
		 14  104  1769.03  5889.95127   5889.9531   4.0  1  1
		 14  104  1793.32   5888.5846   5888.5841   4.0  1  1
		 14  104  1829.67  5886.52864   5886.5314   4.0  1  1
		 14  104  1844.17  5885.70496   5885.7016   4.0  1  1
		 14  104  1897.93  5882.63122   5882.6242   4.0  1  1
		 15  105    16.02    5914.677   5914.6709   4.0  1  1
		 15  105    24.16  5914.37621   5914.3856   4.0  1  1
		 15  105    52.02  5913.34039   5913.3638   4.0  1  0
		 15  105    85.48  5912.08519   5912.0853   4.0  1  1
		 15  105   108.09  5911.22996   5911.2296   4.0  1  1
		 15  105   254.05  5905.57156   5905.5707   4.0  1  1
		 15  105   264.20  5905.16928   5905.1763   4.0  1  1
		 15  105   289.39  5904.16636   5904.1592   4.0  1  1
		 15  105   328.32  5902.60202   5902.6021   4.0  1  1
		 15  105   395.75   5899.8534   5899.8441   4.0  1  1
		 15  105   479.91  5896.35305   5896.3631   4.0  1  1
		 15  105   505.29  5895.28238   5895.2818   4.0  1  1
		 15  105   519.14  5894.69524   5894.6979   4.0  1  1
		 15  105   594.79  5891.45084    5891.451   4.0  1  1
		 15  105   629.23  5889.95353   5889.9531   4.0  1  1
		 15  105   660.41  5888.58672   5888.5841   4.0  1  1
		 15  105   706.90  5886.52965   5886.5314   4.0  1  1
		 15  105   725.45  5885.70214   5885.7016   4.0  1  1
		 15  105   762.19  5884.05277   5884.0331   4.0  1  0
		 15  105   793.79  5882.62231   5882.6242   4.0  1  1
		 15  105   870.39   5879.1109   5879.1265   4.0  1  1
		 15  105   958.61  5874.98993   5874.9865   4.0  1  1
		 15  105   972.07  5874.35398   5874.3513   4.0  1  1
		 15  105   978.74  5874.03779   5874.0383   4.0  1  1
		 15  105  1008.91   5872.6031   5872.6028   4.0  1  1
		 15  105  1038.58  5871.18284   5871.1828   4.0  1  1
		 15  105  1066.01  5869.86164   5869.8507   4.0  1  1
		 15  105  1096.73  5868.37214   5868.3745   4.0  1  1
		 15  105  1128.76  5866.80906   5866.8119   4.0  1  1
		 15  105  1191.42  5863.71964   5863.7184   4.0  1  1
		 15  105  1259.61  5860.31112   5860.3103   4.0  1  1
		 15  105  1316.01  5857.45516   5857.4491   4.0  1  1
		 15  105  1354.15  5855.50466   5855.4986   4.0  1  1
		 15  105  1381.00  5854.12276   5854.1207   4.0  1  1
		 15  105  1537.43  5845.92335   5845.9188   4.0  1  1
		 15  105  1558.69  5844.78898   5844.7909   4.0  1  1
		 15  105  1577.03  5843.80715   5843.8069   4.0  1  1
		 15  105  1609.97  5842.03492     5842.05   4.0  1  1
		 15  105  1635.75  5840.63978   5840.6404   4.0  1  1
		 15  105  1650.33   5839.8482   5839.8514   4.0  1  1
		 15  105  1666.97  5838.94145   5838.9502   4.0  1  1
		 15  105  1752.04   5834.2627   5834.2633   4.0  1  1
		 15  105  1786.03  5832.37257   5832.3705   4.0  1  1
		 15  105  1813.70  5830.82535   5830.8272   4.0  1  1
		 15  105  1830.85   5829.8618   5829.8625   4.0  1  1
		 15  105  1844.10  5829.11574   5829.1097   4.0  1  1
	offset	90
	niterate 3
	lowreject 3.
	highreject 3.
	coefficients	28
		1.
		5.
		4.
		1.
		1.
		1941.
		90.99999999999999
		105.
		616976.2819070235
		-4799.114292435655
		-260.2009103092786
		2.147962682966383
		-0.1630889630120561
		-440.8379720186703
		-14.72107569798305
		-1.596094763634561
		-0.1629568055825713
		0.1421183248527804
		15.95560712762043
		1.500708108392258
		-0.03922054023800824
		0.1737467355552287
		-0.1277773138629097
		-0.5851511352040773
		-0.1403320972114717
		0.02507441331583409
		-0.02497039420138481
		-0.01243260119618587

