# Sat 18:12:40 31-Jul-2004
begin	ecidentify refThAr_UVES_860_l_2048x4096
	id	refThAr_UVES_860_l_2048x4096
	task	ecidentify
	image	refThAr_UVES_860_l_2048x4096
	units	angstroms
	features	15
		  1    1  1590.51  1590.51294   10369.526   4.0  1  1
		  1    1  1874.31  1874.31104   10358.168   4.0  1  1
		  1    1  2096.72  2096.71948   10349.048   4.0  1  1
		  1    1  2839.30  2839.29688   10316.891   4.0  1  1
		  1    1  3024.59  3024.58789   10308.544   4.0  1  1
		  1    1  3177.08  3177.08325   10301.167   4.0  1  1
		  1    1  3567.50  3567.49609   10283.116   4.0  1  1
		  2    2  2856.11  2856.11499   10144.265   4.0  1  1
		  2    2  2921.02    2921.021   10141.397   4.0  1  1
		  2    2  2942.63  2942.63037   10140.431   4.0  1  1
		  2    2  3014.86  3014.86157   10137.387   4.0  1  1
		  2    2  3095.41  3095.40967   10133.566   4.0  1  1
		  2    2  3434.15   3434.1543    10117.99   4.0  1  1
		  2    2  3570.26  3570.26196   10111.874   4.0  1  1
		  2    2  4035.03  4035.03198   10089.135   4.0  1  1
	slope	0

# Sat 18:22:33 31-Jul-2004
begin	ecidentify refThAr_UVES_860_l_2048x4096
	id	refThAr_UVES_860_l_2048x4096
	task	ecidentify
	image	refThAr_UVES_860_l_2048x4096
	units	angstroms
	features	30
		  1    1  1590.51  1590.51294   10369.526   4.0  1  1
		  1    1  1874.31  1874.31104   10358.168   4.0  1  1
		  1    1  2096.72  2096.71948   10349.048   4.0  1  1
		  1    1  2839.30  2839.29688   10316.891   4.0  1  1
		  1    1  3024.59  3024.58789   10308.544   4.0  1  1
		  1    1  3177.08  3177.08325   10301.167   4.0  1  1
		  1    1  3567.50  3567.49609   10283.116   4.0  1  1
		  2    2    47.80  47.8048325    10250.68   4.0  1  1
		  2    2   156.26   156.26474   10247.557   4.0  1  1
		  2    2   506.25  506.251648   10236.028   4.0  1  1
		  2    2   864.30  864.302368   10223.658   4.0  1  1
		  2    2  1010.31   1010.3136   10218.433   4.0  1  1
		  2    2  1124.67   1124.6687   10214.438   4.0  1  1
		  2    2  1199.79  1199.78833   10211.533   4.0  1  1
		  2    2  1803.80  1803.80054   10188.416   4.0  1  1
		  2    2  1901.12  1901.12085   10184.539   4.0  1  1
		  2    2  1998.66  1998.66443   10180.594   4.0  1  1
		  2    2  2050.03  2050.02637    10178.52   4.0  1  1
		  2    2  2135.78  2135.78027   10175.008   4.0  1  1
		  2    2  2856.11  2856.11499   10144.265   4.0  1  1
		  2    2  2921.02    2921.021   10141.397   4.0  1  1
		  2    2  2942.63  2942.63037   10140.431   4.0  1  1
		  2    2  3014.86  3014.86157   10137.387   4.0  1  1
		  2    2  3095.41  3095.40967   10133.566   4.0  1  1
		  2    2  3434.15   3434.1543    10117.99   4.0  1  1
		  2    2  3570.26  3570.26196   10111.874   4.0  1  1
		  2    2  4035.03  4035.03198   10089.135   4.0  1  1
		  3    3  3719.67  3719.67285    9938.836   4.0  1  1
		  3    3  3796.52  3796.52417    9935.199   4.0  1  1
		  3    3  3960.59  3960.58545    9927.325   4.0  1  1
	slope	0

# Sat 18:58:58 31-Jul-2004
begin	ecidentify refThAr_UVES_860_l_2048x4096
	id	refThAr_UVES_860_l_2048x4096
	task	ecidentify
	image	refThAr_UVES_860_l_2048x4096
	units	angstroms
	features	43
		  1    1  1590.51  1590.51294   10369.526   4.0  1  1
		  1    1  1874.31  1874.31104   10358.168   4.0  1  1
		  1    1  2096.72  2096.71948   10349.048   4.0  1  1
		  1    1  2839.30  2839.29688   10316.891   4.0  1  1
		  1    1  3024.59  3024.58789   10308.544   4.0  1  1
		  1    1  3177.08  3177.08325   10301.167   4.0  1  1
		  1    1  3567.50  3567.49609   10283.116   4.0  1  1
		  2    2    47.80  47.8048325    10250.68   4.0  1  1
		  2    2   156.26   156.26474   10247.557   4.0  1  1
		  2    2   506.25  506.251648   10236.028   4.0  1  1
		  2    2   864.30  864.302368   10223.658   4.0  1  1
		  2    2  1010.31   1010.3136   10218.433   4.0  1  1
		  2    2  1124.67   1124.6687   10214.438   4.0  1  1
		  2    2  1199.79  1199.78833   10211.533   4.0  1  1
		  2    2  1803.80  1803.80054   10188.416   4.0  1  1
		  2    2  1901.12  1901.12085   10184.539   4.0  1  1
		  2    2  1998.66  1998.66443   10180.594   4.0  1  1
		  2    2  2050.03  2050.02637    10178.52   4.0  1  1
		  2    2  2135.78  2135.78027   10175.008   4.0  1  1
		  2    2  2856.11  2856.11499   10144.265   4.0  1  1
		  2    2  2921.02    2921.021   10141.397   4.0  1  1
		  2    2  2942.63  2942.63037   10140.431   4.0  1  1
		  2    2  3014.86  3014.86157   10137.387   4.0  1  1
		  2    2  3095.41  3095.40967   10133.566   4.0  1  1
		  2    2  3434.15   3434.1543    10117.99   4.0  1  1
		  2    2  3570.26  3570.26196   10111.874   4.0  1  1
		  2    2  4035.03  4035.03198   10089.135   4.0  1  1
		  3    3  1093.09  1093.08569   10048.036   4.0  1  1
		  3    3  1168.81  1168.80811   10045.313   4.0  1  1
		  3    3  1331.48  1331.48206   10039.364   4.0  1  1
		  3    3  1392.10  1392.09668   10037.119   4.0  1  1
		  3    3  1496.31  1496.31201   10033.222   4.0  1  1
		  3    3  2057.81   2057.8125   10011.396   4.0  1  1
		  3    3  2484.90  2484.90332    9993.863   4.0  1  1
		  3    3  2632.37   2632.3728    9987.635   4.0  1  1
		  3    3  2692.85  2692.84839     9985.05   4.0  1  1
		  3    3  2931.92   2931.9165    9974.689   4.0  1  1
		  3    3  3027.77  3027.77295    9970.463   4.0  1  1
		  3    3  3184.03  3184.03467    9963.491   4.0  1  1
		  3    3  3629.66  3629.66455    9943.064   4.0  1  1
		  3    3  3719.67  3719.67285    9938.836   4.0  1  1
		  3    3  3796.52  3796.52417    9935.199   4.0  1  1
		  3    3  3960.59  3960.58545    9927.325   4.0  1  1
	slope	0

# Sat 19:04:32 31-Jul-2004
begin	ecidentify refThAr_UVES_860_l_2048x4096
	id	refThAr_UVES_860_l_2048x4096
	task	ecidentify
	image	refThAr_UVES_860_l_2048x4096
	units	angstroms
	features	55
		  1    1  1590.51  1590.51294   10369.526   4.0  1  1
		  1    1  1874.31  1874.31104   10358.168   4.0  1  1
		  1    1  2096.72  2096.71948   10349.048   4.0  1  1
		  1    1  2839.30  2839.29688   10316.891   4.0  1  1
		  1    1  3024.59  3024.58789   10308.544   4.0  1  1
		  1    1  3177.08  3177.08325   10301.167   4.0  1  1
		  1    1  3567.50  3567.49609   10283.116   4.0  1  1
		  2    2    47.80  47.8048325    10250.68   4.0  1  1
		  2    2   156.26   156.26474   10247.557   4.0  1  1
		  2    2   506.25  506.251648   10236.028   4.0  1  1
		  2    2   864.30  864.302368   10223.658   4.0  1  1
		  2    2  1010.31   1010.3136   10218.433   4.0  1  1
		  2    2  1124.67   1124.6687   10214.438   4.0  1  1
		  2    2  1199.79  1199.78833   10211.533   4.0  1  1
		  2    2  1803.80  1803.80054   10188.416   4.0  1  1
		  2    2  1901.12  1901.12085   10184.539   4.0  1  1
		  2    2  1998.66  1998.66443   10180.594   4.0  1  1
		  2    2  2050.03  2050.02637    10178.52   4.0  1  1
		  2    2  2135.78  2135.78027   10175.008   4.0  1  1
		  2    2  2856.11  2856.11499   10144.265   4.0  1  1
		  2    2  2921.02    2921.021   10141.397   4.0  1  1
		  2    2  2942.63  2942.63037   10140.431   4.0  1  1
		  2    2  3014.86  3014.86157   10137.387   4.0  1  1
		  2    2  3095.41  3095.40967   10133.566   4.0  1  1
		  2    2  3434.15   3434.1543    10117.99   4.0  1  1
		  2    2  3570.26  3570.26196   10111.874   4.0  1  1
		  2    2  4035.03  4035.03198   10089.135   4.0  1  1
		  3    3    24.05  24.0482903   10083.785   4.0  1  1
		  3    3    53.36  53.3560219   10082.879   4.0  1  1
		  3    3   158.63  158.627441   10079.541   4.0  1  1
		  3    3  1093.09  1093.08569   10048.036   4.0  1  1
		  3    3  1168.81  1168.80811   10045.313   4.0  1  1
		  3    3  1331.48  1331.48206   10039.364   4.0  1  1
		  3    3  1392.10  1392.09668   10037.119   4.0  1  1
		  3    3  1496.31  1496.31201   10033.222   4.0  1  1
		  3    3  2057.81   2057.8125   10011.396   4.0  1  1
		  3    3  2484.90  2484.90332    9993.863   4.0  1  1
		  3    3  2632.37   2632.3728    9987.635   4.0  1  1
		  3    3  2692.85  2692.84839     9985.05   4.0  1  1
		  3    3  2931.92   2931.9165    9974.689   4.0  1  1
		  3    3  3027.77  3027.77295    9970.463   4.0  1  1
		  3    3  3184.03  3184.03467    9963.491   4.0  1  1
		  3    3  3629.66  3629.66455    9943.064   4.0  1  1
		  3    3  3719.67  3719.67285    9938.836   4.0  1  1
		  3    3  3796.52  3796.52417    9935.199   4.0  1  1
		  3    3  3960.59  3960.58545    9927.325   4.0  1  1
		  4    4  2510.06  2510.06421    9831.669   4.0  1  1
		  4    4  2635.41   2635.4104    9826.449   4.0  1  1
		  4    4  2807.38  2807.37842    9819.178   4.0  1  1
		  4    4  2958.15  2958.15063    9812.697   4.0  1  1
		  4    4  3239.45  3239.44556    9800.363   4.0  1  1
		  4    4  3309.18  3309.17529    9797.245   4.0  1  1
		  4    4  3332.58  3332.57788      9796.2   4.0  1  1
		  4    4  3487.94  3487.94312    9789.511   4.0  1  1
		  4    4  3911.76  3911.75732    9769.535   4.0  1  1
	slope	0

# Sat 19:08:32 31-Jul-2004
begin	ecidentify refThAr_UVES_860_l_2048x4096
	id	refThAr_UVES_860_l_2048x4096
	task	ecidentify
	image	refThAr_UVES_860_l_2048x4096
	units	angstroms
	features	72
		  1    1  1590.51  1590.51294   10369.526   4.0  1  1
		  1    1  1874.31  1874.31104   10358.168   4.0  1  1
		  1    1  2096.72  2096.71948   10349.048   4.0  1  1
		  1    1  2839.30  2839.29688   10316.891   4.0  1  1
		  1    1  3024.59  3024.58789   10308.544   4.0  1  1
		  1    1  3177.08  3177.08325   10301.167   4.0  1  1
		  1    1  3567.50  3567.49609   10283.116   4.0  1  1
		  2    2    47.80  47.8048325    10250.68   4.0  1  1
		  2    2   156.26   156.26474   10247.557   4.0  1  1
		  2    2   506.25  506.251648   10236.028   4.0  1  1
		  2    2   864.30  864.302368   10223.658   4.0  1  1
		  2    2  1010.31   1010.3136   10218.433   4.0  1  1
		  2    2  1124.67   1124.6687   10214.438   4.0  1  1
		  2    2  1199.79  1199.78833   10211.533   4.0  1  1
		  2    2  1803.80  1803.80054   10188.416   4.0  1  1
		  2    2  1901.12  1901.12085   10184.539   4.0  1  1
		  2    2  1998.66  1998.66443   10180.594   4.0  1  1
		  2    2  2050.03  2050.02637    10178.52   4.0  1  1
		  2    2  2135.78  2135.78027   10175.008   4.0  1  1
		  2    2  2856.11  2856.11499   10144.265   4.0  1  1
		  2    2  2921.02    2921.021   10141.397   4.0  1  1
		  2    2  2942.63  2942.63037   10140.431   4.0  1  1
		  2    2  3014.86  3014.86157   10137.387   4.0  1  1
		  2    2  3095.41  3095.40967   10133.566   4.0  1  1
		  2    2  3434.15   3434.1543    10117.99   4.0  1  1
		  2    2  3570.26  3570.26196   10111.874   4.0  1  1
		  2    2  4035.03  4035.03198   10089.135   4.0  1  1
		  3    3    24.05  24.0482903   10083.785   4.0  1  1
		  3    3    53.36  53.3560219   10082.879   4.0  1  1
		  3    3   158.63  158.627441   10079.541   4.0  1  1
		  3    3  1093.09  1093.08569   10048.036   4.0  1  1
		  3    3  1168.81  1168.80811   10045.313   4.0  1  1
		  3    3  1331.48  1331.48206   10039.364   4.0  1  1
		  3    3  1392.10  1392.09668   10037.119   4.0  1  1
		  3    3  1496.31  1496.31201   10033.222   4.0  1  1
		  3    3  2057.81   2057.8125   10011.396   4.0  1  1
		  3    3  2484.90  2484.90332    9993.863   4.0  1  1
		  3    3  2632.37   2632.3728    9987.635   4.0  1  1
		  3    3  2692.85  2692.84839     9985.05   4.0  1  1
		  3    3  2931.92   2931.9165    9974.689   4.0  1  1
		  3    3  3027.77  3027.77295    9970.463   4.0  1  1
		  3    3  3184.03  3184.03467    9963.491   4.0  1  1
		  3    3  3629.66  3629.66455    9943.064   4.0  1  1
		  3    3  3719.67  3719.67285    9938.836   4.0  1  1
		  3    3  3796.52  3796.52417    9935.199   4.0  1  1
		  3    3  3960.59  3960.58545    9927.325   4.0  1  1
		  4    4   187.93  187.933945     9916.12   4.0  1  1
		  4    4   313.78  313.779816    9912.199   4.0  1  1
		  4    4   460.08  460.083557    9907.472   4.0  1  1
		  4    4   616.19  616.194031    9902.356   4.0  1  1
		  4    4   735.78  735.775757    9898.354   4.0  1  1
		  4    4   804.04  804.043518    9896.048   4.0  1  1
		  4    4  1432.24  1432.23694    9873.815   4.0  1  1
		  4    4  1464.22  1464.22107     9872.63   4.0  1  1
		  4    4  1481.49  1481.49329    9871.995   4.0  1  1
		  4    4  1564.04  1564.03943    9868.921   4.0  1  1
		  4    4  1591.81  1591.81372    9867.891   4.0  1  1
		  4    4  1656.87  1656.87061    9865.449   4.0  1  1
		  4    4  1679.14  1679.14075    9864.598   4.0  1  1
		  4    4  1910.27  1910.26672    9855.742   4.0  1  1
		  4    4  2165.51  2165.50659    9845.684   4.0  1  1
		  4    4  2284.09  2284.08789    9840.917   4.0  1  1
		  4    4  2467.68  2467.68457    9833.423   4.0  1  1
		  4    4  2510.06  2510.06421    9831.669   4.0  1  1
		  4    4  2635.41   2635.4104    9826.449   4.0  1  1
		  4    4  2807.38  2807.37842    9819.178   4.0  1  1
		  4    4  2958.15  2958.15063    9812.697   4.0  1  1
		  4    4  3239.45  3239.44556    9800.363   4.0  1  1
		  4    4  3309.18  3309.17529    9797.245   4.0  1  1
		  4    4  3332.58  3332.57788      9796.2   4.0  1  1
		  4    4  3487.94  3487.94312    9789.511   4.0  1  1
		  4    4  3911.76  3911.75732    9769.535   4.0  1  1
	slope	0

# Sat 19:14:45 31-Jul-2004
begin	ecidentify refThAr_UVES_860_l_2048x4096
	id	refThAr_UVES_860_l_2048x4096
	task	ecidentify
	image	refThAr_UVES_860_l_2048x4096
	units	angstroms
	features	93
		  1    1  1590.51  1590.51294   10369.526   4.0  1  1
		  1    1  1874.31  1874.31104   10358.168   4.0  1  1
		  1    1  2096.72  2096.71948   10349.048   4.0  1  1
		  1    1  2839.30  2839.29688   10316.891   4.0  1  1
		  1    1  3024.59  3024.58789   10308.544   4.0  1  1
		  1    1  3177.08  3177.08325   10301.167   4.0  1  1
		  1    1  3567.50  3567.49609   10283.116   4.0  1  1
		  2    2    47.80  47.8048325    10250.68   4.0  1  1
		  2    2   156.26   156.26474   10247.557   4.0  1  1
		  2    2   506.25  506.251648   10236.028   4.0  1  1
		  2    2   864.30  864.302368   10223.658   4.0  1  1
		  2    2  1010.31   1010.3136   10218.433   4.0  1  1
		  2    2  1124.67   1124.6687   10214.438   4.0  1  1
		  2    2  1199.79  1199.78833   10211.533   4.0  1  1
		  2    2  1803.80  1803.80054   10188.416   4.0  1  1
		  2    2  1901.12  1901.12085   10184.539   4.0  1  1
		  2    2  1998.66  1998.66443   10180.594   4.0  1  1
		  2    2  2050.03  2050.02637    10178.52   4.0  1  1
		  2    2  2135.78  2135.78027   10175.008   4.0  1  1
		  2    2  2856.11  2856.11499   10144.265   4.0  1  1
		  2    2  2921.02    2921.021   10141.397   4.0  1  1
		  2    2  2942.63  2942.63037   10140.431   4.0  1  1
		  2    2  3014.86  3014.86157   10137.387   4.0  1  1
		  2    2  3095.41  3095.40967   10133.566   4.0  1  1
		  2    2  3434.15   3434.1543    10117.99   4.0  1  1
		  2    2  3570.26  3570.26196   10111.874   4.0  1  1
		  2    2  4035.03  4035.03198   10089.135   4.0  1  1
		  3    3    24.05  24.0482903   10083.785   4.0  1  1
		  3    3    53.36  53.3560219   10082.879   4.0  1  1
		  3    3   158.63  158.627441   10079.541   4.0  1  1
		  3    3  1093.09  1093.08569   10048.036   4.0  1  1
		  3    3  1168.81  1168.80811   10045.313   4.0  1  1
		  3    3  1331.48  1331.48206   10039.364   4.0  1  1
		  3    3  1392.10  1392.09668   10037.119   4.0  1  1
		  3    3  1496.31  1496.31201   10033.222   4.0  1  1
		  3    3  2057.81   2057.8125   10011.396   4.0  1  1
		  3    3  2484.90  2484.90332    9993.863   4.0  1  1
		  3    3  2632.37   2632.3728    9987.635   4.0  1  1
		  3    3  2692.85  2692.84839     9985.05   4.0  1  1
		  3    3  2931.92   2931.9165    9974.689   4.0  1  1
		  3    3  3027.77  3027.77295    9970.463   4.0  1  1
		  3    3  3184.03  3184.03467    9963.491   4.0  1  1
		  3    3  3629.66  3629.66455    9943.064   4.0  1  1
		  3    3  3719.67  3719.67285    9938.836   4.0  1  1
		  3    3  3796.52  3796.52417    9935.199   4.0  1  1
		  3    3  3960.59  3960.58545    9927.325   4.0  1  1
		  4    4   187.93  187.933945     9916.12   4.0  1  1
		  4    4   313.78  313.779816    9912.199   4.0  1  1
		  4    4   460.08  460.083557    9907.472   4.0  1  1
		  4    4   616.19  616.194031    9902.356   4.0  1  1
		  4    4   735.78  735.775757    9898.354   4.0  1  1
		  4    4   804.04  804.043518    9896.048   4.0  1  1
		  4    4  1432.24  1432.23694    9873.815   4.0  1  1
		  4    4  1464.22  1464.22107     9872.63   4.0  1  1
		  4    4  1481.49  1481.49329    9871.995   4.0  1  1
		  4    4  1564.04  1564.03943    9868.921   4.0  1  1
		  4    4  1591.81  1591.81372    9867.891   4.0  1  1
		  4    4  1656.87  1656.87061    9865.449   4.0  1  1
		  4    4  1679.14  1679.14075    9864.598   4.0  1  1
		  4    4  1910.27  1910.26672    9855.742   4.0  1  1
		  4    4  2165.51  2165.50659    9845.684   4.0  1  1
		  4    4  2284.09  2284.08789    9840.917   4.0  1  1
		  4    4  2467.68  2467.68457    9833.423   4.0  1  1
		  4    4  2510.06  2510.06421    9831.669   4.0  1  1
		  4    4  2635.41   2635.4104    9826.449   4.0  1  1
		  4    4  2807.38  2807.37842    9819.178   4.0  1  1
		  4    4  2958.15  2958.15063    9812.697   4.0  1  1
		  4    4  3239.45  3239.44556    9800.363   4.0  1  1
		  4    4  3309.18  3309.17529    9797.245   4.0  1  1
		  4    4  3332.58  3332.57788      9796.2   4.0  1  1
		  4    4  3487.94  3487.94312    9789.511   4.0  1  1
		  4    4  3911.76  3911.75732    9769.535   4.0  1  1
		  5    5   240.12  240.123642     9757.22   4.0  1  1
		  5    5   356.23   356.23053    9753.592   4.0  1  1
		  5    5   578.76  578.763794    9746.463   4.0  1  1
		  5    5   670.18  670.175049    9743.562   4.0  1  1
		  5    5   887.81  887.814087    9736.213   4.0  1  1
		  5    5  1394.77  1394.77136    9718.492   4.0  1  1
		  5    5  1459.81  1459.80542    9716.142   4.0  1  1
		  5    5  2022.90  2022.90039    9695.031   4.0  1  1
		  5    5  2480.87  2480.86548    9676.836   4.0  1  1
		  5    5  2531.02  2531.01611    9674.791   4.0  1  1
		  5    5  2775.13  2775.13257   9664.6983   4.0  1  1
		  5    5  2799.81  2799.80786    9663.644   4.0  1  1
		  5    5  3273.59  3273.59253    9643.319   4.0  1  1
		  5    5  3292.78   3292.7771    9642.478   4.0  1  1
		  5    5  3514.09   3514.0874   9632.6439   4.0  1  1
		  5    5  3553.99  3553.99438    9630.744   4.0  1  1
		  5    5  3582.39  3582.38794   9629.5693   4.0  1  1
		  5    5  3624.28  3624.28418    9627.671   4.0  1  1
		  5    5  3678.73  3678.73169    9625.198   4.0  1  1
		  5    5  3770.45  3770.45313    9620.995   4.0  1  1
		  5    5  3801.28  3801.27954    9619.218   4.0  1  1
	slope	0

# Sat 19:22:46 31-Jul-2004
begin	ecidentify refThAr_UVES_860_l_2048x4096
	id	refThAr_UVES_860_l_2048x4096
	task	ecidentify
	image	refThAr_UVES_860_l_2048x4096
	units	angstroms
	features	100
		  1    1  1590.51  1590.51294   10369.526   4.0  1  1
		  1    1  1874.31  1874.31104   10358.168   4.0  1  1
		  1    1  2096.72  2096.71948   10349.048   4.0  1  1
		  1    1  2839.30  2839.29688   10316.891   4.0  1  1
		  1    1  3024.59  3024.58789   10308.544   4.0  1  1
		  1    1  3177.08  3177.08325   10301.167   4.0  1  1
		  1    1  3567.50  3567.49609   10283.116   4.0  1  1
		  2    2    47.80  47.8048325    10250.68   4.0  1  1
		  2    2   156.26   156.26474   10247.557   4.0  1  1
		  2    2   506.25  506.251648   10236.028   4.0  1  1
		  2    2   864.30  864.302368   10223.658   4.0  1  1
		  2    2  1010.31   1010.3136   10218.433   4.0  1  1
		  2    2  1124.67   1124.6687   10214.438   4.0  1  1
		  2    2  1199.79  1199.78833   10211.533   4.0  1  1
		  2    2  1803.80  1803.80054   10188.416   4.0  1  1
		  2    2  1901.12  1901.12085   10184.539   4.0  1  1
		  2    2  1998.66  1998.66443   10180.594   4.0  1  1
		  2    2  2050.03  2050.02637    10178.52   4.0  1  1
		  2    2  2135.78  2135.78027   10175.008   4.0  1  1
		  2    2  2856.11  2856.11499   10144.265   4.0  1  1
		  2    2  2921.02    2921.021   10141.397   4.0  1  1
		  2    2  2942.63  2942.63037   10140.431   4.0  1  1
		  2    2  3014.86  3014.86157   10137.387   4.0  1  1
		  2    2  3095.41  3095.40967   10133.566   4.0  1  1
		  2    2  3434.15   3434.1543    10117.99   4.0  1  1
		  2    2  3570.26  3570.26196   10111.874   4.0  1  1
		  2    2  4035.03  4035.03198   10089.135   4.0  1  1
		  3    3    24.05  24.0482903   10083.785   4.0  1  1
		  3    3    53.36  53.3560219   10082.879   4.0  1  1
		  3    3   158.63  158.627441   10079.541   4.0  1  1
		  3    3  1093.09  1093.08569   10048.036   4.0  1  1
		  3    3  1168.81  1168.80811   10045.313   4.0  1  1
		  3    3  1331.48  1331.48206   10039.364   4.0  1  1
		  3    3  1392.10  1392.09668   10037.119   4.0  1  1
		  3    3  1496.31  1496.31201   10033.222   4.0  1  1
		  3    3  2057.81   2057.8125   10011.396   4.0  1  1
		  3    3  2484.90  2484.90332    9993.863   4.0  1  1
		  3    3  2632.37   2632.3728    9987.635   4.0  1  1
		  3    3  2692.85  2692.84839     9985.05   4.0  1  1
		  3    3  2931.92   2931.9165    9974.689   4.0  1  1
		  3    3  3027.77  3027.77295    9970.463   4.0  1  1
		  3    3  3184.03  3184.03467    9963.491   4.0  1  1
		  3    3  3629.66  3629.66455    9943.064   4.0  1  1
		  3    3  3719.67  3719.67285    9938.836   4.0  1  1
		  3    3  3796.52  3796.52417    9935.199   4.0  1  1
		  3    3  3960.59  3960.58545    9927.325   4.0  1  1
		  4    4   187.93  187.933945     9916.12   4.0  1  1
		  4    4   313.78  313.779816    9912.199   4.0  1  1
		  4    4   460.08  460.083557    9907.472   4.0  1  1
		  4    4   616.19  616.194031    9902.356   4.0  1  1
		  4    4   735.78  735.775757    9898.354   4.0  1  1
		  4    4   804.04  804.043518    9896.048   4.0  1  1
		  4    4  1432.24  1432.23694    9873.815   4.0  1  1
		  4    4  1464.22  1464.22107     9872.63   4.0  1  1
		  4    4  1481.49  1481.49329    9871.995   4.0  1  1
		  4    4  1564.04  1564.03943    9868.921   4.0  1  1
		  4    4  1591.81  1591.81372    9867.891   4.0  1  1
		  4    4  1656.87  1656.87061    9865.449   4.0  1  1
		  4    4  1679.14  1679.14075    9864.598   4.0  1  1
		  4    4  1910.27  1910.26672    9855.742   4.0  1  1
		  4    4  2165.51  2165.50659    9845.684   4.0  1  1
		  4    4  2284.09  2284.08789    9840.917   4.0  1  1
		  4    4  2467.68  2467.68457    9833.423   4.0  1  1
		  4    4  2510.06  2510.06421    9831.669   4.0  1  1
		  4    4  2635.41   2635.4104    9826.449   4.0  1  1
		  4    4  2807.38  2807.37842    9819.178   4.0  1  1
		  4    4  2958.15  2958.15063    9812.697   4.0  1  1
		  4    4  3239.45  3239.44556    9800.363   4.0  1  1
		  4    4  3309.18  3309.17529    9797.245   4.0  1  1
		  4    4  3332.58  3332.57788      9796.2   4.0  1  1
		  4    4  3487.94  3487.94312    9789.511   4.0  1  1
		  4    4  3911.76  3911.75732    9769.535   4.0  1  1
		  5    5   240.12  240.123642     9757.22   4.0  1  1
		  5    5   356.23   356.23053    9753.592   4.0  1  1
		  5    5   578.76  578.763794    9746.463   4.0  1  1
		  5    5   670.18  670.175049    9743.562   4.0  1  1
		  5    5   887.81  887.814087    9736.213   4.0  1  1
		  5    5  1394.77  1394.77136    9718.492   4.0  1  1
		  5    5  1459.81  1459.80542    9716.142   4.0  1  1
		  5    5  2022.90  2022.90039    9695.031   4.0  1  1
		  5    5  2480.87  2480.86548    9676.836   4.0  1  1
		  5    5  2531.02  2531.01611    9674.791   4.0  1  1
		  5    5  2775.13  2775.13257   9664.6983   4.0  1  1
		  5    5  2799.81  2799.80786    9663.644   4.0  1  1
		  5    5  3273.59  3273.59253    9643.319   4.0  1  1
		  5    5  3292.78   3292.7771    9642.478   4.0  1  1
		  5    5  3514.09   3514.0874   9632.6439   4.0  1  1
		  5    5  3553.99  3553.99438    9630.744   4.0  1  1
		  5    5  3582.39  3582.38794   9629.5693   4.0  1  1
		  5    5  3624.28  3624.28418    9627.671   4.0  1  1
		  5    5  3678.73  3678.73169    9625.198   4.0  1  1
		  5    5  3770.45  3770.45313    9620.995   4.0  1  1
		  5    5  3801.28  3801.27954    9619.218   4.0  1  1
		  6    6   119.16  119.159615    9608.486   4.0  1  1
		  6    6  1089.30  1089.30188   9577.3475   4.0  1  1
		  6    6  1910.78  1910.77698   9548.0303   4.0  1  1
		  6    6  2921.13  2921.13232   9507.6525   4.0  1  1
		  6    6  3770.32   3770.3186   9470.6819   4.0  1  1
		  7    7  2186.49  2186.49292   9390.5852   4.0  1  1
		  7    7  3931.62  3931.61792   9317.7296   4.0  1  1
	slope	0

# Sat 19:34:06 31-Jul-2004
begin	ecidentify refThAr_UVES_860_l_2048x4096
	id	refThAr_UVES_860_l_2048x4096
	task	ecidentify
	image	refThAr_UVES_860_l_2048x4096
	units	angstroms
	features	111
		  1    1  1590.51  1590.51294   10369.526   4.0  1  1
		  1    1  1874.31  1874.31104   10358.168   4.0  1  1
		  1    1  2096.72  2096.71948   10349.048   4.0  1  1
		  1    1  2839.30  2839.29688   10316.891   4.0  1  1
		  1    1  3024.59  3024.58789   10308.544   4.0  1  1
		  1    1  3177.08  3177.08325   10301.167   4.0  1  1
		  1    1  3567.50  3567.49609   10283.116   4.0  1  1
		  2    2    47.80  47.8048325    10250.68   4.0  1  1
		  2    2   156.26   156.26474   10247.557   4.0  1  1
		  2    2   506.25  506.251648   10236.028   4.0  1  1
		  2    2   864.30  864.302368   10223.658   4.0  1  1
		  2    2  1010.31   1010.3136   10218.433   4.0  1  1
		  2    2  1124.67   1124.6687   10214.438   4.0  1  1
		  2    2  1199.79  1199.78833   10211.533   4.0  1  1
		  2    2  1803.80  1803.80054   10188.416   4.0  1  1
		  2    2  1901.12  1901.12085   10184.539   4.0  1  1
		  2    2  1998.66  1998.66443   10180.594   4.0  1  1
		  2    2  2050.03  2050.02637    10178.52   4.0  1  1
		  2    2  2135.78  2135.78027   10175.008   4.0  1  1
		  2    2  2856.11  2856.11499   10144.265   4.0  1  1
		  2    2  2921.02    2921.021   10141.397   4.0  1  1
		  2    2  2942.63  2942.63037   10140.431   4.0  1  1
		  2    2  3014.86  3014.86157   10137.387   4.0  1  1
		  2    2  3095.41  3095.40967   10133.566   4.0  1  1
		  2    2  3434.15   3434.1543    10117.99   4.0  1  1
		  2    2  3570.26  3570.26196   10111.874   4.0  1  1
		  2    2  4035.03  4035.03198   10089.135   4.0  1  1
		  3    3    24.05  24.0482903   10083.785   4.0  1  1
		  3    3    53.36  53.3560219   10082.879   4.0  1  1
		  3    3   158.63  158.627441   10079.541   4.0  1  1
		  3    3  1093.09  1093.08569   10048.036   4.0  1  1
		  3    3  1168.81  1168.80811   10045.313   4.0  1  1
		  3    3  1331.48  1331.48206   10039.364   4.0  1  1
		  3    3  1392.10  1392.09668   10037.119   4.0  1  1
		  3    3  1496.31  1496.31201   10033.222   4.0  1  1
		  3    3  2057.81   2057.8125   10011.396   4.0  1  1
		  3    3  2484.90  2484.90332    9993.863   4.0  1  1
		  3    3  2632.37   2632.3728    9987.635   4.0  1  1
		  3    3  2692.85  2692.84839     9985.05   4.0  1  1
		  3    3  2931.92   2931.9165    9974.689   4.0  1  1
		  3    3  3027.77  3027.77295    9970.463   4.0  1  1
		  3    3  3184.03  3184.03467    9963.491   4.0  1  1
		  3    3  3629.66  3629.66455    9943.064   4.0  1  1
		  3    3  3719.67  3719.67285    9938.836   4.0  1  1
		  3    3  3796.52  3796.52417    9935.199   4.0  1  1
		  3    3  3960.59  3960.58545    9927.325   4.0  1  1
		  4    4   187.93  187.933945     9916.12   4.0  1  1
		  4    4   313.78  313.779816    9912.199   4.0  1  1
		  4    4   460.08  460.083557    9907.472   4.0  1  1
		  4    4   616.19  616.194031    9902.356   4.0  1  1
		  4    4   735.78  735.775757    9898.354   4.0  1  1
		  4    4   804.04  804.043518    9896.048   4.0  1  1
		  4    4  1432.24  1432.23694    9873.815   4.0  1  1
		  4    4  1464.22  1464.22107     9872.63   4.0  1  1
		  4    4  1481.49  1481.49329    9871.995   4.0  1  1
		  4    4  1564.04  1564.03943    9868.921   4.0  1  1
		  4    4  1591.81  1591.81372    9867.891   4.0  1  1
		  4    4  1656.87  1656.87061    9865.449   4.0  1  1
		  4    4  1679.14  1679.14075    9864.598   4.0  1  1
		  4    4  1910.27  1910.26672    9855.742   4.0  1  1
		  4    4  2165.51  2165.50659    9845.684   4.0  1  1
		  4    4  2284.09  2284.08789    9840.917   4.0  1  1
		  4    4  2467.68  2467.68457    9833.423   4.0  1  1
		  4    4  2510.06  2510.06421    9831.669   4.0  1  1
		  4    4  2635.41   2635.4104    9826.449   4.0  1  1
		  4    4  2807.38  2807.37842    9819.178   4.0  1  1
		  4    4  2958.15  2958.15063    9812.697   4.0  1  1
		  4    4  3239.45  3239.44556    9800.363   4.0  1  1
		  4    4  3309.18  3309.17529    9797.245   4.0  1  1
		  4    4  3332.58  3332.57788      9796.2   4.0  1  1
		  4    4  3487.94  3487.94312    9789.511   4.0  1  1
		  4    4  3911.76  3911.75732    9769.535   4.0  1  1
		  5    5   240.12  240.123642     9757.22   4.0  1  1
		  5    5   356.23   356.23053    9753.592   4.0  1  1
		  5    5   578.76  578.763794    9746.463   4.0  1  1
		  5    5   670.18  670.175049    9743.562   4.0  1  1
		  5    5   887.81  887.814087    9736.213   4.0  1  1
		  5    5  1394.77  1394.77136    9718.492   4.0  1  1
		  5    5  1459.81  1459.80542    9716.142   4.0  1  1
		  5    5  2022.90  2022.90039    9695.031   4.0  1  1
		  5    5  2480.87  2480.86548    9676.836   4.0  1  1
		  5    5  2531.02  2531.01611    9674.791   4.0  1  1
		  5    5  2775.13  2775.13257   9664.6983   4.0  1  1
		  5    5  2799.81  2799.80786    9663.644   4.0  1  1
		  5    5  3273.59  3273.59253    9643.319   4.0  1  1
		  5    5  3292.78   3292.7771    9642.478   4.0  1  1
		  5    5  3514.09   3514.0874   9632.6439   4.0  1  1
		  5    5  3553.99  3553.99438    9630.744   4.0  1  1
		  5    5  3582.39  3582.38794   9629.5693   4.0  1  1
		  5    5  3624.28  3624.28418    9627.671   4.0  1  1
		  5    5  3678.73  3678.73169    9625.198   4.0  1  1
		  5    5  3770.45  3770.45313    9620.995   4.0  1  1
		  5    5  3801.28  3801.27954    9619.218   4.0  1  1
		  6    6   119.16  119.159615    9608.486   4.0  1  1
		  6    6  1089.30  1089.30188   9577.3475   4.0  1  1
		  6    6  1910.78  1910.77698   9548.0303   4.0  1  1
		  6    6  2921.13  2921.13232   9507.6525   4.0  1  1
		  6    6  3770.32   3770.3186   9470.6819   4.0  1  1
		  7    7   303.51  303.507446   9455.2023   4.0  1  1
		  7    7   885.77  885.766296   9436.8127   4.0  1  1
		  7    7  2186.49  2186.49292   9390.5852   4.0  1  1
		  7    7  3516.86   3516.8645   9336.1624   4.0  1  1
		  7    7  3931.62  3931.61792   9317.7296   4.0  1  1
		  8    8    28.21  28.2148533    9320.071   4.0  1  1
		  8    8   693.98  693.984619   9300.0131   4.0  1  1
		  8    8  2422.78  2422.78296   9239.3261   4.0  1  1
		  8    8  3881.84   3881.8396   9178.7795   4.0  1  1
		  9    9   106.72  106.717186   9178.7795   4.0  1  1
		  9    9  1333.04  1333.04272   9140.5559   4.0  1  1
		  9    9  2432.59  2432.58569    9101.083   4.0  1  1
		  9    9  3970.51  3970.50854   9037.8938   4.0  1  1
	slope	0

# Sat 19:41:11 31-Jul-2004
begin	ecidentify refThAr_UVES_860_l_2048x4096
	id	refThAr_UVES_860_l_2048x4096
	task	ecidentify
	image	refThAr_UVES_860_l_2048x4096
	units	angstroms
	features	125
		  1    1  1590.51  1590.51294   10369.526   4.0  1  1
		  1    1  1874.31  1874.31104   10358.168   4.0  1  1
		  1    1  2096.72  2096.71948   10349.048   4.0  1  1
		  1    1  2839.30  2839.29688   10316.891   4.0  1  1
		  1    1  3024.59  3024.58789   10308.544   4.0  1  1
		  1    1  3177.08  3177.08325   10301.167   4.0  1  1
		  1    1  3567.50  3567.49609   10283.116   4.0  1  1
		  2    2    47.80  47.8048325    10250.68   4.0  1  1
		  2    2   156.26   156.26474   10247.557   4.0  1  1
		  2    2   506.25  506.251648   10236.028   4.0  1  1
		  2    2   864.30  864.302368   10223.658   4.0  1  1
		  2    2  1010.31   1010.3136   10218.433   4.0  1  1
		  2    2  1124.67   1124.6687   10214.438   4.0  1  1
		  2    2  1199.79  1199.78833   10211.533   4.0  1  1
		  2    2  1803.80  1803.80054   10188.416   4.0  1  1
		  2    2  1901.12  1901.12085   10184.539   4.0  1  1
		  2    2  1998.66  1998.66443   10180.594   4.0  1  1
		  2    2  2050.03  2050.02637    10178.52   4.0  1  1
		  2    2  2135.78  2135.78027   10175.008   4.0  1  1
		  2    2  2856.11  2856.11499   10144.265   4.0  1  1
		  2    2  2921.02    2921.021   10141.397   4.0  1  1
		  2    2  2942.63  2942.63037   10140.431   4.0  1  1
		  2    2  3014.86  3014.86157   10137.387   4.0  1  1
		  2    2  3095.41  3095.40967   10133.566   4.0  1  1
		  2    2  3434.15   3434.1543    10117.99   4.0  1  1
		  2    2  3570.26  3570.26196   10111.874   4.0  1  1
		  2    2  4035.03  4035.03198   10089.135   4.0  1  1
		  3    3    24.05  24.0482903   10083.785   4.0  1  1
		  3    3    53.36  53.3560219   10082.879   4.0  1  1
		  3    3   158.63  158.627441   10079.541   4.0  1  1
		  3    3  1093.09  1093.08569   10048.036   4.0  1  1
		  3    3  1168.81  1168.80811   10045.313   4.0  1  1
		  3    3  1331.48  1331.48206   10039.364   4.0  1  1
		  3    3  1392.10  1392.09668   10037.119   4.0  1  1
		  3    3  1496.31  1496.31201   10033.222   4.0  1  1
		  3    3  2057.81   2057.8125   10011.396   4.0  1  1
		  3    3  2484.90  2484.90332    9993.863   4.0  1  1
		  3    3  2632.37   2632.3728    9987.635   4.0  1  1
		  3    3  2692.85  2692.84839     9985.05   4.0  1  1
		  3    3  2931.92   2931.9165    9974.689   4.0  1  1
		  3    3  3027.77  3027.77295    9970.463   4.0  1  1
		  3    3  3184.03  3184.03467    9963.491   4.0  1  1
		  3    3  3629.66  3629.66455    9943.064   4.0  1  1
		  3    3  3719.67  3719.67285    9938.836   4.0  1  1
		  3    3  3796.52  3796.52417    9935.199   4.0  1  1
		  3    3  3960.59  3960.58545    9927.325   4.0  1  1
		  4    4   187.93  187.933945     9916.12   4.0  1  1
		  4    4   313.78  313.779816    9912.199   4.0  1  1
		  4    4   460.08  460.083557    9907.472   4.0  1  1
		  4    4   616.19  616.194031    9902.356   4.0  1  1
		  4    4   735.78  735.775757    9898.354   4.0  1  1
		  4    4   804.04  804.043518    9896.048   4.0  1  1
		  4    4  1432.24  1432.23694    9873.815   4.0  1  1
		  4    4  1464.22  1464.22107     9872.63   4.0  1  1
		  4    4  1481.49  1481.49329    9871.995   4.0  1  1
		  4    4  1564.04  1564.03943    9868.921   4.0  1  1
		  4    4  1591.81  1591.81372    9867.891   4.0  1  1
		  4    4  1656.87  1656.87061    9865.449   4.0  1  1
		  4    4  1679.14  1679.14075    9864.598   4.0  1  1
		  4    4  1910.27  1910.26672    9855.742   4.0  1  1
		  4    4  2165.51  2165.50659    9845.684   4.0  1  1
		  4    4  2284.09  2284.08789    9840.917   4.0  1  1
		  4    4  2467.68  2467.68457    9833.423   4.0  1  1
		  4    4  2510.06  2510.06421    9831.669   4.0  1  1
		  4    4  2635.41   2635.4104    9826.449   4.0  1  1
		  4    4  2807.38  2807.37842    9819.178   4.0  1  1
		  4    4  2958.15  2958.15063    9812.697   4.0  1  1
		  4    4  3239.45  3239.44556    9800.363   4.0  1  1
		  4    4  3309.18  3309.17529    9797.245   4.0  1  1
		  4    4  3332.58  3332.57788      9796.2   4.0  1  1
		  4    4  3487.94  3487.94312    9789.511   4.0  1  1
		  4    4  3911.76  3911.75732    9769.535   4.0  1  1
		  5    5   240.12  240.123642     9757.22   4.0  1  1
		  5    5   356.23   356.23053    9753.592   4.0  1  1
		  5    5   578.76  578.763794    9746.463   4.0  1  1
		  5    5   670.18  670.175049    9743.562   4.0  1  1
		  5    5   887.81  887.814087    9736.213   4.0  1  1
		  5    5  1394.77  1394.77136    9718.492   4.0  1  1
		  5    5  1459.81  1459.80542    9716.142   4.0  1  1
		  5    5  2022.90  2022.90039    9695.031   4.0  1  1
		  5    5  2480.87  2480.86548    9676.836   4.0  1  1
		  5    5  2531.02  2531.01611    9674.791   4.0  1  1
		  5    5  2775.13  2775.13257   9664.6983   4.0  1  1
		  5    5  2799.81  2799.80786    9663.644   4.0  1  1
		  5    5  3273.59  3273.59253    9643.319   4.0  1  1
		  5    5  3292.78   3292.7771    9642.478   4.0  1  1
		  5    5  3514.09   3514.0874   9632.6439   4.0  1  1
		  5    5  3553.99  3553.99438    9630.744   4.0  1  1
		  5    5  3582.39  3582.38794   9629.5693   4.0  1  1
		  5    5  3624.28  3624.28418    9627.671   4.0  1  1
		  5    5  3678.73  3678.73169    9625.198   4.0  1  1
		  5    5  3770.45  3770.45313    9620.995   4.0  1  1
		  5    5  3801.28  3801.27954    9619.218   4.0  1  1
		  6    6   119.16  119.159615    9608.486   4.0  1  1
		  6    6  1089.30  1089.30188   9577.3475   4.0  1  1
		  6    6  1910.78  1910.77698   9548.0303   4.0  1  1
		  6    6  2921.13  2921.13232   9507.6525   4.0  1  1
		  6    6  3770.32   3770.3186   9470.6819   4.0  1  1
		  7    7   303.51  303.507446   9455.2023   4.0  1  1
		  7    7   885.77  885.766296   9436.8127   4.0  1  1
		  7    7  2186.49  2186.49292   9390.5852   4.0  1  1
		  7    7  3516.86   3516.8645   9336.1624   4.0  1  1
		  7    7  3931.62  3931.61792   9317.7296   4.0  1  1
		  8    8    28.21  28.2148533    9320.071   4.0  1  1
		  8    8   693.98  693.984619   9300.0131   4.0  1  1
		  8    8  2422.78  2422.78296   9239.3261   4.0  1  1
		  8    8  3881.84   3881.8396   9178.7795   4.0  1  1
		  9    9   106.72  106.717186   9178.7795   4.0  1  1
		  9    9  1333.04  1333.04272   9140.5559   4.0  1  1
		  9    9  2432.59  2432.58569    9101.083   4.0  1  1
		  9    9  3970.51  3970.50854   9037.8938   4.0  1  1
		 10   10    53.18  53.1788483   9045.3532   4.0  1  1
		 10   10  1941.01  1941.01025   8985.2808   4.0  1  1
		 10   10  3092.54  3092.53589   8941.6608   4.0  1  1
		 10   10  3834.89  3834.88623   8910.8566   4.0  1  1
		 11   11   108.30  108.302979    8912.773   4.0  1  1
		 11   11   177.13   177.13382   8910.8566   4.0  1  1
		 11   11  1771.36  1771.35815    8860.976   4.0  1  1
		 11   11  2637.33  2637.33008   8829.6938   4.0  1  1
		 11   11  3979.27    3979.271   8775.5733   4.0  1  1
		 12   12   209.04  209.043945   8782.7156   4.0  1  1
		 12   12  2062.35  2062.35034   8724.3761   4.0  1  1
		 12   12  2703.09  2703.09009   8701.1209   4.0  1  1
		 12   12  2960.68  2960.67529    8691.335   4.0  1  1
		 12   12  3844.72  3844.71826    8655.876   4.0  1  1
	slope	0

# Sat 19:42:44 31-Jul-2004
begin	ecidentify refThAr_UVES_860_l_2048x4096
	id	refThAr_UVES_860_l_2048x4096
	task	ecidentify
	image	refThAr_UVES_860_l_2048x4096
	units	angstroms
	features	197
		  1   58  1590.51  10369.5235   10369.526   4.0  1  1
		  1   58  1874.31  10358.1875   10358.168   4.0  1  1
		  1   58  2096.72  10349.0497   10349.048   4.0  1  1
		  1   58  3024.59  10308.5499   10308.544   4.0  1  1
		  1   58  3567.50  10283.1002   10283.116   4.0  1  1
		  2   59   156.26    10247.56   10247.557   4.0  1  1
		  2   59   506.25  10236.0296   10236.028   4.0  1  1
		  2   59   864.30  10223.6509   10223.658   4.0  1  1
		  2   59  1010.31  10218.4349   10218.433   4.0  1  1
		  2   59  1199.79  10211.5221   10211.533   4.0  1  1
		  2   59  1803.80  10188.4066   10188.416   4.0  1  1
		  2   59  1901.12  10184.5297   10184.539   4.0  1  1
		  2   59  1998.66  10180.6017   10180.594   4.0  1  1
		  2   59  2050.03  10178.5165    10178.52   4.0  1  1
		  2   59  2135.78  10175.0091   10175.008   4.0  1  1
		  2   59  2856.11  10144.2739   10144.265   4.0  1  1
		  2   59  2921.02  10141.3936   10141.397   4.0  1  1
		  2   59  2942.63  10140.4306   10140.431   4.0  1  1
		  2   59  3095.41  10133.5649   10133.566   4.0  1  1
		  2   59  3434.15  10117.9849    10117.99   4.0  1  1
		  2   59  4035.03  10089.1494   10089.135   4.0  1  1
		  3   60    24.05   10083.788   10083.785   4.0  1  1
		  3   60    53.36   10082.877   10082.879   4.0  1  1
		  3   60  1093.09  10048.0351   10048.036   4.0  1  1
		  3   60  1168.81  10045.3076   10045.313   4.0  1  1
		  3   60  1331.48   10039.362   10039.364   4.0  1  1
		  3   60  1392.10  10037.1165   10037.119   4.0  1  1
		  3   60  1496.31  10033.2178   10033.222   4.0  1  1
		  3   60  2057.81  10011.3903   10011.396   4.0  1  1
		  3   60  2484.90  9993.86824    9993.863   4.0  1  1
		  3   60  2632.37  9987.63538    9987.635   4.0  1  1
		  3   60  2692.85  9985.05239     9985.05   4.0  1  1
		  3   60  2931.92  9974.68857    9974.689   4.0  1  1
		  3   60  3027.77  9970.46479    9970.463   4.0  1  1
		  3   60  3184.03  9963.49588    9963.491   4.0  1  1
		  3   60  3629.66  9943.05715    9943.064   4.0  1  1
		  3   60  3719.67  9938.82808    9938.836   4.0  1  1
		  3   60  3796.52  9935.19052    9935.199   4.0  1  1
		  3   60  3960.59  9927.34313    9927.325   4.0  1  1
		  4   61   313.78  9912.18979    9912.199   4.0  1  1
		  4   61   460.08  9907.48521    9907.472   4.0  1  1
		  4   61   616.19  9902.35988    9902.356   4.0  1  1
		  4   61   735.78  9898.36049    9898.354   4.0  1  1
		  4   61   804.04  9896.04884    9896.048   4.0  1  1
		  4   61  1432.24  9873.81338    9873.815   4.0  1  1
		  4   61  1464.22  9872.63505     9872.63   4.0  1  1
		  4   61  1481.49  9871.99687    9871.995   4.0  1  1
		  4   61  1564.04    9868.929    9868.921   4.0  1  1
		  4   61  1591.81   9867.8901    9867.891   4.0  1  1
		  4   61  1656.87  9865.44355    9865.449   4.0  1  1
		  4   61  1679.14  9864.60184    9864.598   4.0  1  1
		  4   61  1910.27   9855.7398    9855.742   4.0  1  1
		  4   61  2165.51  9845.68618    9845.684   4.0  1  1
		  4   61  2284.09  9840.92055    9840.917   4.0  1  1
		  4   61  2467.68  9833.42394    9833.423   4.0  1  1
		  4   61  2510.06  9831.67317    9831.669   4.0  1  1
		  4   61  2635.41  9826.45044    9826.449   4.0  1  1
		  4   61  2807.38   9819.1773    9819.178   4.0  1  1
		  4   61  2958.15  9812.69837    9812.697   4.0  1  1
		  4   61  3239.45   9800.3567    9800.363   4.0  1  1
		  4   61  3309.18  9797.24643    9797.245   4.0  1  1
		  4   61  3332.58  9796.19804      9796.2   4.0  1  1
		  4   61  3911.76  9769.53298    9769.535   4.0  1  1
		  5   62   240.12  9757.21826     9757.22   4.0  1  1
		  5   62   356.23  9753.58822    9753.592   4.0  1  1
		  5   62   578.76  9746.46474    9746.463   4.0  1  1
		  5   62   887.81  9736.21176    9736.213   4.0  1  1
		  5   62  1394.77  9718.49439    9718.492   4.0  1  1
		  5   62  1459.81  9716.14134    9716.142   4.0  1  1
		  5   62  2022.90  9695.01236    9695.031   4.0  1  1
		  5   62  2480.87  9676.83904    9676.836   4.0  1  1
		  5   62  2531.02  9674.79553    9674.791   4.0  1  1
		  5   62  2775.13  9664.69885   9664.6983   4.0  1  1
		  5   62  2799.81  9663.66451    9663.644   4.0  1  1
		  5   62  3273.59  9643.31736    9643.319   4.0  1  1
		  5   62  3292.78  9642.47405    9642.478   4.0  1  1
		  5   62  3514.09  9632.63718   9632.6439   4.0  1  1
		  5   62  3582.39   9629.5611   9629.5693   4.0  1  1
		  5   62  3624.28  9627.66485    9627.671   4.0  1  1
		  5   62  3678.73  9625.18989    9625.198   4.0  1  1
		  5   62  3770.45  9620.99351    9620.995   4.0  1  1
		  6   63   119.16  9608.48779    9608.486   4.0  1  1
		  6   63  1089.30   9577.3388   9577.3475   4.0  1  1
		  6   63  1546.89  9561.24701   9561.2452   4.0  1  1
		  6   63  2228.11   9535.6585   9535.6566   4.0  1  1
		  6   63  2901.97  9508.45482   9508.4513   4.0  1  1
		  6   63  2921.13  9507.65403   9507.6525   4.0  1  1
		  6   63  2974.98  9505.39597    9505.393   4.0  1  1
		  6   63  3168.36  9497.18888   9497.1891   4.0  1  1
		  6   63  3207.73  9495.49941   9495.4979   4.0  1  1
		  6   63  3677.21   9474.8736   9474.8793   4.0  1  1
		  6   63  3770.32  9470.67835   9470.6819   4.0  1  1
		  6   63  3847.01  9467.19682   9467.1954   4.0  1  1
		  6   63  3981.33  9461.04283   9461.0279   4.0  1  1
		  7   64   108.90  9461.02877   9461.0279   4.0  1  1
		  7   64   303.51  9455.20509   9455.2023   4.0  1  1
		  7   64   885.77  9436.81479   9436.8127   4.0  1  1
		  7   64  1043.03  9431.60101   9431.5996   4.0  1  1
		  7   64  1368.55  9420.47902   9420.4985   4.0  1  1
		  7   64  1682.04  9409.34997   9409.3488   4.0  1  1
		  7   64  1961.37  9399.09054   9399.0891   4.0  1  1
		  7   64  2186.49  9390.58845   9390.5852   4.0  1  1
		  7   64  2229.66  9388.93454   9388.9308   4.0  1  1
		  7   64  2375.86  9383.27632   9383.2722   4.0  1  1
		  7   64  3412.17  9340.69478   9340.7053   4.0  1  1
		  7   64  3516.86  9336.15428   9336.1624   4.0  1  1
		  7   64  3931.62  9317.74323   9317.7296   4.0  1  1
		  8   65    28.21  9320.06745    9320.071   4.0  1  1
		  8   65   439.40  9307.89866   9307.8956   4.0  1  1
		  8   65   693.98  9300.00708   9300.0131   4.0  1  1
		  8   65   958.10  9291.53358   9291.5313   4.0  1  1
		  8   65  1018.21  9289.56434   9289.5624   4.0  1  1
		  8   65  1412.61  9276.27382   9276.2732   4.0  1  1
		  8   65  1679.31  9266.92388   9266.9198   4.0  1  1
		  8   65  1699.33  9266.21006    9266.207   4.0  1  1
		  8   65  2422.78  9239.33178   9239.3261   4.0  1  1
		  8   65  2724.19  9227.51239   9227.5119   4.0  1  1
		  8   65  2799.18  9224.51547   9224.4992   4.0  1  1
		  8   65  3299.30  9203.96059   9203.9617   4.0  1  1
		  8   65  3518.95  9194.62232   9194.6385   4.0  1  1
		  8   65  3881.84  9178.78329   9178.7795   4.0  1  1
		  9   66   106.72  9178.78025   9178.7795   4.0  1  1
		  9   66   542.91  9165.89581    9165.895   4.0  1  1
		  9   66   764.97  9159.03378   9159.0346   4.0  1  1
		  9   66  1333.04  9140.55746   9140.5559   4.0  1  1
		  9   66  1505.34  9134.69377   9134.6919   4.0  1  1
		  9   66  1840.08  9122.95945   9122.9674   4.0  1  1
		  9   66  2270.05  9107.22791   9107.2269   4.0  1  1
		  9   66  2432.59  9101.08979    9101.083   4.0  1  1
		  9   66  2595.47  9094.83364   9094.8289   4.0  1  1
		  9   66  2698.51  9090.82235   9090.8186   4.0  1  1
		  9   66  3085.23  9075.39613   9075.3945   4.0  1  1
		  9   66  3265.10  9068.02267    9068.023   4.0  1  1
		  9   66  3363.00  9063.95701     9063.96   4.0  1  1
		  9   66  3611.45  9053.47331   9053.4858   4.0  1  1
		  9   66  3733.34  9048.24321   9048.2501   4.0  1  1
		  9   66  3800.19  9045.35063   9045.3532   4.0  1  1
		  9   66  3970.51  9037.90436   9037.8938   4.0  1  1
		  9   66  4015.44  9035.92176   9035.9195   4.0  1  1
		 10   67    53.18  9045.35193   9045.3532   4.0  1  1
		 10   67   314.57  9037.89403   9037.8938   4.0  1  1
		 10   67   382.17  9035.91969   9035.9195   4.0  1  1
		 10   67   520.48   9031.8217   9031.8194   4.0  1  1
		 10   67   981.71  9017.59312   9017.5912   4.0  1  1
		 10   67  1013.19  9016.59078   9016.5903   4.0  1  1
		 10   67  1139.52  9012.52719   9012.5263   4.0  1  1
		 10   67  1264.08    9008.458   9008.4636   4.0  1  1
		 10   67  1880.68   8987.4017   8987.4079   4.0  1  1
		 10   67  1941.01   8985.2605   8985.2808   4.0  1  1
		 10   67  2363.36  8969.86978   8969.8667   4.0  1  1
		 10   67  2422.91  8967.64361   8967.6403   4.0  1  1
		 10   67  2568.27  8962.15148   8962.1468   4.0  1  1
		 10   67  2732.49  8955.84831   8955.8467   4.0  1  1
		 10   67  2904.70  8949.12593   8949.1227   4.0  1  1
		 10   67  3092.54  8941.66399   8941.6608   4.0  1  1
		 10   67  3615.02  8920.19829   8920.2012   4.0  1  1
		 10   67  3834.89  8910.85598   8910.8566   4.0  1  1
		 10   67  3955.26  8905.66404   8905.6581   4.0  1  1
		 11   68   108.30  8912.77959    8912.773   4.0  1  1
		 11   68   177.13  8910.85528   8910.8566   4.0  1  1
		 11   68   359.77  8905.65622   8905.6581   4.0  1  1
		 11   68   576.92  8899.29957   8899.2971   4.0  1  1
		 11   68   786.46  8892.98579   8892.9865   4.0  1  1
		 11   68   909.59  8889.19393   8889.1939   4.0  1  1
		 11   68  1347.11  8875.23202   8875.2324   4.0  1  1
		 11   68  1540.08  8868.83371   8868.8334   4.0  1  1
		 11   68  1771.36  8860.97273    8860.976   4.0  1  1
		 11   68  2087.11   8849.9033   8849.9165   4.0  1  1
		 11   68  2303.96  8842.07723   8842.0744   4.0  1  1
		 11   68  2328.35  8841.18587   8841.1822   4.0  1  1
		 11   68  2637.33    8829.693   8829.6938   4.0  1  1
		 11   68  3280.84  8804.58904   8804.5894   4.0  1  1
		 11   68  3416.81  8799.08445   8799.0875   4.0  1  1
		 11   68  3588.16   8792.0488   8792.0572   4.0  1  1
		 11   68  3767.81  8784.55501   8784.5621   4.0  1  1
		 11   68  3979.27  8775.58052   8775.5733   4.0  1  1
		 11   68  4043.90  8772.80461   8772.8052   4.0  1  1
		 11   68  4065.77   8771.8616   8771.8602   4.0  1  1
		 12   69   142.55  8784.55782   8784.5621   4.0  1  1
		 12   69   209.04  8782.71616   8782.7156   4.0  1  1
		 12   69   461.20  8775.57245   8775.5733   4.0  1  1
		 12   69   556.53  8772.80558   8772.8052   4.0  1  1
		 12   69   588.81  8771.86073   8771.8602   4.0  1  1
		 12   69   761.15  8766.74546    8766.745   4.0  1  1
		 12   69   927.81   8761.6876   8761.6862   4.0  1  1
		 12   69   968.05  8760.45001   8760.4496   4.0  1  1
		 12   69  1039.28  8758.24384   8758.2434   4.0  1  1
		 12   69  1325.74  8749.17062   8749.1697   4.0  1  1
		 12   69  1361.01  8748.03137   8748.0309   4.0  1  1
		 12   69  1830.00  8732.42424    8732.424   4.0  1  1
		 12   69  2062.35  8724.37805   8724.3761   4.0  1  1
		 12   69  2484.34  8709.23797   8709.2341   4.0  1  1
		 12   69  2703.09  8701.12403   8701.1209   4.0  1  1
		 12   69  2960.68  8691.33885    8691.335   4.0  1  1
		 12   69  3291.46  8678.40935   8678.4083   4.0  1  1
		 12   69  3612.32  8665.47985   8665.4855   4.0  1  1
		 12   69  3844.72  8655.87858    8655.876   4.0  1  1
	offset	57
	niterate 0
	lowreject 3.
	highreject 3.
	coefficients	24
		1.
		4.
		4.
		1.
		1.
		4096.
		57.99999999999999
		69.
		600948.5670878886
		-4924.836633046235
		-274.8791570580095
		2.388045888973195
		824.0059216924734
		-17.56133365214336
		-1.910551030526447
		-0.077464564796318
		-35.04574602896146
		1.692267866403207
		0.1684155065651003
		-0.02826105157102505
		1.482772486249196
		-0.0714949752613829
		0.05158181295175082
		0.02136639141551848

