# Fri 18:17:17 02-Aug-2002
begin	ecidentify refThAr_580_r_2148x4096_old
id	refThAr_580_r_2148x4096_old
task	ecidentify
image	refThAr_580_r_2148x4096_old
units	pixel
features	942
1  107   41.280000  5748.74156   5748.7412   4.0  1  1
1  107   116.20000  5747.38442   5747.3849   4.0  1  1
1  107   126.72000  5747.19247   5747.1931   4.0  1  1
1  107   401.22000  5742.08333   5742.0838   4.0  1  1
1  107   414.70000  5741.82747    5741.829   4.0  1  1
1  107   449.14000  5741.17105   5741.1705   4.0  1  1
1  107   534.98000  5739.52088   5739.5196   4.0  1  1
1  107   713.24000  5736.03147   5736.0297   4.0  1  1
1  107   1012.6800   5729.9799   5729.9823   4.0  1  1
1  107   1122.0800   5727.7099   5727.7103   4.0  1  1
1  107   1232.5600   5725.3858   5725.3885   4.0  1  1
1  107   1276.0400  5724.46218   5724.4638   4.0  1  1
1  107   1286.7200  5724.23458   5724.2374   4.0  1  1
1  107   1500.3000  5719.62009   5719.6227   4.0  1  1
1  107   1611.3600  5717.17363   5717.1711   4.0  1  1
1  107   1676.6200  5715.72094   5715.7244   4.0  1  1
1  107  12054.0800  5707.10282   5707.1033   4.0  1  1
1  107  12116.7800  5705.63556   5705.6371   4.0  1  1
1  107  12243.0200  5702.65107   5702.6511   4.0  1  1
1  107  12315.4400  5700.92026   5700.9176   4.0  1  1
1  107  12424.3800  5698.29147   5698.2937   4.0  1  1
1  107  12502.5400  5696.38724   5696.3904   4.0  1  1
1  107  12693.7200  5691.66257   5691.6612   4.0  1  1
1  107  12732.6400  5690.68968   5690.6934   4.0  1  1
1  107  12865.0400  5687.35044   5687.3489   4.0  1  1
1  107  12949.5800  5685.19515   5685.1921   4.0  1  1
1  107  13188.7400  5679.00036    5679.005   4.0  1  1
1  107  13262.8800  5677.05089   5677.0529   4.0  1  1
1  107  13340.7600  5674.98806   5674.9864   4.0  1  1
1  107  13384.0400  5673.83497   5673.8358   4.0  1  1
1  107  13632.6200  5667.12345   5667.1281   4.0  1  1
1  107  13687.1600  5665.62991   5665.6283   4.0  1  1
1  107  13703.4600  5665.18249   5665.1799   4.0  1  1
1  107  13723.8400  5664.62159    5664.621   4.0  1  1
1  107  13781.1400  5663.04013    5663.042   4.0  1  1
2  108   255.30000  5691.66043   5691.6612   4.0  1  1
2  108   307.60000  5690.69353   5690.6934   4.0  1  1
2  108   485.46000  5687.35039   5687.3489   4.0  1  1
2  108   597.94000   5685.1926   5685.1921   4.0  1  1
2  108   766.14000  5681.90419   5681.9001   4.0  1  1
2  108   911.36000  5679.00495    5679.005   4.0  1  1
2  108   1007.5400  5677.05408   5677.0529   4.0  1  1
2  108   1108.1000  5674.98881   5674.9864   4.0  1  1
2  108   1163.5600  5673.83837   5673.8358   4.0  1  1
2  108   1479.6400  5667.12944   5667.1281   4.0  1  1
2  108   1512.5600  5666.41597   5666.4185   4.0  1  1
2  108   1548.8200  5665.62635   5665.6283   4.0  1  1
2  108   1569.1800   5665.1817   5665.1799   4.0  1  1
2  108   1594.8800  5664.61916    5664.621   4.0  1  1
2  108   1666.6400  5663.03826    5663.042   4.0  1  1
2  108   1773.4200  5660.66191   5660.6594   4.0  1  1
2  108   1894.8600  5657.92331   5657.9255   4.0  1  1
2  108  12001.2800  5655.49272   5655.4897   4.0  1  1
2  108  12065.0000   5654.0232   5654.0234   4.0  1  1
2  108  12113.2600  5652.90343    5652.902   4.0  1  1
2  108  12207.1800  5650.70744   5650.7043   4.0  1  1
2  108  12279.9200  5648.99085    5648.991   4.0  1  1
2  108  12292.6400  5648.68933   5648.6863   4.0  1  1
2  108  12334.0200  5647.70573   5647.7069   4.0  1  1
2  108  12386.6000   5646.4497   5646.4514   4.0  1  1
2  108  12409.7000  5645.89559   5645.8947   4.0  1  1
2  108  12419.1200    5645.669   5645.6688   4.0  1  1
2  108  12425.0000  5645.52768   5645.5249   4.0  1  1
2  108  12581.2800  5641.73756   5641.7342   4.0  1  1
2  108  12588.6200  5641.55802   5641.5575   4.0  1  1
2  108  12662.4800   5639.7437   5639.7461   4.0  1  1
2  108  12817.8600  5635.88241   5635.8792   4.0  1  1
2  108  12920.7400  5633.29268    5633.295   4.0  1  1
2  108  13038.6200  5630.29236   5630.2969   4.0  1  1
2  108  13217.1800  5625.68223   5625.6782   4.0  1  1
2  108  13246.8000  5624.90997   5624.9129   4.0  1  1
2  108  13521.4800  5617.64314   5617.6417   4.0  1  1
2  108  13607.8400  5615.32021   5615.3195   4.0  1  1
2  108  13727.5000  5612.07086   5612.0679   4.0  1  1
2  108  13778.4600  5610.67663   5610.6809   4.0  1  1
3  109   130.26000  5641.73358   5641.7342   4.0  1  1
3  109   240.28000  5639.74547   5639.7461   4.0  1  1
3  109   449.22000  5635.88163   5635.8792   4.0  1  1
3  109   585.64000  5633.29704    5633.295   4.0  1  1
3  109   740.92000  5630.29547   5630.2969   4.0  1  1
3  109   973.60000   5625.6803   5625.6782   4.0  1  1
3  109   1011.5200  5624.91493   5624.9129   4.0  1  1
3  109   1363.0200  5617.64179   5617.6417   4.0  1  1
3  109   1379.7000  5617.28861   5617.2897   4.0  1  1
3  109   1407.7200  5616.69389   5616.6908   4.0  1  1
3  109   1472.1800  5615.31802   5615.3195   4.0  1  1
3  109   1597.2400  5612.61858   5612.6174   4.0  1  1
3  109   1622.6600  5612.06502   5612.0679   4.0  1  1
3  109   1685.8000  5610.68243   5610.6809   4.0  1  1
3  109   1736.1200  5609.57384   5609.5735   4.0  1  1
3  109   1863.5600  5606.73626    5606.733   4.0  1  1
3  109   1879.1000  5606.38754   5606.3861   4.0  1  1
3  109   1962.1200  5604.51377   5604.5154   4.0  1  1
3  109  12034.7400   5602.8601    5602.863   4.0  1  1
3  109  12089.4000  5601.60668   5601.6032   4.0  1  1
3  109  12110.2800  5601.12606   5601.1216   4.0  1  1
3  109  12173.8000  5599.65673   5599.6548   4.0  1  1
3  109  12267.2600   5597.4762   5597.4756   4.0  1  1
3  109  12369.4600  5595.06682   5595.0635   4.0  1  1
3  109  12394.9400  5594.46219   5594.4604   4.0  1  1
3  109  12430.7400  5593.60941   5593.6129   4.0  1  1
3  109  12673.6600  5587.73952   5587.7351   4.0  1  1
3  109  12702.9200  5587.02294   5587.0263   4.0  1  1
3  109  12750.6000  5585.84987   5585.8472   4.0  1  1
3  109  12834.9400  5583.76127   5583.7621   4.0  1  1
3  109  12870.9200  5582.86506   5582.8665   4.0  1  1
3  109  12955.1000  5580.75524   5580.7547   4.0  1  1
3  109  12982.0600  5580.07591   5580.0771   4.0  1  1
3  109  13010.6000  5579.35461   5579.3583   4.0  1  1
3  109  13076.4600    5577.683   5577.6845   4.0  1  1
3  109  13134.3800  5576.20353   5576.2045   4.0  1  1
3  109  13184.7600  5574.91052   5574.9153   4.0  1  1
3  109  13245.0400  5573.35458   5573.3535   4.0  1  1
3  109  13293.5200  5572.09705   5572.0951   4.0  1  1
3  109  13328.2800  5571.19177   5571.1913   4.0  1  1
3  109  13449.8000  5568.00351   5567.9986   4.0  1  1
3  109  13593.0000  5564.20041   5564.2011   4.0  1  1
3  109  13753.0400  5559.89116   5559.8912   4.0  1  1
3  109  13796.8600  5558.70025    5558.702   4.0  1  1
3  109  13809.9800  5558.34254   5558.3422   4.0  1  1
3  109  13857.3000  5557.04975   5557.0454   4.0  1  1
4  110   321.52000  5587.02716   5587.0263   4.0  1  1
4  110   498.00000  5583.76255   5583.7621   4.0  1  1
4  110   545.56000  5582.86886   5582.8665   4.0  1  1
4  110   656.88000  5580.75396   5580.7547   4.0  1  1
4  110   692.22000  5580.07591   5580.0771   4.0  1  1
4  110   729.36000  5579.36006   5579.3583   4.0  1  1
4  110   815.50000  5577.68518   5577.6845   4.0  1  1
4  110   890.86000  5576.20421   5576.2045   4.0  1  1
4  110   955.96000  5574.91311   5574.9153   4.0  1  1
4  110   1033.8200  5573.35488   5573.3535   4.0  1  1
4  110   1096.3200   5572.0925   5572.0951   4.0  1  1
4  110   1140.6400  5571.19148   5571.1913   4.0  1  1
4  110   1153.5000  5570.92891   5570.9268   4.0  1  1
4  110   1476.4800  5564.19884   5564.2011   4.0  1  1
4  110   1676.8600  5559.88959   5559.8912   4.0  1  1
4  110   1731.1800  5558.70417    5558.702   4.0  1  1
4  110   1747.5600  5558.34518   5558.3422   4.0  1  1
4  110   1766.9200  5557.91974   5557.9214   4.0  1  1
4  110   1806.7400  5557.04245   5557.0454   4.0  1  1
4  110   1847.1000  5556.14893   5556.1487   4.0  1  1
4  110   1874.9400   5555.5302   5555.5312   4.0  1  1
4  110  12004.7600  5552.61914   5552.6229   4.0  1  1
4  110  12059.7800  5551.37277   5551.3719   4.0  1  1
4  110  12199.2800   5548.1784   5548.1758   4.0  1  1
4  110  12244.5600  5547.13107   5547.1339   4.0  1  1
4  110  12288.0800  5546.11924   5546.1204   4.0  1  1
4  110  12301.4200  5545.80836   5545.8058   4.0  1  1
4  110  12333.8600  5545.05034   5545.0495   4.0  1  1
4  110  12425.5800  5542.89255     5542.89   4.0  1  1
4  110  12465.9800  5541.93547   5541.9357   4.0  1  1
4  110  12480.9200  5541.58065   5541.5815   4.0  1  1
4  110  12499.1600  5541.14651   5541.1466   4.0  1  1
4  110  12550.9200  5539.91023   5539.9106   4.0  1  1
4  110  12577.9200  5539.26288   5539.2618   4.0  1  1
4  110  12605.1400  5538.60785   5538.6087   4.0  1  1
4  110  12648.8000  5537.55395   5537.5563   4.0  1  1
4  110  12714.0400  5535.97045    5535.971   4.0  1  1
4  110  12928.3400  5530.69469   5530.6977   4.0  1  1
4  110  12953.1400  5530.07686   5530.0763   4.0  1  1
4  110  12992.4800  5529.09364   5529.0972   4.0  1  1
4  110  13026.9800  5528.22845   5528.2272   4.0  1  1
4  110  13064.0200  5527.29653   5527.2953   4.0  1  1
4  110  13156.3800  5524.95717    5524.957   4.0  1  1
4  110  13170.9200  5524.58705   5524.5824   4.0  1  1
4  110  13281.4400  5521.75648   5521.7532   4.0  1  1
4  110  13378.8600  5519.23662   5519.2353   4.0  1  1
4  110  13388.5000  5518.98588   5518.9893   4.0  1  1
4  110  13545.3800  5514.87641   5514.8731   4.0  1  1
4  110  13728.9400  5509.99249   5509.9938   4.0  1  1
5  111   47.660000  5541.58129   5541.5815   4.0  1  1
5  111   72.740000  5541.14449   5541.1466   4.0  1  1
5  111   143.06000  5539.91004   5539.9106   4.0  1  1
5  111   179.70000  5539.26198   5539.2618   4.0  1  1
5  111   216.60000  5538.60575   5538.6087   4.0  1  1
5  111   275.20000   5537.5562   5537.5563   4.0  1  1
5  111   362.86000  5535.96953    5535.971   4.0  1  1
5  111   646.64000  5530.69623   5530.6977   4.0  1  1
5  111   679.26000  5530.07688   5530.0763   4.0  1  1
5  111   730.60000  5529.09615   5529.0972   4.0  1  1
5  111   775.64000  5528.23036   5528.2272   4.0  1  1
5  111   823.98000   5527.2954   5527.2953   4.0  1  1
5  111   943.40000  5524.95979    5524.957   4.0  1  1
5  111   962.48000  5524.58326   5524.5824   4.0  1  1
5  111   1104.5000  5521.75152   5521.7532   4.0  1  1
5  111   1228.6200  5519.23416   5519.2353   4.0  1  1
5  111   1240.6800   5518.9876   5518.9893   4.0  1  1
5  111   1439.1600    5514.875   5514.8731   4.0  1  1
5  111   1668.8600   5509.9916   5509.9938   4.0  1  1
5  111   1735.0800  5508.55915   5508.5585   4.0  1  1
5  111   1781.8200   5507.5412   5507.5385   4.0  1  1
5  111   1810.3800   5506.9167   5506.9196   4.0  1  1
5  111   1846.9000  5506.11504   5506.1128   4.0  1  1
5  111   1928.9800  5504.30093   5504.3018   4.0  1  1
5  111  12034.6400  5501.94118   5501.9439   4.0  1  1
5  111  12063.9600  5501.28126   5501.2814   4.0  1  1
5  111  12136.2200  5499.64618   5499.6478   4.0  1  1
5  111  12153.2400  5499.25928   5499.2554   4.0  1  1
5  111  12200.4200  5498.18279   5498.1841   4.0  1  1
5  111  12289.2800  5496.13985    5496.137   4.0  1  1
5  111  12300.7800  5495.87407   5495.8738   4.0  1  1
5  111  12367.2200  5494.33233   5494.3306   4.0  1  1
5  111  12415.4600  5493.20569    5493.204   4.0  1  1
5  111  12439.3200   5492.6462   5492.6435   4.0  1  1
5  111  12546.3400  5490.12078   5490.1194   4.0  1  1
5  111  12589.7000  5489.08911   5489.0885   4.0  1  1
5  111  12596.6800  5488.92305   5488.9254   4.0  1  1
5  111  12608.8600  5488.63214   5488.6287   4.0  1  1
5  111  12641.8000  5487.84384   5487.8414   4.0  1  1
5  111  12795.0000   5484.1436   5484.1467   4.0  1  1
5  111  12927.7400  5480.89079   5480.8907   4.0  1  1
5  111  13001.0800  5479.07534   5479.0751   4.0  1  1
5  111  13062.1400  5477.55343   5477.5522   4.0  1  1
5  111  13330.6400  5470.75577   5470.7591   4.0  1  1
5  111  13469.7000  5467.16631   5467.1704   4.0  1  1
5  111  13583.0600   5464.2061   5464.2055   4.0  1  1
6  112   17.880000  5492.64231   5492.6435   4.0  1  1
6  112   221.80000  5489.08844   5489.0885   4.0  1  1
6  112   231.00000  5488.92525   5488.9254   4.0  1  1
6  112   247.52000  5488.63246   5488.6287   4.0  1  1
6  112   495.70000  5484.14553   5484.1467   4.0  1  1
6  112   670.62000  5480.88843   5480.8907   4.0  1  1
6  112   766.30000  5479.07342   5479.0751   4.0  1  1
6  112   845.38000  5477.55569   5477.5522   4.0  1  1
6  112   1189.8600  5470.76003   5470.7591   4.0  1  1
6  112   1366.2000  5467.16526   5467.1704   4.0  1  1
6  112   1508.7200  5464.20272   5464.2055   4.0  1  1
6  112   1584.3200  5462.61031   5462.6129   4.0  1  1
6  112   1625.4600  5461.73822   5461.7358   4.0  1  1
6  112   1754.8800  5458.96626   5458.9676   4.0  1  1
6  112   1930.0600  5455.14759   5455.1524   4.0  1  1
6  112  12062.2200  5452.21673   5452.2187   4.0  1  1
6  112  12087.3200  5451.65501    5451.652   4.0  1  1
6  112  12183.9200  5449.47949   5449.4788   4.0  1  1
6  112  12237.1000  5448.27196   5448.2719   4.0  1  1
6  112  12286.1200  5447.15253   5447.1536   4.0  1  1
6  112  12436.2800  5443.68738   5443.6893   4.0  1  1
6  112  12460.6800  5443.11886   5443.1187   4.0  1  1
6  112  12542.0800  5441.21258   5441.2145   4.0  1  1
6  112  12568.0800  5440.60045   5440.6015   4.0  1  1
6  112  12593.8800  5439.99108   5439.9891   4.0  1  1
6  112  12671.9200  5438.13838   5438.1374   4.0  1  1
6  112  12703.2600  5437.39002   5437.3877   4.0  1  1
6  112  12765.6000  5435.89463   5435.8925   4.0  1  1
6  112  12797.5000  5435.12568   5435.1229   4.0  1  1
6  112  12837.7000  5434.15319   5434.1514   4.0  1  1
6  112  12856.5400  5433.69605   5433.7005   4.0  1  1
6  112  12873.1600  5433.29256   5433.2919   4.0  1  1
6  112  12894.9800  5432.76079    5432.765   4.0  1  1
6  112  12962.5400  5431.10861    5431.112   4.0  1  1
6  112  13043.8000   5429.1066   5429.1048   4.0  1  1
6  112  13152.4200  5426.40526   5426.4075   4.0  1  1
6  112  13181.3200  5425.68182   5425.6783   4.0  1  1
6  112  13247.8200  5424.00981   5424.0079   4.0  1  1
6  112  13333.5400  5421.83864   5421.8359   4.0  1  1
6  112  13340.6000  5421.65908   5421.6628   4.0  1  1
6  112  13352.6200  5421.35281   5421.3517   4.0  1  1
6  112  13439.6000  5419.12787   5419.1285   4.0  1  1
6  112  13503.2800  5417.48771   5417.4858   4.0  1  1
6  112  13579.1400  5415.52061   5415.5226   4.0  1  1
6  112  13760.3800  5410.76634   5410.7687   4.0  1  1
7  113   73.040000  5443.11896   5443.1187   4.0  1  1
7  113   218.28000  5440.59996   5440.6015   4.0  1  1
7  113   252.96000  5439.99026   5439.9891   4.0  1  1
7  113   357.26000  5438.13851   5438.1374   4.0  1  1
7  113   399.08000  5437.38847   5437.3877   4.0  1  1
7  113   481.66000  5435.89399   5435.8925   4.0  1  1
7  113   490.92000  5435.72526   5435.7236   4.0  1  1
7  113   523.80000  5435.12437   5435.1229   4.0  1  1
7  113   576.78000  5434.15076   5434.1514   4.0  1  1
7  113   601.14000  5433.70059   5433.7005   4.0  1  1
7  113   623.14000  5433.29285   5433.2919   4.0  1  1
7  113   651.62000  5432.76323    5432.765   4.0  1  1
7  113   739.58000   5431.1141    5431.112   4.0  1  1
7  113   845.24000  5429.10755   5429.1048   4.0  1  1
7  113   985.10000  5426.40778   5426.4075   4.0  1  1
7  113   1022.5600  5425.67646   5425.6783   4.0  1  1
7  113   1107.2200  5424.01042   5424.0079   4.0  1  1
7  113   1216.4600  5421.83438   5421.8359   4.0  1  1
7  113   1225.0800  5421.66145   5421.6628   4.0  1  1
7  113   1240.3600  5421.35419   5421.3517   4.0  1  1
7  113   1350.4200  5419.12482   5419.1285   4.0  1  1
7  113   1430.5400    5417.483   5417.4858   4.0  1  1
7  113   1525.2200  5415.52238   5415.5226   4.0  1  1
7  113   1750.5800  5410.76551   5410.7687   4.0  1  1
7  113   1894.9600    5407.652   5407.6535   4.0  1  1
7  113   1909.1000  5407.34443   5407.3439   4.0  1  1
7  113   1936.2400  5406.75268   5406.7553   4.0  1  1
7  113  12097.3400  5403.20205   5403.1993   4.0  1  1
7  113  12124.2000  5402.60388   5402.6048   4.0  1  1
7  113  12233.6800  5400.14728   5400.1455   4.0  1  1
7  113  12256.9800  5399.62074   5399.6218   4.0  1  1
7  113  12276.7800  5399.17217   5399.1745   4.0  1  1
7  113  12287.9000  5398.91977   5398.9219   4.0  1  1
7  113  12297.4000  5398.70416   5398.7015   4.0  1  1
7  113  12349.4400  5397.51802    5397.516   4.0  1  1
7  113  12469.2400  5394.76269   5394.7608   4.0  1  1
7  113  12503.3400  5393.97239   5393.9719   4.0  1  1
7  113  12519.2800  5393.60174   5393.5995   4.0  1  1
7  113  12563.3000  5392.57518   5392.5726   4.0  1  1
7  113  12754.9800  5388.05084   5388.0507   4.0  1  1
7  113  12815.1600  5386.61208   5386.6107   4.0  1  1
7  113  12922.0400  5384.03547   5384.0356   4.0  1  1
7  113  12967.5400  5382.93016   5382.9276   4.0  1  1
7  113  13031.5600  5381.36671   5381.3709   4.0  1  1
7  113  13123.1400  5379.11337   5379.1105   4.0  1  1
7  113  13134.4400  5378.83419   5378.8356   4.0  1  1
7  113  13217.1200  5376.78014   5376.7809   4.0  1  1
7  113  13243.0800  5376.13163   5376.1304   4.0  1  1
7  113  13257.4400  5375.77235   5375.7688   4.0  1  1
7  113  13274.2600  5375.35115   5375.3526   4.0  1  1
7  113  13295.2400   5374.8244   5374.8219   4.0  1  1
7  113  13379.2800  5372.70461   5372.7027   4.0  1  1
7  113  13457.7200  5370.71039   5370.7096   4.0  1  1
7  113  13507.1000  5369.44789    5369.447   4.0  1  1
7  113  13513.4400  5369.28565   5369.2819   4.0  1  1
7  113  13772.0200  5362.57603   5362.5751   4.0  1  1
8  114   110.52000  5394.75893   5394.7608   4.0  1  1
8  114   156.48000  5393.96983   5393.9719   4.0  1  1
8  114   178.04000  5393.59807   5393.5995   4.0  1  1
8  114   237.14000  5392.57241   5392.5726   4.0  1  1
8  114   491.80000  5388.05171   5388.0507   4.0  1  1
8  114   571.02000  5386.61171   5386.6107   4.0  1  1
8  114   710.72000  5384.03448   5384.0356   4.0  1  1
8  114   769.84000  5382.92889   5382.9276   4.0  1  1
8  114   970.64000  5379.10855   5379.1105   4.0  1  1
8  114   984.84000  5378.83439   5378.8356   4.0  1  1
8  114   1090.6400  5376.77723   5376.7809   4.0  1  1
8  114   1123.5000  5376.13267   5376.1304   4.0  1  1
8  114   1141.9400  5375.76972   5375.7688   4.0  1  1
8  114   1163.0400  5375.35341   5375.3526   4.0  1  1
8  114   1189.8600  5374.82277   5374.8219   4.0  1  1
8  114   1296.1600  5372.70149   5372.7027   4.0  1  1
8  114   1394.8200  5370.70792   5370.7096   4.0  1  1
8  114   1456.7000  5369.44502    5369.447   4.0  1  1
8  114   1464.7600  5369.28011   5369.2819   4.0  1  1
8  114   1785.5000  5362.57714   5362.5751   4.0  1  1
8  114   1852.0800  5361.15444   5361.1556   4.0  1  1
8  114   1898.8800  5360.14766   5360.1501   4.0  1  1
8  114   1913.6800   5359.8282   5359.8269   4.0  1  1
8  114   1965.3400  5358.70904   5358.7059   4.0  1  1
8  114  12105.5400  5355.63848   5355.6365   4.0  1  1
8  114  12152.5200  5354.59872   5354.6016   4.0  1  1
8  114  12276.3200  5351.83383   5351.8365   4.0  1  1
8  114  12307.6400  5351.12838   5351.1265   4.0  1  1
8  114  12381.4200  5349.45725   5349.4608   4.0  1  1
8  114  12401.2800  5349.00526   5349.0054   4.0  1  1
8  114  12446.6800  5347.96827   5347.9714   4.0  1  1
8  114  12515.8800  5346.37798   5346.3778   4.0  1  1
8  114  12562.0000  5345.31199   5345.3117   4.0  1  1
8  114  12636.5200  5343.57838   5343.5812   4.0  1  1
8  114  12767.4200  5340.50148   5340.4982   4.0  1  1
8  114  12913.4800  5337.01957   5337.0154   4.0  1  1
8  114  13198.6000  5330.07657   5330.0804   4.0  1  1
8  114  13226.8200  5329.37909   5329.3745   4.0  1  1
8  114  13323.3400  5326.97859   5326.9756   4.0  1  1
8  114  13351.3400  5326.27808   5326.2774   4.0  1  1
8  114  13385.0600  5325.43199   5325.4317   4.0  1  1
8  114  13396.6800  5325.14013   5325.1438   4.0  1  1
8  114  13485.3600  5322.90031   5322.8988   4.0  1  1
8  114  13569.0000  5320.77067   5320.7699   4.0  1  1
8  114  13696.5200   5317.4921   5317.4944   4.0  1  1
9  115   43.560000  5349.00296   5349.0054   4.0  1  1
9  115   104.80000   5347.9701   5347.9714   4.0  1  1
9  115   198.18000  5346.37631   5346.3778   4.0  1  1
9  115   259.84000  5345.31218   5345.3117   4.0  1  1
9  115   358.96000  5343.58117   5343.5812   4.0  1  1
9  115   532.06000   5340.4989   5340.4982   4.0  1  1
9  115   722.82000  5337.01548   5337.0154   4.0  1  1
9  115   1088.8400  5330.07817   5330.0804   4.0  1  1
9  115   1124.8800  5329.37708   5329.3745   4.0  1  1
9  115   1247.0600  5326.97675   5326.9756   4.0  1  1
9  115   1282.4800  5326.27407   5326.2774   4.0  1  1
9  115   1324.8000  5325.43013   5325.4317   4.0  1  1
9  115   1339.1000  5325.14428   5325.1438   4.0  1  1
9  115   1450.6000  5322.89624   5322.8988   4.0  1  1
9  115   1554.8200  5320.76773   5320.7699   4.0  1  1
9  115   1668.0200   5318.4259   5318.4268   4.0  1  1
9  115   1712.7400  5317.49175   5317.4944   4.0  1  1
9  115   1929.1200  5312.90503   5312.9045   4.0  1  1
9  115   1946.7600  5312.52603   5312.5288   4.0  1  1
9  115   1971.1000  5312.00191   5312.0018   4.0  1  1
9  115  12051.2000  5310.26677   5310.2665   4.0  1  1
9  115  12081.4000  5309.60865   5309.6093   4.0  1  1
9  115  12179.0600  5307.46534   5307.4655   4.0  1  1
9  115  12200.8200  5306.98471   5306.9864   4.0  1  1
9  115  12449.7000  5301.40609   5301.4043   4.0  1  1
9  115  12488.6400  5300.52022   5300.5234   4.0  1  1
9  115  12586.3600  5298.28028   5298.2824   4.0  1  1
9  115  12609.4400  5297.74776   5297.7431   4.0  1  1
9  115  12672.8800  5296.27822   5296.2787   4.0  1  1
9  115  12723.9000  5295.08907   5295.0886   4.0  1  1
9  115  12753.3600  5294.39967   5294.3971   4.0  1  1
9  115  12862.9800  5291.81637   5291.8163   4.0  1  1
9  115  13068.9000  5286.88765    5286.887   4.0  1  1
9  115  13284.1400  5281.62859   5281.6285   4.0  1  1
9  115  13306.8600   5281.0673   5281.0687   4.0  1  1
9  115  13335.9800    5280.346   5280.3441   4.0  1  1
9  115  13450.1800  5277.49799   5277.5002   4.0  1  1
9  115  13464.3400  5277.14262    5277.146   4.0  1  1
9  115  13584.2200  5274.11656   5274.1188   4.0  1  1
9  115  13630.9800  5272.92692    5272.927   4.0  1  1
9  115  13872.2600  5266.70955   5266.7103   4.0  1  1
10  116  185.70000   5300.52396   5300.5234   4.0  1  1
10  116  316.28000    5298.2817   5298.2824   4.0  1  1
10  116  347.18000   5297.74481   5297.7431   4.0  1  1
10  116  430.88000   5296.27865   5296.2787   4.0  1  1
10  116  498.14000   5295.08806   5295.0886   4.0  1  1
10  116  536.90000   5294.39688   5294.3971   4.0  1  1
10  116  679.64000   5291.81883   5291.8163   4.0  1  1
10  116  784.12000    5289.8997   5289.8974   4.0  1  1
10  116  945.22000   5286.88829    5286.887   4.0  1  1
10  116  1218.8000   5281.62754   5281.6285   4.0  1  1
10  116  1247.2200   5281.07062   5281.0687   4.0  1  1
10  116  1284.1000   5280.34483   5280.3441   4.0  1  1
10  116  1297.0800   5280.08882   5280.0855   4.0  1  1
10  116  1427.0800   5277.50018   5277.5002   4.0  1  1
10  116  1444.7800   5277.14439    5277.146   4.0  1  1
10  116  1481.1800    5276.4108   5276.4089   4.0  1  1
10  116  1593.8000   5274.12013   5274.1188   4.0  1  1
10  116  1641.7000   5273.13638   5273.1317   4.0  1  1
10  116  1651.8600   5272.92732    5272.927   4.0  1  1
10  116  1665.5400   5272.64498   5272.6439   4.0  1  1
10  116  1779.9800   5270.26612    5270.266   4.0  1  1
10  116  1948.4400   5266.70688   5266.7103   4.0  1  1
10  116  2002.6400   5265.54713   5265.5514   4.0  1  1
10  116  2190.6400   5261.47068    5261.472   4.0  1  1
10  116  2252.8600   5260.10289   5260.1041   4.0  1  1
10  116  2331.4000   5258.36298   5258.3602   4.0  1  1
10  116  2505.0400   5254.46495   5254.4648   4.0  1  1
10  116  2550.0200   5253.44325   5253.4441   4.0  1  1
10  116  2662.4000   5250.87025   5250.8727   4.0  1  1
10  116  2801.0400   5247.65518   5247.6547   4.0  1  1
10  116  3115.3400   5240.19912   5240.1968   4.0  1  1
10  116  3142.3200   5239.54863    5239.552   4.0  1  1
10  116  3172.8000   5238.81128   5238.8137   4.0  1  1
10  116  3365.2000   5234.10795   5234.1069   4.0  1  1
10  116  3401.0000   5233.22315   5233.2254   4.0  1  1
10  116  3484.1800   5231.15634   5231.1597   4.0  1  1
10  116  3601.0400   5228.22552   5228.2246   4.0  1  1
11  117  231.68000   5254.46589   5254.4648   4.0  1  1
11  117  291.62000   5253.44393   5253.4441   4.0  1  1
11  117  440.12000   5250.87283   5250.8727   4.0  1  1
11  117  621.64000   5247.65624   5247.6547   4.0  1  1
11  117  1026.2400   5240.19559   5240.1968   4.0  1  1
11  117  1060.2600   5239.54993    5239.552   4.0  1  1
11  117  1098.9200   5238.81311   5238.8137   4.0  1  1
11  117  1341.3200   5234.10902   5234.1069   4.0  1  1
11  117  1386.1200   5233.22421   5233.2254   4.0  1  1
11  117  1489.5600   5231.16263   5231.1597   4.0  1  1
11  117  1596.9600   5228.99448   5228.9951   4.0  1  1
11  117  1634.8400   5228.22326   5228.2246   4.0  1  1
11  117  1968.8000   5221.27533    5221.271   4.0  1  1
11  117  1985.1400   5220.92846   5220.9263   4.0  1  1
11  117  1995.4600   5220.70917   5220.7068   4.0  1  1
11  117  2070.4400   5219.10762   5219.1099   4.0  1  1
11  117  2097.3400   5218.52999   5218.5271   4.0  1  1
11  117  2176.8800   5216.81174   5216.8139   4.0  1  1
11  117  2186.8400   5216.59557   5216.5966   4.0  1  1
11  117  2335.0600    5213.3501   5213.3492   4.0  1  1
11  117  2430.7200   5211.22789   5211.2305   4.0  1  1
11  117  2497.9000   5209.72477   5209.7246   4.0  1  1
11  117  2583.1200   5207.80287   5207.8015   4.0  1  1
11  117  2699.2800    5205.1553   5205.1522   4.0  1  1
11  117  2756.2800   5203.84495   5203.8479   4.0  1  1
11  117  2835.4600   5202.01181   5202.0087   4.0  1  1
11  117  2957.1600   5199.16559   5199.1637   4.0  1  1
11  117  2972.7200   5198.79945   5198.7999   4.0  1  1
11  117  3038.9200   5197.23444    5197.236   4.0  1  1
11  117  3098.7400   5195.81136   5195.8136   4.0  1  1
11  117  3155.2600   5194.45968   5194.4576   4.0  1  1
11  117  3181.4400   5193.83081   5193.8256   4.0  1  1
11  117  3303.8000   5190.87127    5190.872   4.0  1  1
11  117  3431.4400   5187.74716   5187.7462   4.0  1  1
11  117  3448.2000   5187.33416   5187.3374   4.0  1  1
11  117  3485.4800   5186.41348   5186.4132   4.0  1  1
11  117  3564.5200   5184.45043   5184.4534   4.0  1  1
11  117  3860.8600   5176.96414    5176.961   4.0  1  1
12  118  27.320000   5213.34993   5213.3492   4.0  1  1
12  118  155.78000   5211.23124   5211.2305   4.0  1  1
12  118  245.56000    5209.7261   5209.7246   4.0  1  1
12  118  358.72000   5207.80073   5207.8015   4.0  1  1
12  118  511.34000   5205.15424   5205.1522   4.0  1  1
12  118  585.50000   5203.84796   5203.8479   4.0  1  1
12  118  688.72000   5202.00711   5202.0087   4.0  1  1
12  118  845.26000   5199.16594   5199.1637   4.0  1  1
12  118  865.06000    5198.8022   5198.7999   4.0  1  1
12  118  949.72000    5197.2365    5197.236   4.0  1  1
12  118  1025.8000   5195.81518   5195.8136   4.0  1  1
12  118  1097.6600   5194.45927   5194.4576   4.0  1  1
12  118  1131.0200   5193.82601   5193.8256   4.0  1  1
12  118  1284.8600    5190.8694    5190.872   4.0  1  1
12  118  1444.3600    5187.7442   5187.7462   4.0  1  1
12  118  1464.9400   5187.33659   5187.3374   4.0  1  1
12  118  1511.3200   5186.41403   5186.4132   4.0  1  1
12  118  1595.3600   5184.72943   5184.7315   4.0  1  1
12  118  1609.0200   5184.45394   5184.4534   4.0  1  1
12  118  1632.0200   5183.98956   5183.9896   4.0  1  1
12  118  1650.9200   5183.60675   5183.6044   4.0  1  1
12  118  1676.3800    5183.0895   5183.0897   4.0  1  1
12  118  1704.0200   5182.52646   5182.5269   4.0  1  1
12  118  1792.0800   5180.72033   5180.7209   4.0  1  1
12  118  1900.1800   5178.47854     5178.48   4.0  1  1
12  118  1941.2400   5177.61954   5177.6228   4.0  1  1
12  118  1972.6600   5176.95937    5176.961   4.0  1  1
12  118  1999.0800   5176.40288   5176.4037   4.0  1  1
12  118  2007.2200   5176.23093   5176.2292   4.0  1  1
12  118  2022.4800   5175.90844   5175.9115   4.0  1  1
12  118  2050.0200   5175.32487   5175.3248   4.0  1  1
12  118  2074.8400   5174.79745   5174.7988   4.0  1  1
12  118  2127.4600   5173.67442   5173.6715   4.0  1  1
12  118  2346.8600   5168.92129   5168.9225   4.0  1  1
12  118  2449.6800   5166.65528   5166.6553   4.0  1  1
12  118  2489.3200   5165.77488   5165.7728   4.0  1  1
12  118  2592.8800   5163.45775   5163.4584   4.0  1  1
12  118  2644.8600   5162.28556   5162.2846   4.0  1  1
12  118  2677.6800   5161.54213   5161.5396   4.0  1  1
12  118  2806.4000     5158.602   5158.6041   4.0  1  1
12  118  2994.3600   5154.24058    5154.243   4.0  1  1
12  118  3105.9400   5151.61276    5151.612   4.0  1  1
12  118  3207.0400   5149.20698   5149.2069   4.0  1  1
12  118  3248.6600   5148.20955   5148.2115   4.0  1  1
12  118  3338.0600   5146.05431   5146.0557   4.0  1  1
12  118  3368.9000   5145.30661   5145.3083   4.0  1  1
12  118  3426.1200    5143.9135   5143.9165   4.0  1  1
12  118  3452.7000   5143.26405   5143.2673   4.0  1  1
12  118  3513.0800   5141.78254   5141.7827   4.0  1  1
12  118  3795.2400   5134.74881    5134.746   4.0  1  1
13  119  66.860000   5168.92149   5168.9225   4.0  1  1
13  119  204.62000   5166.65276   5166.6553   4.0  1  1
13  119  257.26000   5165.77384   5165.7728   4.0  1  1
13  119  393.96000   5163.45927   5163.4584   4.0  1  1
13  119  462.26000   5162.28575   5162.2846   4.0  1  1
13  119  505.26000   5161.54104   5161.5396   4.0  1  1
13  119  672.50000   5158.60247   5158.6041   4.0  1  1
13  119  913.78000   5154.24357    5154.243   4.0  1  1
13  119  1055.7000   5151.61407    5151.612   4.0  1  1
13  119  1183.2800    5149.2091   5149.2069   4.0  1  1
13  119  1235.4600   5148.21422   5148.2115   4.0  1  1
13  119  1347.4200   5146.05776   5146.0557   4.0  1  1
13  119  1385.9800   5145.30842   5145.3083   4.0  1  1
13  119  1457.0800   5143.91668   5143.9165   4.0  1  1
13  119  1490.1200   5143.26623   5143.2673   4.0  1  1
13  119  1564.9400   5141.78293   5141.7827   4.0  1  1
13  119  1615.6800   5140.76961   5140.7736   4.0  1  1
13  119  1778.7800   5137.47145   5137.4733   4.0  1  1
13  119  1844.8800   5136.11666    5136.121   4.0  1  1
13  119  1911.2000   5134.74743    5134.746   4.0  1  1
13  119  2086.6800   5131.07399    5131.072   4.0  1  1
13  119  2126.4600   5130.23147   5130.2338   4.0  1  1
13  119  2208.1400   5128.48935   5128.4897   4.0  1  1
13  119  2325.9000   5125.95075   5125.9502   4.0  1  1
13  119  2347.1000   5125.49011   5125.4895   4.0  1  1
13  119  2483.5200   5122.50205   5122.4995   4.0  1  1
13  119  2716.7600   5117.29378   5117.2923   4.0  1  1
13  119  2815.6800   5115.04712   5115.0448   4.0  1  1
13  119  2979.3200   5111.28117   5111.2781   4.0  1  1
13  119  3045.7600   5109.73458   5109.7331   4.0  1  1
13  119  3407.9000   5101.12866   5101.1299   4.0  1  1
13  119  3429.0600   5100.61657   5100.6211   4.0  1  1
13  119  3534.8800   5098.04086   5098.0432   4.0  1  1
13  119  3598.4000   5096.48229   5096.4848   4.0  1  1
14  120  61.960000   5125.94935   5125.9502   4.0  1  1
14  120  90.380000   5125.48908   5125.4895   4.0  1  1
14  120  272.20000   5122.49936   5122.4995   4.0  1  1
14  120  577.82000   5117.29337   5117.2923   4.0  1  1
14  120  705.84000    5115.0455   5115.0448   4.0  1  1
14  120  915.44000    5111.2807   5111.2781   4.0  1  1
14  120  1000.0000    5109.7323   5109.7331   4.0  1  1
14  120  1453.8400   5101.13045   5101.1299   4.0  1  1
14  120  1480.1000   5100.61799   5100.6211   4.0  1  1
14  120  1610.8200   5098.04191   5098.0432   4.0  1  1
14  120  1688.9200   5096.48409   5096.4848   4.0  1  1
14  120  1759.3400    5095.0666   5095.0639   4.0  1  1
14  120  2004.1400   5090.05001   5090.0513   4.0  1  1
14  120  2044.0800   5089.21849   5089.2192   4.0  1  1
14  120  2188.6800   5086.17618   5086.1774   4.0  1  1
14  120  2230.1000   5085.29606   5085.2955   4.0  1  1
14  120  2244.3400   5084.99229   5084.9935   4.0  1  1
14  120  2409.0600   5081.44683   5081.4462   4.0  1  1
14  120  2514.8400    5079.1372   5079.1374   4.0  1  1
14  120  2680.6800   5075.46426   5075.4659   4.0  1  1
14  120  2717.1400   5074.64816   5074.6465   4.0  1  1
14  120  2951.2400   5069.33709   5069.3384   4.0  1  1
14  120  3010.5800   5067.97111   5067.9737   4.0  1  1
14  120  3046.7000   5067.13544   5067.1379   4.0  1  1
14  120  3062.1600   5066.77723   5066.7773   4.0  1  1
14  120  3089.6600   5066.13828   5066.1355   4.0  1  1
14  120  3140.8600   5064.94398   5064.9454   4.0  1  1
14  120  3155.3400   5064.60487    5064.602   4.0  1  1
14  120  3201.7200   5063.51677   5063.5157   4.0  1  1
14  120  3226.6600   5062.92936   5062.9325   4.0  1  1
14  120  3264.5400   5062.03477   5062.0371   4.0  1  1
14  120  3280.6600   5061.65305   5061.6562   4.0  1  1
14  120  3356.0600   5059.85962   5059.8611   4.0  1  1
14  120  3434.4400   5057.98193   5057.9866   4.0  1  1
14  120  3543.4000   5055.34889   5055.3473   4.0  1  1
14  120  3684.9400   5051.88893   5051.8887   4.0  1  1
14  120  3729.5800   5050.78828   5050.7842   4.0  1  1
15  121  195.52000   5081.44721   5081.4462   4.0  1  1
15  121  552.10000   5075.46575   5075.4659   4.0  1  1
15  121  599.52000   5074.64717   5074.6465   4.0  1  1
15  121  900.14000   5069.33436   5069.3384   4.0  1  1
15  121  975.16000   5067.97478   5067.9737   4.0  1  1
15  121  1020.9800   5067.13797   5067.1379   4.0  1  1
15  121  1040.7200   5066.77613   5066.7773   4.0  1  1
15  121  1075.3800     5066.138   5066.1355   4.0  1  1
15  121  1139.6400   5064.94808   5064.9454   4.0  1  1
15  121  1158.3000   5064.60034    5064.602   4.0  1  1
15  121  1190.2800   5064.00313   5063.9988   4.0  1  1
15  121  1216.4200   5063.51305   5063.5157   4.0  1  1
15  121  1247.2200   5062.93365   5062.9325   4.0  1  1
15  121  1294.7200   5062.03574   5062.0371   4.0  1  1
15  121  1314.8000    5061.6543   5061.6562   4.0  1  1
15  121  1408.7200   5059.85862   5059.8611   4.0  1  1
15  121  1505.4000   5057.98854   5057.9866   4.0  1  1
15  121  1640.1400   5055.34616   5055.3473   4.0  1  1
15  121  1813.1800   5051.89033   5051.8887   4.0  1  1
15  121  1867.7600   5050.78572   5050.7842   4.0  1  1
15  121  1916.3600   5049.79659    5049.796   4.0  1  1
15  121  1958.6400   5048.93153   5048.9366   4.0  1  1
15  121  2050.3000   5047.04219   5047.0434   4.0  1  1
15  121  2069.7200   5046.63935   5046.6372   4.0  1  1
15  121  2083.3600   5046.35568   5046.3527   4.0  1  1
15  121  2136.5600   5045.24598   5045.2481   4.0  1  1
15  121  2161.4800   5044.72396   5044.7195   4.0  1  1
15  121  2218.9600    5043.5148   5043.5145   4.0  1  1
15  121  2309.1800   5041.60107   5041.5998   4.0  1  1
15  121  2331.4400   5041.12574   5041.1224   4.0  1  1
15  121  2352.2800   5040.68002   5040.6805   4.0  1  1
15  121  2405.9200   5039.52829   5039.5265   4.0  1  1
15  121  2419.6200   5039.23315   5039.2303   4.0  1  1
15  121  2462.8000   5038.29955   5038.3018   4.0  1  1
15  121  2535.0000   5036.72932   5036.7284   4.0  1  1
15  121  2598.3000   5035.34303   5035.3375   4.0  1  1
15  121  2843.1800   5029.89379   5029.8916   4.0  1  1
15  121  2882.3800   5029.00908   5029.0119   4.0  1  1
15  121  2898.1000   5028.65287   5028.6556   4.0  1  1
15  121  3114.0400   5023.70858   5023.7084   4.0  1  1
15  121  3187.2600   5022.00829   5022.0051   4.0  1  1
15  121  3219.5800   5021.25424   5021.2531   4.0  1  1
15  121  3281.2800    5019.8077   5019.8062   4.0  1  1
15  121  3355.5800   5018.05406   5018.0535   4.0  1  1
15  121  3378.5800   5017.50893   5017.5084   4.0  1  1
15  121  3392.9600   5017.16742   5017.1628   4.0  1  1
15  121  3419.5400   5016.53528   5016.5356   4.0  1  1
15  121  3446.7200   5015.88705   5015.8893   4.0  1  1
15  121  3717.4800   5009.33896   5009.3344   4.0  1  1
16  122  114.62000   5041.12193   5041.1224   4.0  1  1
16  122  141.94000   5040.68326   5040.6805   4.0  1  1
16  122  213.38000   5039.52789   5039.5265   4.0  1  1
16  122  231.58000   5039.23157   5039.2303   4.0  1  1
16  122  383.30000   5036.73077   5036.7284   4.0  1  1
16  122  782.48000   5029.88983   5029.8916   4.0  1  1
16  122  797.18000   5029.63051   5029.6295   4.0  1  1
16  122  832.24000   5029.01053   5029.0119   4.0  1  1
16  122  852.48000     5028.651   5028.6556   4.0  1  1
16  122  1125.4800   5023.71063   5023.7084   4.0  1  1
16  122  1217.4000   5022.00783   5022.0051   4.0  1  1
16  122  1257.7800   5021.25355   5021.2531   4.0  1  1
16  122  1295.7800   5020.54033   5020.5458   4.0  1  1
16  122  1334.8000   5019.80432   5019.8062   4.0  1  1
16  122  1426.9400   5018.05253   5018.0535   4.0  1  1
16  122  1455.1200   5017.51301   5017.5084   4.0  1  1
16  122  1473.1200    5017.1673   5017.1628   4.0  1  1
16  122  1505.9400   5016.53487   5016.5356   4.0  1  1
16  122  1539.1800   5015.89194   5015.8893   4.0  1  1
16  122  1597.5400   5014.75701   5014.7539   4.0  1  1
16  122  1678.7600   5013.16427   5013.1647   4.0  1  1
16  122  1763.9400   5011.47741   5011.4774   4.0  1  1
16  122  1817.0600     5010.417   5010.4174   4.0  1  1
16  122  1870.9600    5009.3345   5009.3344   4.0  1  1
16  122  1927.5400   5008.19094   5008.1897   4.0  1  1
16  122  2125.6000   5004.13021   5004.1279   4.0  1  1
16  122  2151.1400   5003.59992   5003.5981   4.0  1  1
16  122  2223.0800   5002.09845   5002.0972   4.0  1  1
16  122  2311.0000    5000.2476   5000.2463   4.0  1  1
16  122  2325.4200   4999.94251   4999.9398   4.0  1  1
16  122  2596.9800   4994.10583   4994.1058   4.0  1  1
16  122  2613.2000   4993.75189   4993.7488   4.0  1  1
16  122  2664.2800   4992.63324   4992.6372   4.0  1  1
16  122  2687.2600   4992.12841   4992.1257   4.0  1  1
16  122  2814.6600   4989.30686   4989.3086   4.0  1  1
16  122  2892.8200   4987.55761   4987.5582   4.0  1  1
16  122  2911.0400   4987.14789    4987.147   4.0  1  1
16  122  2964.2600   4985.94737   4985.9486   4.0  1  1
16  122  2989.5000   4985.37528   4985.3725   4.0  1  1
16  122  3116.0400   4982.48729   4982.4875   4.0  1  1
16  122  3182.8200   4980.94866   4980.9513   4.0  1  1
16  122  3215.7000   4980.18751   4980.1859   4.0  1  1
16  122  3556.4800   4972.15777   4972.1597   4.0  1  1
16  122  3848.0600   4965.08388   4965.0795   4.0  1  1
17  123  485.14000   4994.10688   4994.1058   4.0  1  1
17  123  506.52000   4993.74776   4993.7488   4.0  1  1
17  123  572.50000   4992.63278   4992.6372   4.0  1  1
17  123  602.38000   4992.12413   4992.1257   4.0  1  1
17  123  765.60000   4989.31018   4989.3086   4.0  1  1
17  123  865.30000   4987.56049   4987.5582   4.0  1  1
17  123  888.76000   4987.14542    4987.147   4.0  1  1
17  123  956.04000   4985.94784   4985.9486   4.0  1  1
17  123  988.26000   4985.37057   4985.3725   4.0  1  1
17  123  1089.9600   4983.53269   4983.5324   4.0  1  1
17  123  1147.1400   4982.48887   4982.4875   4.0  1  1
17  123  1230.7600   4980.94864   4980.9513   4.0  1  1
17  123  1241.1200    4980.7564   4980.7561   4.0  1  1
17  123  1271.8000    4980.1866   4980.1859   4.0  1  1
17  123  1420.7200   4977.38936   4977.3906   4.0  1  1
17  123  1462.7000   4976.59121   4976.5938   4.0  1  1
17  123  1496.5200   4975.94579   4975.9485   4.0  1  1
17  123  1541.0200   4975.09217   4975.0917   4.0  1  1
17  123  1692.0400   4972.16102   4972.1597   4.0  1  1
17  123  1797.9400   4970.07487   4970.0785   4.0  1  1
17  123  1864.3400   4968.75354   4968.7556   4.0  1  1
17  123  1919.1600     4967.655   4967.6529   4.0  1  1
17  123  2014.4600   4965.72912   4965.7315   4.0  1  1
17  123  2046.4800    4965.0773   4965.0795   4.0  1  1
17  123  2138.7400   4963.18651   4963.1881   4.0  1  1
17  123  2193.0400   4962.06478   4962.0621   4.0  1  1
17  123  2209.2400   4961.72861    4961.726   4.0  1  1
17  123  2225.8600   4961.38334   4961.3814   4.0  1  1
17  123  2352.7800   4958.72587    4958.724   4.0  1  1
17  123  2382.6400   4958.09532   4958.0988   4.0  1  1
17  123  2420.4000   4957.29498   4957.2963   4.0  1  1
17  123  2595.8800   4953.53416    4953.532   4.0  1  1
17  123  2634.8400   4952.68981   4952.6908   4.0  1  1
17  123  2729.2600   4950.62919   4950.6264   4.0  1  1
17  123  2746.6400   4950.24791   4950.2513   4.0  1  1
17  123  2867.6400   4947.57325   4947.5752   4.0  1  1
17  123  2908.5800   4946.66125   4946.6637   4.0  1  1
17  123  2962.4000   4945.45655   4945.4587   4.0  1  1
17  123  3068.5000   4943.06204   4943.0642   4.0  1  1
17  123  3140.8600   4941.41528    4941.416   4.0  1  1
17  123  3218.2800   4939.64011   4939.6422   4.0  1  1
17  123  3234.4200   4939.26847   4939.2707   4.0  1  1
17  123  3267.3200   4938.50893   4938.5047   4.0  1  1
17  123  3296.7800   4937.82677   4937.8295   4.0  1  1
17  123  3342.1200   4936.77338   4936.7746   4.0  1  1
17  123  3494.2000   4933.20653   4933.2091   4.0  1  1
17  123  3721.3600   4927.78455   4927.7803   4.0  1  1
18  124  225.24000   4958.09795   4958.0988   4.0  1  1
18  124  275.00000   4957.29731   4957.2963   4.0  1  1
18  124  554.68000   4952.68906   4952.6908   4.0  1  1
18  124  676.50000   4950.62481   4950.6264   4.0  1  1
18  124  698.42000   4950.24955   4950.2513   4.0  1  1
18  124  853.08000   4947.57103   4947.5752   4.0  1  1
18  124  904.82000   4946.66221   4946.6637   4.0  1  1
18  124  972.90000   4945.45754   4945.4587   4.0  1  1
18  124  1106.4600   4943.06233   4943.0642   4.0  1  1
18  124  1169.6200   4941.91545   4941.9174   4.0  1  1
18  124  1196.9600   4941.41617    4941.416   4.0  1  1
18  124  1293.2200    4939.6441   4939.6422   4.0  1  1
18  124  1313.2800   4939.27245   4939.2707   4.0  1  1
18  124  1324.7400   4939.05932   4939.0605   4.0  1  1
18  124  1354.6400   4938.50271   4938.5047   4.0  1  1
18  124  1390.7400   4937.82741   4937.8295   4.0  1  1
18  124  1446.8000   4936.77321   4936.7746   4.0  1  1
18  124  1575.1600   4934.33209   4934.3306   4.0  1  1
18  124  1600.3800   4933.84838   4933.8521   4.0  1  1
18  124  1633.4000    4933.2122   4933.2091   4.0  1  1
18  124  1798.9800    4929.9862    4929.985   4.0  1  1
18  124  1844.7600   4929.08316    4929.086   4.0  1  1
18  124  1910.5400   4927.77729   4927.7803   4.0  1  1
18  124  1934.6200   4927.29666   4927.2988   4.0  1  1
18  124  1986.7800    4926.2515   4926.2529   4.0  1  1
18  124  2001.6800   4925.95196   4925.9501   4.0  1  1
18  124  2027.9400   4925.42245   4925.4254   4.0  1  1
18  124  2077.2400   4924.42445   4924.4223   4.0  1  1
18  124  2149.7000   4922.94731   4922.9442   4.0  1  1
18  124  2214.6000   4921.61411   4921.6134   4.0  1  1
18  124  2301.3000   4919.81892   4919.8157   4.0  1  1
18  124  2396.8200   4917.82142    4917.822   4.0  1  1
18  124  2510.6400   4915.41453   4915.4155   4.0  1  1
18  124  2645.2000   4912.53157   4912.5293   4.0  1  1
18  124  2667.7800   4912.04382   4912.0428   4.0  1  1
18  124  2698.5200   4911.37811   4911.3787   4.0  1  1
18  124  2754.6800   4910.15625   4910.1576   4.0  1  1
18  124  2768.9800   4909.84428   4909.8431   4.0  1  1
18  124  2888.8800   4907.20882   4907.2093   4.0  1  1
18  124  2999.3200     4904.753   4904.7516   4.0  1  1
18  124  3086.6800   4902.79147   4902.7943   4.0  1  1
18  124  3119.4400   4902.05165   4902.0545   4.0  1  1
18  124  3242.9000   4899.24225   4899.2401   4.0  1  1
18  124  3261.9800   4898.80487   4898.8044   4.0  1  1
18  124  3428.7200   4894.95063   4894.9551   4.0  1  1
18  124  3493.2000   4893.44413   4893.4453   4.0  1  1
18  124  3522.5400   4892.75557   4892.7592   4.0  1  1
18  124  3679.2400   4889.04601   4889.0422   4.0  1  1
19  125  23.460000   4921.61524   4921.6134   4.0  1  1
19  125  87.680000   4920.61953    4920.623   4.0  1  1
19  125  139.06000    4919.8157   4919.8157   4.0  1  1
19  125  588.12000   4912.52858   4912.5293   4.0  1  1
19  125  617.06000   4912.04278   4912.0428   4.0  1  1
19  125  656.48000   4911.37808   4911.3787   4.0  1  1
19  125  690.82000    4910.7962   4910.7929   4.0  1  1
19  125  705.30000   4910.54982   4910.5488   4.0  1  1
19  125  728.38000   4910.15641   4910.1576   4.0  1  1
19  125  746.70000   4909.84312   4909.8431   4.0  1  1
19  125  899.00000    4907.2089   4907.2093   4.0  1  1
19  125  1038.5000   4904.74942   4904.7516   4.0  1  1
19  125  1147.5200   4902.79604   4902.7943   4.0  1  1
19  125  1342.2600   4899.23932   4899.2401   4.0  1  1
19  125  1365.5800   4898.80775   4898.8044   4.0  1  1
19  125  1570.9000   4894.95304   4894.9551   4.0  1  1
19  125  1649.7800   4893.44684   4893.4453   4.0  1  1
19  125  1685.3800   4892.76222   4892.7592   4.0  1  1
19  125  1742.5000   4891.65815   4891.6606   4.0  1  1
19  125  1774.5600   4891.03502   4891.0379   4.0  1  1
19  125  1804.2800   4890.45556   4890.4582   4.0  1  1
19  125  1834.8800    4889.8567   4889.8553   4.0  1  1
19  125  1853.4000   4889.49313   4889.4903   4.0  1  1
19  125  1876.4200   4889.04055   4889.0422   4.0  1  1
19  125  1915.8000   4888.26306   4888.2612   4.0  1  1
19  125  1986.2000   4886.86464   4886.8661   4.0  1  1
19  125  2214.9400   4882.24394   4882.2432   4.0  1  1
19  125  2233.9200   4881.85523   4881.8531   4.0  1  1
19  125  2265.4600   4881.20781   4881.2046   4.0  1  1
19  125  2330.4200   4879.86716   4879.8635   4.0  1  1
19  125  2355.1800   4879.35363   4879.3497   4.0  1  1
19  125  2385.0000   4878.73337    4878.733   4.0  1  1
19  125  2419.5200   4878.01271   4878.0094   4.0  1  1
19  125  2429.1000   4877.81244   4877.8128   4.0  1  1
19  125  2467.5600   4877.00552   4877.0015   4.0  1  1
19  125  2491.7000    4876.4976   4876.4949   4.0  1  1
19  125  2592.5000   4874.36261   4874.3645   4.0  1  1
19  125  2660.0600   4872.91892   4872.9169   4.0  1  1
19  125  2701.2000   4872.03456   4872.0309   4.0  1  1
19  125  2735.6600   4871.29153    4871.289   4.0  1  1
19  125  2846.6800   4868.87899   4868.8814   4.0  1  1
19  125  2862.6600   4868.52946   4868.5277   4.0  1  1
19  125  2874.4200   4868.27184   4868.2742   4.0  1  1
19  125  2907.1400   4867.55352    4867.556   4.0  1  1
19  125  3001.0800   4865.47835   4865.4775   4.0  1  1
19  125  3169.1600   4861.71763   4861.7173   4.0  1  1
19  125  3191.2600    4861.2186   4861.2167   4.0  1  1
19  125  3318.3200   4858.32867   4858.3327   4.0  1  1
19  125  3554.4600    4852.8649   4852.8685   4.0  1  1
19  125  3657.4600     4850.444   4850.4397   4.0  1  1
19  125  3745.1200   4848.36583   4848.3625   4.0  1  1
19  125  3768.4400   4847.80999   4847.8095   4.0  1  1
20  126  45.180000   4882.24277   4882.2432   4.0  1  1
20  126  112.54000    4881.2028   4881.2046   4.0  1  1
20  126  198.34000   4879.86292   4879.8635   4.0  1  1
20  126  269.82000    4878.7334    4878.733   4.0  1  1
20  126  315.20000    4878.0101   4878.0094   4.0  1  1
20  126  327.50000   4877.81322   4877.8128   4.0  1  1
20  126  377.88000   4877.00311   4877.0015   4.0  1  1
20  126  409.22000   4876.49647   4876.4949   4.0  1  1
20  126  539.46000   4874.36567   4874.3645   4.0  1  1
20  126  626.64000    4872.9177   4872.9169   4.0  1  1
20  126  679.38000   4872.03318   4872.0309   4.0  1  1
20  126  723.36000   4871.29065    4871.289   4.0  1  1
20  126  864.38000   4868.87966   4868.8814   4.0  1  1
20  126  884.78000   4868.52713   4868.5277   4.0  1  1
20  126  899.28000   4868.27615   4868.2742   4.0  1  1
20  126  940.90000   4867.55243    4867.556   4.0  1  1
20  126  1034.3800   4865.91295     4865.91   4.0  1  1
20  126  1058.9800   4865.47805   4865.4775   4.0  1  1
20  126  1268.7200   4861.71504   4861.7173   4.0  1  1
20  126  1296.1200   4861.21623   4861.2167   4.0  1  1
20  126  1452.7800   4858.33051   4858.3327   4.0  1  1
20  126  1495.2000   4857.53973   4857.5385   4.0  1  1
20  126  1702.9600   4853.60771   4853.6087   4.0  1  1
20  126  1741.3200   4852.87085   4852.8685   4.0  1  1
20  126  1866.8200    4850.4381   4850.4397   4.0  1  1
20  126  1896.3800   4849.85973   4849.8617   4.0  1  1
20  126  1933.0800   4849.13944   4849.1399   4.0  1  1
20  126  1972.6000   4848.36015   4848.3625   4.0  1  1
20  126  2000.4800   4847.80809   4847.8095   4.0  1  1
20  126  2024.8400   4847.32477   4847.3263   4.0  1  1
20  126  2132.9400   4845.16263   4845.1626   4.0  1  1
20  126  2153.0400   4844.75772   4844.7553   4.0  1  1
20  126  2182.4400   4844.16406   4844.1653   4.0  1  1
20  126  2280.7000   4842.16562   4842.1676   4.0  1  1
20  126  2345.0800   4840.84446   4840.8492   4.0  1  1
20  126  2363.0000   4840.47541   4840.4744   4.0  1  1
20  126  2465.2000   4838.35548   4838.3546   4.0  1  1
20  126  2510.4600   4837.40949   4837.4121   4.0  1  1
20  126  2727.7400   4832.80472   4832.8025   4.0  1  1
20  126  2745.3000   4832.42826   4832.4233   4.0  1  1
20  126  2783.8600    4831.5988   4831.5975   4.0  1  1
20  126  2805.9600   4831.12177   4831.1213   4.0  1  1
20  126  2867.0400   4829.79841   4829.7973   4.0  1  1
20  126  3008.7400   4826.69711   4826.7004   4.0  1  1
20  126  3130.6200   4823.99445   4823.9967   4.0  1  1
20  126  3148.0400   4823.60549   4823.6058   4.0  1  1
20  126  3181.5000   4822.85667   4822.8548   4.0  1  1
20  126  3225.6800   4821.86424   4821.8646   4.0  1  1
20  126  3237.9600    4821.5874   4821.5878   4.0  1  1
20  126  3269.1000    4820.8848   4820.8847   4.0  1  1
20  126  3287.6000   4820.46619   4820.4649   4.0  1  1
20  126  3343.6400   4819.19358    4819.193   4.0  1  1
20  126  3367.6200   4818.64722   4818.6477   4.0  1  1
20  126  3573.8600   4813.89584   4813.8963   4.0  1  1
20  126  3756.4400   4809.61373    4809.614   4.0  1  1
20  126  3818.7600   4808.13576   4808.1337   4.0  1  1
21  127  261.16000   4840.47468   4840.4744   4.0  1  1
21  127  732.36000   4832.80149   4832.8025   4.0  1  1
21  127  754.70000   4832.42498   4832.4233   4.0  1  1
21  127  803.42000   4831.60007   4831.5975   4.0  1  1
21  127  831.44000   4831.12312   4831.1213   4.0  1  1
21  127  908.84000   4829.79635   4829.7973   4.0  1  1
21  127  974.58000   4828.65889   4828.6596   4.0  1  1
21  127  1086.6000   4826.69813   4826.7004   4.0  1  1
21  127  1201.9000   4824.65026   4824.6484   4.0  1  1
21  127  1238.4000   4823.99573   4823.9967   4.0  1  1
21  127  1260.0200   4823.60681   4823.6058   4.0  1  1
21  127  1283.8200     4823.177   4823.1823   4.0  1  1
21  127  1301.4800   4822.85759   4822.8548   4.0  1  1
21  127  1348.0400   4822.01138    4822.014   4.0  1  1
21  127  1356.1200   4821.86414   4821.8646   4.0  1  1
21  127  1371.1400    4821.5901   4821.5878   4.0  1  1
21  127  1409.4600   4820.88827   4820.8847   4.0  1  1
21  127  1432.5600   4820.46345   4820.4649   4.0  1  1
21  127  1501.1800     4819.195    4819.193   4.0  1  1
21  127  1530.6800   4818.64613   4818.6477   4.0  1  1
21  127  1617.3400   4817.02319   4817.0206   4.0  1  1
21  127  1781.7000   4813.89911   4813.8963   4.0  1  1
21  127  1790.9800   4813.72089   4813.7204   4.0  1  1
21  127  1828.1600   4813.00514   4813.0069   4.0  1  1
21  127  1860.8000   4812.37421   4812.3755   4.0  1  1
21  127  2002.2600    4809.6122    4809.614   4.0  1  1
21  127  2077.0200   4808.13451   4808.1337   4.0  1  1
21  127  2182.9600   4806.01991   4806.0205   4.0  1  1
21  127  2285.1200   4803.95699   4803.9559   4.0  1  1
21  127  2348.3800   4802.66828   4802.6714   4.0  1  1
21  127  2427.0800    4801.0525   4801.0517   4.0  1  1
21  127  2469.6000   4800.17387   4800.1724   4.0  1  1
21  127  2673.0800    4795.9151   4795.9131   4.0  1  1
21  127  2767.5400   4793.90737   4793.9052   4.0  1  1
21  127  2798.6200    4793.2426   4793.2446   4.0  1  1
21  127  2852.8000   4792.07853   4792.0819   4.0  1  1
21  127  2878.9200   4791.51517   4791.5157   4.0  1  1
21  127  2928.7800   4790.43581   4790.4373   4.0  1  1
21  127  2977.0000   4789.38652   4789.3868   4.0  1  1
21  127  3079.1000   4787.14848    4787.148   4.0  1  1
21  127  3107.0800   4786.53128    4786.531   4.0  1  1
21  127  3227.1400   4783.86378   4783.8617   4.0  1  1
21  127  3276.5600   4782.75691   4782.7612   4.0  1  1
21  127  3365.5000    4780.7511   4780.7505   4.0  1  1
21  127  3473.5000    4778.2933    4778.294   4.0  1  1
21  127  3521.5600   4777.19163   4777.1915   4.0  1  1
21  127  3582.3600   4775.79091    4775.794   4.0  1  1
offset	106
niterate 3
lowreject 3.
highreject 3.
coefficients	24
1.
4.
4.
1.
1.
1941.
107.
127.
610692.7370890991
-4792.037011550029
-262.2564915417983
2.097382122573398
14.05499536873809
-17.23262975172632
-2.393753800886964
0.08907400451689964
-0.6973842028202667
-0.05350464604177908
-0.1022837845434634
-0.01218565210391966
-0.00451784537699346
-0.1001974621841557
-0.01203419060417662
0.0311299869090912

