# Tue 11:51:57 04-Mar-2003
begin	ecidentify refThAr_346_2148x3000
	id	refThAr_346_2148x3000
	task	ecidentify
	image	refThAr_346_2148x3000
	units	angstroms
	features	524
		  1  153   760.47  3061.69918      3061.7   4.0  1  1
		  1  153   849.82  3060.43895    3060.439   4.0  1  1
		  2  152   679.10  3082.97885    3082.981   4.0  1  1
		  2  152   970.59  3078.82787    3078.828   4.0  1  1
		  2  152  1411.45  3072.11451    3072.115   4.0  1  1
		  2  152  1682.02  3067.72927    3067.729   4.0  1  1
		  2  152  2034.88  3061.70059      3061.7   4.0  1  1
		  2  152  2106.28  3060.43749    3060.439   4.0  1  1
		  3  151  1657.02  3088.47124     3088.47   4.0  1  1
		  3  151  1860.75  3085.02767    3085.026   4.0  1  1
		  3  151  2134.39   3080.2154    3080.217   4.0  1  1
		  4  150   576.57  3125.50973    3125.507   4.0  1  1
		  4  150   657.54  3124.38783    3124.387   4.0  1  1
		  4  150  1703.15  3108.29643    3108.297   4.0  1  1
		  4  150  2529.02  3093.39813    3093.396   4.0  1  1
		  5  149   637.53  3145.63803    3145.637   4.0  1  1
		  5  149   834.13  3142.83458    3142.836   4.0  1  1
		  5  149  1007.67  3140.27285    3140.272   4.0  1  1
		  5  149  2058.48  3122.96327    3122.963   4.0  1  1
		  6  148   436.31  3169.67145    3169.673   4.0  1  1
		  6  148  1464.95  3154.30162    3154.301   4.0  1  1
		  6  148  1948.84  3146.04375    3146.043   4.0  1  1
		  6  148  2265.51  3140.27129    3140.272   4.0  1  1
		  6  148  2332.31  3139.01598    3139.017   4.0  1  1
		  7  147   651.88   3188.2335   3188.2339   4.0  1  1
		  7  147   878.34   3184.9461   3184.9486   4.0  1  1
		  7  147  1189.73   3180.1941    3180.194   4.0  1  1
		  7  147  1312.63  3178.24389    3178.243   4.0  1  1
		  7  147  1605.35  3173.42601    3173.427   4.0  1  1
		  7  147  1843.30  3169.32847    3169.329   4.0  1  1
		  8  146   572.70  3211.19505   3211.1943   4.0  1  1
		  8  146  1039.60  3204.32122    3204.321   4.0  1  1
		  8  146  1574.69  3195.69061    3195.689   4.0  1  1
		  8  146  2000.51  3188.23301   3188.2339   4.0  1  1
		  8  146  2178.96  3184.94921   3184.9486   4.0  1  1
		  8  146  2528.49  3178.24164    3178.243   4.0  1  1
		  9  145   869.86  3229.00966   3229.0096   4.0  1  1
		  9  145  1419.00  3220.35093   3220.3508   4.0  1  1
		  9  145  1947.69  3211.19439   3211.1943   4.0  1  1
		  9  145  1996.50  3210.30753   3210.3085   4.0  1  1
		  9  145  2316.40   3204.3203    3204.321   4.0  1  1
		 10  144   461.27    3257.368   3257.3667   4.0  1  1
		 10  144   539.13  3256.27355   3256.2738   4.0  1  1
		 10  144   706.40   3253.8653   3253.8659   4.0  1  1
		 10  144   838.01  3251.91574   3251.9159   4.0  1  1
		 10  144   977.30  3249.79927   3249.8003   4.0  1  1
		 10  144  1233.52  3245.76226   3245.7603   4.0  1  1
		 10  144  1314.40  3244.44892   3244.4488   4.0  1  1
		 10  144  1360.65  3243.68931   3243.6887   4.0  1  1
		 10  144  1515.00  3241.10994   3241.1079   4.0  1  1
		 10  144  1642.06  3238.93446   3238.9343   4.0  1  1
		 10  144  1689.18  3238.11577    3238.116   4.0  1  1
		 10  144  1818.37  3235.83752     3235.84   4.0  1  1
		 10  144  1865.44  3234.99509   3234.9962   4.0  1  1
		 10  144  2189.86  3229.01012   3229.0096   4.0  1  1
		 11  143   349.13  3281.70398   3281.7016   4.0  1  1
		 11  143   810.88  3275.06801   3275.0676   4.0  1  1
		 11  143  1009.62  3272.02721   3272.0268   4.0  1  1
		 11  143  1580.06  3262.66888   3262.6684   4.0  1  1
		 11  143  1879.97  3257.36678   3257.3667   4.0  1  1
		 11  143  1940.00  3256.27356   3256.2738   4.0  1  1
		 11  143  2070.20  3253.86509   3253.8659   4.0  1  1
		 11  143  2173.61  3251.91587   3251.9159   4.0  1  1
		 11  143  2283.96  3249.80031   3249.8003   4.0  1  1
		 11  143  2554.79  3244.45033   3244.4488   4.0  1  1
		 11  143  2592.45  3243.68863   3243.6887   4.0  1  1
		 12  142   390.54   3304.2395   3304.2383   4.0  1  1
		 12  142   816.54  3298.04939   3298.0498   4.0  1  1
		 12  142  1169.99  3292.52185   3292.5209   4.0  1  1
		 12  142  1218.25  3291.73921   3291.7394   4.0  1  1
		 12  142  1455.68  3287.78983   3287.7893   4.0  1  1
		 12  142  1526.28  3286.58373   3286.5829   4.0  1  1
		 12  142  1574.41  3285.75299   3285.7525   4.0  1  1
		 12  142  1803.65  3281.70209   3281.7016   4.0  1  1
		 12  142  2102.95  3276.17653   3276.1712   4.0  1  0
		 12  142  2161.41  3275.06589   3275.0676   4.0  1  1
		 12  142  2318.62  3272.02701   3272.0268   4.0  1  1
		 13  141   424.68  3327.19362   3327.1931   4.0  1  1
		 13  141   569.46  3325.11975    3325.121   4.0  1  1
		 13  141   773.67  3322.09356   3322.0933   4.0  1  1
		 13  141   816.07  3321.45034   3321.4508   4.0  1  1
		 13  141  1557.36  3309.36301   3309.3654   4.0  1  1
		 13  141  1678.75  3307.22955   3307.2283   4.0  1  1
		 13  141  1786.27  3305.30324   3305.3036   4.0  1  1
		 13  141  1844.85  3304.23912   3304.2383   4.0  1  1
		 13  141  2174.88  3298.05009   3298.0498   4.0  1  1
		 13  141  2494.47  3291.73942   3291.7394   4.0  1  1
		 14  140   405.74  3351.22863    3351.229   4.0  1  1
		 14  140   427.18  3350.92436    3350.924   4.0  1  1
		 14  140   576.51  3348.76916   3348.7684   4.0  1  1
		 14  140   843.53  3344.75645    3344.759   4.0  1  1
		 14  140  1098.87  3340.72675   3340.7254   4.0  1  1
		 14  140  1272.99  3337.86976   3337.8703   4.0  1  1
		 14  140  1465.59  3334.60515   3334.6041   4.0  1  1
		 14  140  1550.56  3333.12999    3333.129   4.0  1  1
		 14  140  1700.34  3330.47696    3330.477   4.0  1  1
		 14  140  1741.86  3329.72969   3329.7284   4.0  1  1
		 14  140  1880.61  3327.19441   3327.1931   4.0  1  1
		 14  140  1991.78  3325.12097    3325.121   4.0  1  1
		 14  140  2011.36  3324.75176    3324.753   4.0  1  1
		 14  140  2150.55  3322.09421   3322.0933   4.0  1  1
		 14  140  2183.79  3321.45084   3321.4508   4.0  1  1
		 15  139   328.09  3376.43731   3376.4359   4.0  1  1
		 15  139   431.18  3374.97541   3374.9749   4.0  1  1
		 15  139   579.36    3372.821    3372.823   4.0  1  1
		 15  139   648.51  3371.79402   3371.7967   4.0  1  1
		 15  139  1063.56  3365.33913   3365.3383   4.0  1  1
		 15  139  1325.84  3360.99978   3360.9982   4.0  1  1
		 15  139  1465.70   3358.6023    3358.602   4.0  1  1
		 15  139  1715.34  3354.17732   3354.1796   4.0  1  1
		 15  139  2006.91  3348.76981   3348.7684   4.0  1  1
		 15  139  2214.72   3344.7569    3344.759   4.0  1  1
		 15  139  2416.79  3340.72637   3340.7254   4.0  1  1
		 15  139  2556.27   3337.8698   3337.8703   4.0  1  1
		 16  138   492.44  3398.54407   3398.5448   4.0  1  1
		 16  138   562.43  3397.51502   3397.5161   4.0  1  1
		 16  138   615.41  3396.72677   3396.7278   4.0  1  1
		 16  138   920.15  3392.03416   3392.0349   4.0  1  1
		 16  138  1136.80  3388.53217   3388.5309   4.0  1  1
		 16  138  1258.56  3386.50307   3386.5006   4.0  1  1
		 16  138  1315.81  3385.53366   3385.5316   4.0  1  1
		 16  138  1710.91  3378.57517   3378.5734   4.0  1  1
		 16  138  1827.26  3376.43577   3376.4359   4.0  1  1
		 16  138  1905.44  3374.97481   3374.9749   4.0  1  1
		 16  138  2018.85  3372.82235    3372.823   4.0  1  1
		 16  138  2072.23  3371.79545   3371.7967   4.0  1  1
		 16  138  2397.86  3365.33921   3365.3383   4.0  1  1
		 16  138  2607.81  3361.00023   3360.9982   4.0  1  1
		 17  137   448.99  3423.98882   3423.9897   4.0  1  1
		 17  137   539.64  3422.65578   3422.6561   4.0  1  1
		 17  137   636.32  3421.20774     3421.21   4.0  1  1
		 17  137   876.20  3417.49677   3417.4978   4.0  1  1
		 17  137   977.07  3415.88557   3415.8846   4.0  1  1
		 17  137  1152.39  3413.01366    3413.013   4.0  1  1
		 17  137  1326.28  3410.07429   3410.0756   4.0  1  1
		 17  137  1402.83  3408.75148   3408.7499   4.0  1  1
		 17  137  1583.49  3405.55912   3405.5584   4.0  1  1
		 17  137  1794.19  3401.71044    3401.711   4.0  1  1
		 17  137  1962.19  3398.54382   3398.5448   4.0  1  1
		 17  137  2015.73   3397.5163   3397.5161   4.0  1  1
		 17  137  2056.51  3396.72772   3396.7278   4.0  1  1
		 17  137  2293.84  3392.03525   3392.0349   4.0  1  1
		 17  137  2465.45  3388.53178   3388.5309   4.0  1  1
		 18  136   273.05  3451.70407   3451.7023   4.0  1  1
		 18  136   624.56  3446.54563   3446.5474   4.0  1  1
		 18  136   879.49  3442.57789    3442.579   4.0  1  1
		 18  136  1075.31  3439.39898   3439.3987   4.0  1  1
		 18  136  1234.61  3436.72825   3436.7272   4.0  1  1
		 18  136  1278.55  3435.97811   3435.9771   4.0  1  1
		 18  136  1392.82  3433.99997   3433.9988   4.0  1  1
		 18  136  1517.23  3431.80106   3431.8104   4.0  1  0
		 18  136  1671.97  3429.00002   3428.9992   4.0  1  1
		 18  136  1775.26  3427.08934   3427.0923   4.0  1  1
		 18  136  1939.21  3423.98862   3423.9897   4.0  1  1
		 18  136  2008.40  3422.65493   3422.6561   4.0  1  1
		 18  136  2082.56  3421.20891     3421.21   4.0  1  1
		 18  136  2269.03  3417.49674   3417.4978   4.0  1  1
		 18  136  2348.40  3415.88332   3415.8846   4.0  1  1
		 18  136  2487.24  3413.01281    3413.013   4.0  1  1
		 19  135   205.17  3478.23489   3478.2324   4.0  1  1
		 19  135   309.75  3476.74802   3476.7474   4.0  1  1
		 19  135   632.44  3471.95837   3471.9593   4.0  1  1
		 19  135   680.67  3471.21622   3471.2186   4.0  1  1
		 19  135   763.85  3469.91995   3469.9208   4.0  1  1
		 19  135   800.37  3469.34435   3469.3454   4.0  1  1
		 19  135   871.03  3468.21928   3468.2198   4.0  1  1
		 19  135  1064.51   3465.0623   3465.0626   4.0  1  1
		 19  135  1120.51  3464.12744   3464.1272   4.0  1  1
		 19  135  1196.08  3462.85087   3462.8505   4.0  1  1
		 19  135  1526.27  3457.06932   3457.0691   4.0  1  1
		 19  135  1689.06  3454.09554   3454.0952   4.0  1  1
		 19  135  1816.90  3451.70279   3451.7023   4.0  1  1
		 19  135  2083.62  3446.54593   3446.5474   4.0  1  1
		 19  135  2281.39  3442.57756    3442.579   4.0  1  1
		 19  135  2435.48  3439.39926   3439.3987   4.0  1  1
		 19  135  2562.18  3436.72907   3436.7272   4.0  1  1
		 19  135  2597.36  3435.97858   3435.9771   4.0  1  1
		 20  134   583.70  3498.62063    3498.621   4.0  1  1
		 20  134   623.58  3498.00888   3498.0098   4.0  1  1
		 20  134   700.85  3496.81005   3496.8107   4.0  1  1
		 20  134   771.46    3495.699   3495.6998   4.0  1  1
		 20  134   907.39  3493.51803   3493.5185   4.0  1  1
		 20  134  1027.98  3491.53657    3491.536   4.0  1  1
		 20  134  1148.72  3489.50842   3489.5076   4.0  1  1
		 20  134  1320.25  3486.55075   3486.5512   4.0  1  1
		 20  134  1532.65  3482.76304   3482.7613   4.0  1  1
		 20  134  1655.76  3480.50349   3480.5055   4.0  1  1
		 20  134  1727.04  3479.17378   3479.1725   4.0  1  1
		 20  134  1777.00  3478.23222   3478.2324   4.0  1  1
		 20  134  1854.97  3476.74741   3476.7474   4.0  1  1
		 20  134  2099.86  3471.95875   3471.9593   4.0  1  1
		 20  134  2136.95  3471.21702   3471.2186   4.0  1  1
		 20  134  2201.31  3469.91931   3469.9208   4.0  1  1
		 20  134  2229.58  3469.34516   3469.3454   4.0  1  1
		 20  134  2284.63  3468.21976   3468.2198   4.0  1  1
		 20  134  2436.61  3465.06247   3465.0626   4.0  1  1
		 20  134  2480.91  3464.12821   3464.1272   4.0  1  1
		 20  134  2541.00  3462.85071   3462.8505   4.0  1  1
		 21  133   471.78  3526.63322   3526.6342   4.0  1  1
		 21  133   895.02  3519.99324   3519.9936   4.0  1  1
		 21  133   991.50  3518.40376    3518.404   4.0  1  1
		 21  133  1227.94  3514.38851   3514.3877   4.0  1  1
		 21  133  1487.69  3509.77898   3509.7785   4.0  1  1
		 21  133  1908.25  3501.86896   3501.8666   4.0  1  1
		 21  133  2072.87  3498.62059    3498.621   4.0  1  1
		 21  133  2103.37  3498.00921   3498.0098   4.0  1  1
		 21  133  2162.75  3496.81054   3496.8107   4.0  1  1
		 21  133  2217.30  3495.69925   3495.6998   4.0  1  1
		 21  133  2322.99  3493.51922   3493.5185   4.0  1  1
		 21  133  2417.62  3491.53655    3491.536   4.0  1  1
		 21  133  2513.07  3489.50756   3489.5076   4.0  1  1
		 21  133  2649.68  3486.55168   3486.5512   4.0  1  1
		 22  132   231.75  3556.90675   3556.9041   4.0  1  1
		 22  132   361.07  3555.01368   3555.0135   4.0  1  1
		 22  132   408.64  3554.30482   3554.3058   4.0  1  1
		 22  132   598.95  3551.40101   3551.4019   4.0  1  1
		 22  132   713.82  3549.59541   3549.5959   4.0  1  1
		 22  132   781.47  3548.51342   3548.5144   4.0  1  1
		 22  132   853.95  3547.33861   3547.3376   4.0  1  1
		 22  132  1053.64  3544.01906   3544.0179   4.0  1  1
		 22  132  1309.42  3539.58763   3539.5872   4.0  1  1
		 22  132  1507.72  3536.01194   3536.0108   4.0  1  1
		 22  132  1545.33  3535.31995   3535.3196   4.0  1  1
		 22  132  1751.37  3531.44966   3531.4505   4.0  1  1
		 22  132  1800.12  3530.51417   3530.5148   4.0  1  1
		 22  132  1858.43  3529.38554   3529.3859   4.0  1  1
		 22  132  1880.58  3528.95397   3528.9544   4.0  1  1
		 22  132  1908.37  3528.41014   3528.4116   4.0  1  1
		 22  132  1998.36  3526.63258   3526.6342   4.0  1  1
		 22  132  2323.49  3519.99322   3519.9936   4.0  1  1
		 22  132  2398.92  3518.40401    3518.404   4.0  1  1
		 22  132  2585.69  3514.38929   3514.3877   4.0  1  1
		 22  132  2732.40  3511.15527   3511.1574   4.0  1  1
		 23  131   297.10  3583.10358   3583.1022   4.0  1  1
		 23  131   347.63  3582.35453   3582.3546   4.0  1  1
		 23  131   397.54  3581.60733   3581.6084   4.0  1  1
		 23  131   718.91  3576.61512   3576.6156   4.0  1  1
		 23  131   976.17  3572.39169   3572.3923   4.0  1  1
		 23  131  1126.96  3569.82127   3569.8204   4.0  1  1
		 23  131  1397.58   3565.0308   3565.0298   4.0  1  1
		 23  131  1614.17  3561.03081   3561.0304   4.0  1  1
		 23  131  1694.54   3559.5088   3559.5081   4.0  1  1
		 23  131  1829.60  3556.90469   3556.9041   4.0  1  1
		 23  131  1925.85   3555.0133   3555.0135   4.0  1  1
		 23  131  1961.51  3554.30505   3554.3058   4.0  1  1
		 23  131  2105.57  3551.40176   3551.4019   4.0  1  1
		 23  131  2193.54  3549.59576   3549.5959   4.0  1  1
		 23  131  2245.64  3548.51438   3548.5144   4.0  1  1
		 23  131  2301.80   3547.3389   3547.3376   4.0  1  1
		 23  131  2457.84  3544.01848   3544.0179   4.0  1  1
		 23  131  2660.45   3539.5875   3539.5872   4.0  1  1
		 24  130   378.83  3609.44459   3609.4452   4.0  1  1
		 24  130   449.06  3608.37661    3608.377   4.0  1  1
		 24  130   568.82   3606.5207   3606.5218   4.0  1  1
		 24  130   684.91  3604.67992   3604.6819   4.0  1  1
		 24  130   907.54  3601.03379   3601.0344   4.0  1  1
		 24  130  1079.00  3598.12078   3598.1199   4.0  1  1
		 24  130  1380.29  3592.77948   3592.7794   4.0  1  1
		 24  130  1452.69  3591.45335   3591.4524   4.0  1  1
		 24  130  1613.82  3588.44207   3588.4407   4.0  1  1
		 24  130  1834.86  3584.17612   3584.1756   4.0  1  1
		 24  130  1889.33  3583.10067   3583.1022   4.0  1  1
		 24  130  1926.83  3582.35462   3582.3546   4.0  1  1
		 24  130  1964.19  3581.60701   3581.6084   4.0  1  1
		 24  130  2208.07  3576.61494   3576.6156   4.0  1  1
		 24  130  2525.65  3569.82203   3569.8204   4.0  1  1
		 25  129   475.59  3635.94219   3635.9433   4.0  1  1
		 25  129   562.63  3634.58074   3634.5822   4.0  1  1
		 25  129   672.48  3632.82921   3632.8303   4.0  1  1
		 25  129   854.29  3629.84823     3629.85   4.0  1  1
		 25  129  1261.52  3622.79626   3622.7954   4.0  1  1
		 25  129  1503.20  3618.36301   3618.3633   4.0  1  1
		 25  129  1635.78  3615.85167   3615.8503   4.0  1  1
		 25  129  1673.21  3615.13254   3615.1327   4.0  1  1
		 25  129  1789.60  3612.86705   3612.8666   4.0  1  1
		 25  129  1811.90  3612.42801   3612.4275   4.0  1  1
		 25  129  1961.37   3609.4436   3609.4452   4.0  1  1
		 25  129  2013.89  3608.37763    3608.377   4.0  1  1
		 25  129  2104.34  3606.52088   3606.5218   4.0  1  1
		 25  129  2135.34  3605.87815    3605.879   4.0  1  1
		 25  129  2192.75  3604.67975   3604.6819   4.0  1  1
		 25  129  2364.37  3601.03265   3601.0344   4.0  1  1
		 25  129  2498.24  3598.11969   3598.1199   4.0  1  1
		 26  128   227.10  3668.13978   3668.1398   4.0  1  1
		 26  128   304.33  3666.98305   3666.9811   4.0  1  1
		 26  128   548.73  3663.20155   3663.2025   4.0  1  1
		 26  128   647.56  3661.61993   3661.6214   4.0  1  1
		 26  128   720.35  3660.43577    3660.437   4.0  1  1
		 26  128   769.39  3659.62857   3659.6294   4.0  1  1
		 26  128   818.75  3658.80842   3658.8087   4.0  1  1
		 26  128   943.95  3656.69415   3656.6938   4.0  1  1
		 26  128  1073.05  3654.46218   3654.4618   4.0  1  1
		 26  128  1202.58  3652.16966   3652.1683   4.0  1  1
		 26  128  1336.89  3649.73627   3649.7349   4.0  1  1
		 26  128  1363.29  3649.25107   3649.2496   4.0  1  1
		 26  128  1552.58   3645.7073    3645.707   4.0  1  1
		 26  128  1666.76  3643.51374   3643.5123   4.0  1  1
		 26  128  1731.57  3642.24977    3642.249   4.0  1  1
		 26  128  2045.06  3635.94248   3635.9433   4.0  1  1
		 26  128  2110.67  3634.58145   3634.5822   4.0  1  1
		 26  128  2194.17    3632.829   3632.8303   4.0  1  1
		 26  128  2526.33  3625.62752    3625.628   4.0  1  1
		 26  128  2652.44  3622.79673   3622.7954   4.0  1  1
		 27  127   341.67  3695.29076   3695.2889   4.0  1  1
		 27  127   413.75   3694.1781   3694.1785   4.0  1  1
		 27  127   516.35  3692.56637   3692.5664   4.0  1  1
		 27  127   576.08  3691.61311   3691.6141   4.0  1  1
		 27  127   588.63  3691.41129   3691.4117   4.0  1  1
		 27  127   637.37  3690.62332   3690.6238   4.0  1  1
		 27  127   797.41  3687.98299   3687.9841   4.0  1  1
		 27  127   976.47  3684.93328   3684.9329   4.0  1  1
		 27  127  1220.79  3680.60736   3680.6053   4.0  1  1
		 27  127  1229.54  3680.44905   3680.4477   4.0  1  1
		 27  127  1250.83  3680.06239   3680.0609   4.0  1  1
		 27  127  1270.10   3679.7112   3679.7105   4.0  1  1
		 27  127  1279.21  3679.54474   3679.5444   4.0  1  1
		 27  127  1301.54  3679.13567   3679.1343   4.0  1  1
		 27  127  1337.21  3678.47892   3678.4804   4.0  1  1
		 27  127  1348.47  3678.27058   3678.2701   4.0  1  1
		 27  127  1462.43  3676.14062   3676.1424   4.0  1  1
		 27  127  1472.04  3675.95901   3675.9592   4.0  1  1
		 27  127  1480.96  3675.79028   3675.7893   4.0  1  1
		 27  127  1492.65  3675.56866   3675.5675   4.0  1  1
		 27  127  1515.35  3675.13712   3675.1372   4.0  1  1
		 27  127  1528.25  3674.89119    3674.891   4.0  1  1
		 27  127  1585.43  3673.79414   3673.7935   4.0  1  1
		 27  127  1651.08  3672.52175   3672.5218   4.0  1  1
		 27  127  1662.39  3672.30102   3672.3003   4.0  1  1
		 27  127  1701.27  3671.53948   3671.5398   4.0  1  1
		 27  127  1871.90    3668.138   3668.1398   4.0  1  1
		 27  127  1928.83  3666.98181   3666.9811   4.0  1  1
		 27  127  2111.41  3663.20167   3663.2025   4.0  1  1
		 27  127  2186.29  3661.61909   3661.6214   4.0  1  1
		 27  127  2241.65  3660.43721    3660.437   4.0  1  1
		 27  127  2279.26  3659.62833   3659.6294   4.0  1  1
		 27  127  2317.20  3658.80777   3658.8087   4.0  1  1
		 27  127  2413.87  3656.69469   3656.6938   4.0  1  1
		 27  127  2514.46  3654.46252   3654.4618   4.0  1  1
		 28  126   291.35  3725.39588   3725.3932   4.0  1  1
		 28  126   348.52  3724.51695    3724.517   4.0  1  1
		 28  126   519.69  3721.82452   3721.8254   4.0  1  1
		 28  126   557.59  3721.21597   3721.2152   4.0  1  1
		 28  126   613.58   3720.3086   3720.3073   4.0  1  1
		 28  126   642.55  3719.83521   3719.8362   4.0  1  1
		 28  126   666.98  3719.43395   3719.4347   4.0  1  1
		 28  126   741.07  3718.20571   3718.2065   4.0  1  1
		 28  126   802.68  3717.17089   3717.1713   4.0  1  1
		 28  126   897.24  3715.55929   3715.5606   4.0  1  1
		 28  126  1121.48  3711.62338   3711.6229   4.0  1  1
		 28  126  1139.28  3711.30397   3711.3041   4.0  1  1
		 28  126  1386.25  3706.76727   3706.7672   4.0  1  1
		 28  126  1486.82  3704.86306   3704.8616   4.0  1  1
		 28  126  1543.49  3703.77555   3703.7743   4.0  1  1
		 28  126  1571.63   3703.2315   3703.2299   4.0  1  1
		 28  126  1742.12  3699.88033   3699.8808   4.0  1  1
		 28  126  1830.47  3698.10611   3698.1061   4.0  1  1
		 28  126  1848.44  3697.74209   3697.7436   4.0  1  1
		 28  126  1882.83  3697.04241   3697.0308   4.0  1  0
		 28  126  1968.24   3695.2875   3695.2889   4.0  1  1
		 28  126  2021.64  3694.17812   3694.1785   4.0  1  1
		 28  126  2098.41  3692.56639   3692.5664   4.0  1  1
		 28  126  2143.41  3691.61263   3691.6141   4.0  1  1
		 28  126  2152.84  3691.41189   3691.4117   4.0  1  1
		 28  126  2189.68  3690.62465   3690.6238   4.0  1  1
		 28  126  2311.71  3687.98472   3687.9841   4.0  1  1
		 28  126  2450.07  3684.93084   3684.9329   4.0  1  1
		 28  126  2647.98  3680.44915   3680.4477   4.0  1  1
		 29  125    74.50  3758.46962   3758.4671   4.0  1  1
		 29  125   290.70  3755.21358   3755.2121   4.0  1  1
		 29  125   330.81  3754.59338    3754.593   4.0  1  1
		 29  125   399.60  3753.51797   3753.5177   4.0  1  1
		 29  125   417.04  3753.24303   3753.2421   4.0  1  1
		 29  125   459.61  3752.56763     3752.57   4.0  1  1
		 29  125   555.75  3751.02159   3751.0219   4.0  1  1
		 29  125   766.01  3747.53776    3747.539   4.0  1  1
		 29  125   858.05  3745.96841   3745.9706   4.0  1  1
		 29  125   876.02  3745.65872   3745.6591   4.0  1  1
		 29  125   929.00  3744.73999   3744.7367   4.0  1  1
		 29  125  1032.26  3742.92332   3742.9234   4.0  1  1
		 29  125  1129.37  3741.18321    3741.183   4.0  1  1
		 29  125  1147.45    3740.856   3740.8551   4.0  1  1
		 29  125  1308.66  3737.89034    3737.889   4.0  1  1
		 29  125  1328.79  3737.51396   3737.5125   4.0  1  1
		 29  125  1565.64  3732.98698   3732.9854   4.0  1  1
		 29  125  1679.36  3730.74767   3730.7485   4.0  1  1
		 29  125  1698.39  3730.36879   3730.3683   4.0  1  1
		 29  125  1751.32  3729.30853   3729.3087   4.0  1  1
		 29  125  1820.73  3727.90393   3727.9027   4.0  1  1
		 29  125  1835.08  3727.61162    3727.612   4.0  1  1
		 29  125  1878.47  3726.72348   3726.7246   4.0  1  1
		 29  125  1942.88  3725.39332   3725.3932   4.0  1  1
		 29  125  2026.00  3723.65619   3723.6561   4.0  1  1
		 29  125  2112.46   3721.8247   3721.8254   4.0  1  1
		 29  125  2140.89  3721.21686   3721.2152   4.0  1  1
		 29  125  2183.27  3720.30593   3720.3073   4.0  1  1
		 29  125  2205.03  3719.83579   3719.8362   4.0  1  1
		 29  125  2223.54  3719.43464   3719.4347   4.0  1  1
		 29  125  2279.87  3718.20666   3718.2065   4.0  1  1
		 29  125  2326.97  3717.17166   3717.1713   4.0  1  1
		 29  125  2399.55   3715.5617   3715.5606   4.0  1  1
		 29  125  2573.84  3711.62275   3711.6229   4.0  1  1
		 29  125  2587.65  3711.30608   3711.3041   4.0  1  1
		 30  124   430.86  3783.29637   3783.2964   4.0  1  1
		 30  124   786.63  3777.41544   3777.4167   4.0  1  1
		 30  124   853.11   3776.2715   3776.2711   4.0  1  1
		 30  124   996.33  3773.75828   3773.7574   4.0  1  1
		 30  124  1058.32  3772.64977   3772.6498   4.0  1  1
		 30  124  1128.96  3771.37146   3771.3708   4.0  1  1
		 30  124  1175.50  3770.52027     3770.52   4.0  1  1
		 30  124  1200.65  3770.05736    3770.056   4.0  1  1
		 30  124  1316.43  3767.89932   3767.9007   4.0  1  1
		 30  124  1393.05  3766.44713   3766.4473   4.0  1  1
		 30  124  1410.24  3766.11861   3766.1186   4.0  1  1
		 30  124  1454.40  3765.27022     3765.27   4.0  1  1
		 30  124  1545.19  3763.50567   3763.5053   4.0  1  1
		 30  124  1785.38  3758.70531   3758.7063   4.0  1  1
		 30  124  1797.05  3758.46708   3758.4671   4.0  1  1
		 30  124  1834.72  3757.69541   3757.6941   4.0  1  1
		 30  124  1902.49  3756.29473   3756.2941   4.0  1  1
		 30  124  1954.40   3755.2113   3755.2121   4.0  1  1
		 30  124  1983.84  3754.59303    3754.593   4.0  1  1
		 30  124  2034.67  3753.51835   3753.5177   4.0  1  1
		 30  124  2047.65  3753.24248   3753.2421   4.0  1  1
		 30  124  2079.29  3752.56766     3752.57   4.0  1  1
		 30  124  2151.22  3751.02106   3751.0219   4.0  1  1
		 30  124  2310.32  3747.53769    3747.539   4.0  1  1
		 30  124  2380.67   3745.9696   3745.9706   4.0  1  1
		 30  124  2394.53  3745.65884   3745.6591   4.0  1  1
		 30  124  2515.24  3742.92313   3742.9234   4.0  1  1
		 30  124  2590.86  3741.18382    3741.183   4.0  1  1
		 31  123   492.13  3813.06933    3813.068   4.0  1  1
		 31  123   617.94  3810.99535    3810.995   4.0  1  1
		 31  123   709.41  3809.45545   3809.4561   4.0  1  1
		 31  123   786.84  3808.13057    3808.129   4.0  1  1
		 31  123   801.71  3807.87405    3807.874   4.0  1  1
		 31  123   919.27  3805.81967     3805.82   4.0  1  1
		 31  123  1022.17  3803.98451    3803.984   4.0  1  1
		 31  123  1072.43   3803.0754    3803.075   4.0  1  1
		 31  123  1161.52  3801.44378    3801.443   4.0  1  1
		 31  123  1272.05    3799.383    3799.382   4.0  1  1
		 31  123  1339.54  3798.10479    3798.103   4.0  1  1
		 31  123  1543.34  3794.15281    3794.151   4.0  1  1
		 31  123  1614.93  3792.73156     3792.73   4.0  1  1
		 31  123  1711.12  3790.79495    3790.795   4.0  1  1
		 31  123  1732.60  3790.35837    3790.356   4.0  1  1
		 31  123  1790.73  3789.16873    3789.168   4.0  1  1
		 31  123  1901.00  3786.88052    3786.883   4.0  1  1
		 31  123  1924.72  3786.38288   3786.3824   4.0  1  1
		 31  123  1961.85   3785.6002   3785.6002   4.0  1  1
		 31  123  2010.25  3784.57289   3784.5749   4.0  1  1
		 31  123  2069.87  3783.29638   3783.2964   4.0  1  1
		 31  123  2083.09  3783.01159   3783.0127   4.0  1  1
		 31  123  2337.48  3777.41656   3777.4167   4.0  1  1
		 31  123  2388.36  3776.27092   3776.2711   4.0  1  1
		 31  123  2546.55  3772.65132   3772.6498   4.0  1  1
		 31  123  2601.60  3771.37142   3771.3708   4.0  1  1
		 31  123  2637.91  3770.52147     3770.52   4.0  1  1
		 32  122   333.76  3846.88891   3846.8876   4.0  1  1
		 32  122   426.17   3845.4059   3845.4055   4.0  1  1
		 32  122   467.68  3844.73092   3844.7311   4.0  1  1
		 32  122   578.74  3842.89715   3842.8968   4.0  1  1
		 32  122   634.61  3841.95954   3841.9601   4.0  1  1
		 32  122   660.73  3841.51773   3841.5187   4.0  1  1
		 32  122   702.93   3840.7993   3840.8004   4.0  1  1
		 32  122   767.18  3839.69417   3839.6953   4.0  1  1
		 32  122   871.30  3837.87453   3837.8752   4.0  1  1
		 32  122   943.96  3836.58347   3836.5851   4.0  1  1
		 32  122   992.55  3835.71049   3835.7111   4.0  1  1
		 32  122  1049.43  3834.67856   3834.6787   4.0  1  1
		 32  122  1136.08  3833.08608    3833.086   4.0  1  1
		 32  122  1259.51  3830.77452   3830.7736   4.0  1  1
		 32  122  1297.04  3830.06155   3830.0606   4.0  1  1
		 32  122  1384.35  3828.38483   3828.3846   4.0  1  1
		 32  122  1465.30  3826.80733   3826.8072   4.0  1  1
		 32  122  1487.56  3826.36961   3826.3688   4.0  1  1
		 32  122  1522.74  3825.67456   3825.6729   4.0  1  1
		 32  122  1549.92  3825.13463   3825.1331   4.0  1  1
		 32  122  1652.75  3823.06959   3823.0676   4.0  1  1
		 32  122  1662.90  3822.86393   3822.8619   4.0  1  1
		 32  122  1733.10   3821.4311   3821.4308   4.0  1  1
		 32  122  1764.13  3820.79237   3820.7926   4.0  1  1
		 32  122  1865.41  3818.68509    3818.686   4.0  1  1
		 32  122  1984.40  3816.16459   3816.1666   4.0  1  1
		 32  122  2127.53  3813.06827    3813.068   4.0  1  1
		 32  122  2273.68  3809.83396    3809.835   4.0  1  1
		 32  122  2290.55   3809.4558   3809.4561   4.0  1  1
		 32  122  2360.64  3807.87415    3807.874   4.0  1  1
		 32  122  2450.47  3805.82218     3805.82   4.0  1  1
		 32  122  2529.92  3803.98401    3803.984   4.0  1  1
		 32  122  2568.78  3803.07678    3803.075   4.0  1  1
		 32  122  2638.19  3801.44338    3801.443   4.0  1  1
		 33  121   520.01  3875.64661   3875.6462   4.0  1  1
		 33  121   536.46  3875.37268   3875.3731   4.0  1  1
		 33  121   566.95  3874.86233   3874.8619   4.0  1  1
		 33  121   603.72  3874.24305   3874.2438   4.0  1  1
		 33  121   628.60  3873.82146   3873.8224   4.0  1  1
		 33  121   649.05   3873.4733    3873.474   4.0  1  1
		 33  121   668.19  3873.14633   3873.1479   4.0  1  1
		 33  121   693.04  3872.71999   3872.7222   4.0  1  1
		 33  121   726.84  3872.13676   3872.1371   4.0  1  1
		 33  121   867.89  3869.66227   3869.6633   4.0  1  1
		 33  121   931.35  3868.52759   3868.5284   4.0  1  1
		 33  121   946.36  3868.25729   3868.2547   4.0  1  1
		 33  121  1020.65  3866.90816   3866.9092   4.0  1  1
		 33  121  1208.94   3863.4062   3863.4059   4.0  1  1
		 33  121  1260.85  3862.41976   3862.4218   4.0  1  1
		 33  121  1316.60  3861.35029   3861.3524   4.0  1  1
		 33  121  1394.46  3859.83935   3859.8396   4.0  1  1
		 33  121  1570.10   3856.3551   3856.3544   4.0  1  1
		 33  121  1660.98  3854.51118   3854.5108   4.0  1  1
		 33  121  1776.09  3852.13523   3852.1353   4.0  1  1
		 33  121  1850.25  3850.58049   3850.5813   4.0  1  1
		 33  121  2022.94  3846.88657   3846.8876   4.0  1  1
		 33  121  2090.86  3845.40548   3845.4055   4.0  1  1
		 33  121  2121.56  3844.73071   3844.7311   4.0  1  1
		 33  121  2204.26  3842.89696   3842.8968   4.0  1  1
		 33  121  2246.14  3841.95929   3841.9601   4.0  1  1
		 33  121  2265.72  3841.51866   3841.5187   4.0  1  1
		 33  121  2297.57  3840.79931   3840.8004   4.0  1  1
		 33  121  2346.19  3839.69419   3839.6953   4.0  1  1
		 33  121  2425.46  3837.87482   3837.8752   4.0  1  1
		 33  121  2518.55  3835.70984   3835.7111   4.0  1  1
		 33  121  2562.44   3834.6786   3834.6787   4.0  1  1
		 33  121  2629.66  3833.08611    3833.086   4.0  1  1
	offset	154
	slope	-1
	niterate 3
	lowreject 3.
	highreject 3.
	coefficients	24
		1.
		4.
		4.
		1.
		1.
		3000.
		121.
		153.
		466530.9747469693
		-3644.960851454619
		-234.0809195816821
		-2.812137527880573
		-25.0510420989749
		-30.72961316831903
		-3.484271007460557
		-0.7849312136759496
		0.6393349630575558
		-2.587033182604901
		-0.2244808020771013
		-0.1797529108205246
		-0.02661569934076197
		-0.08069250871535535
		0.03652905649324473
		-0.07029010382212542

# Tue 12:01:02 04-Mar-2003
begin	ecidentify refThAr_346_2148x3000
	id	refThAr_346_2148x3000
	task	ecidentify
	image	refThAr_346_2148x3000
	units	angstroms
	features	538
		  1  153   760.47  3061.69934      3061.7   4.0  1  1
		  1  153   849.82  3060.43914    3060.439   4.0  1  1
		  2  152   679.10  3082.97902    3082.981   4.0  1  1
		  2  152   970.59  3078.82793    3078.828   4.0  1  1
		  2  152  1411.45  3072.11443    3072.115   4.0  1  1
		  2  152  1682.02  3067.72914    3067.729   4.0  1  1
		  2  152  2034.88  3061.70059      3061.7   4.0  1  1
		  2  152  2106.28  3060.43751    3060.439   4.0  1  1
		  3  151  1657.02  3088.47115     3088.47   4.0  1  1
		  3  151  1860.75  3085.02751    3085.026   4.0  1  1
		  3  151  2134.39  3080.21546    3080.217   4.0  1  1
		  4  150   576.57  3125.50983    3125.507   4.0  1  1
		  4  150   657.54  3124.38791    3124.387   4.0  1  1
		  4  150  1703.15  3108.29639    3108.297   4.0  1  1
		  4  150  2529.02  3093.39822    3093.396   4.0  1  1
		  5  149   637.53  3145.63804    3145.637   4.0  1  1
		  5  149   834.13  3142.83449    3142.836   4.0  1  1
		  5  149  1007.67  3140.27261    3140.272   4.0  1  1
		  5  149  2058.48  3122.96341    3122.963   4.0  1  1
		  6  148   436.31  3169.67191    3169.673   4.0  1  1
		  6  148  1464.95   3154.3015    3154.301   4.0  1  1
		  6  148  1948.84  3146.04385    3146.043   4.0  1  1
		  6  148  2265.51  3140.27136    3140.272   4.0  1  1
		  6  148  2332.31  3139.01584    3139.017   4.0  1  1
		  7  147   651.88  3188.23348   3188.2339   4.0  1  1
		  7  147  1189.73  3180.19383    3180.194   4.0  1  1
		  7  147  1312.63  3178.24363    3178.243   4.0  1  1
		  7  147  1605.35  3173.42609    3173.427   4.0  1  1
		  7  147  1843.30  3169.32856    3169.329   4.0  1  1
		  8  146   572.70  3211.19519   3211.1943   4.0  1  1
		  8  146   635.40  3210.30701   3210.3085   4.0  1  1
		  8  146  1039.60  3204.32084    3204.321   4.0  1  1
		  8  146  1574.69  3195.69062    3195.689   4.0  1  1
		  8  146  2000.51  3188.23322   3188.2339   4.0  1  1
		  8  146  2178.96  3184.94924   3184.9486   4.0  1  1
		  8  146  2528.49  3178.24079    3178.243   4.0  1  1
		  9  145   393.37  3235.83912     3235.84   4.0  1  1
		  9  145   454.62  3234.99609   3234.9962   4.0  1  1
		  9  145   869.86  3229.00928   3229.0096   4.0  1  1
		  9  145  1419.00  3220.35079   3220.3508   4.0  1  1
		  9  145  1947.69  3211.19456   3211.1943   4.0  1  1
		  9  145  1996.50  3210.30782   3210.3085   4.0  1  1
		  9  145  2316.40  3204.32011    3204.321   4.0  1  1
		 10  144   461.27  3257.36851   3257.3667   4.0  1  1
		 10  144   539.13  3256.27378   3256.2738   4.0  1  1
		 10  144   706.40  3253.86516   3253.8659   4.0  1  1
		 10  144   838.01  3251.91535   3251.9159   4.0  1  1
		 10  144   977.30  3249.79882   3249.8003   4.0  1  1
		 10  144  1233.52   3245.7619   3245.7603   4.0  1  1
		 10  144  1314.40  3244.44862   3244.4488   4.0  1  1
		 10  144  1360.65  3243.68911   3243.6887   4.0  1  1
		 10  144  1515.00  3241.10991   3241.1079   4.0  1  1
		 10  144  1642.06  3238.93457   3238.9343   4.0  1  1
		 10  144  1689.18  3238.11592    3238.116   4.0  1  1
		 10  144  1818.37  3235.83776     3235.84   4.0  1  1
		 10  144  1865.44  3234.99538   3234.9962   4.0  1  1
		 10  144  2189.86  3229.01016   3229.0096   4.0  1  1
		 11  143   737.03   3276.1692   3276.1712   4.0  1  1
		 11  143   810.88  3275.06763   3275.0676   4.0  1  1
		 11  143  1009.62  3272.02673   3272.0268   4.0  1  1
		 11  143  1580.06  3262.66887   3262.6684   4.0  1  1
		 11  143  1879.97  3257.36706   3257.3667   4.0  1  1
		 11  143  1940.00  3256.27385   3256.2738   4.0  1  1
		 11  143  2070.20  3253.86532   3253.8659   4.0  1  1
		 11  143  2173.61  3251.91599   3251.9159   4.0  1  1
		 11  143  2283.96  3249.80016   3249.8003   4.0  1  1
		 11  143  2489.45  3245.76072   3245.7603   4.0  1  1
		 11  143  2554.79  3244.44908   3244.4488   4.0  1  1
		 11  143  2592.45   3243.6872   3243.6887   4.0  1  1
		 12  142   390.54  3304.24036   3304.2383   4.0  1  1
		 12  142   816.54  3298.04901   3298.0498   4.0  1  1
		 12  142  1169.99  3292.52144   3292.5209   4.0  1  1
		 12  142  1218.25   3291.7389   3291.7394   4.0  1  1
		 12  142  1455.68  3287.78974   3287.7893   4.0  1  1
		 12  142  1526.28  3286.58372   3286.5829   4.0  1  1
		 12  142  1574.41  3285.75305   3285.7525   4.0  1  1
		 12  142  1803.65  3281.70236   3281.7016   4.0  1  1
		 12  142  2161.41    3275.066   3275.0676   4.0  1  1
		 12  142  2318.62  3272.02673   3272.0268   4.0  1  1
		 13  141   424.68  3327.19424   3327.1931   4.0  1  1
		 13  141   569.46   3325.1198    3325.121   4.0  1  1
		 13  141   773.67  3322.09319   3322.0933   4.0  1  1
		 13  141   816.07  3321.44996   3321.4508   4.0  1  1
		 13  141  1557.36  3309.36306   3309.3654   4.0  1  1
		 13  141  1678.75  3307.22974   3307.2283   4.0  1  1
		 13  141  1786.27  3305.30351   3305.3036   4.0  1  1
		 13  141  1844.85  3304.23939   3304.2383   4.0  1  1
		 13  141  2174.88  3298.05012   3298.0498   4.0  1  1
		 13  141  2455.64  3292.52213   3292.5209   4.0  1  1
		 13  141  2494.47   3291.7384   3291.7394   4.0  1  1
		 13  141  2686.58  3287.79164   3287.7893   4.0  1  1
		 14  140   405.74  3351.22937    3351.229   4.0  1  1
		 14  140   427.18  3350.92502    3350.924   4.0  1  1
		 14  140   576.51  3348.76919   3348.7684   4.0  1  1
		 14  140  1098.87  3340.72629   3340.7254   4.0  1  1
		 14  140  1272.99  3337.86946   3337.8703   4.0  1  1
		 14  140  1465.59  3334.60509   3334.6041   4.0  1  1
		 14  140  1550.56  3333.13004    3333.129   4.0  1  1
		 14  140  1700.34  3330.47719    3330.477   4.0  1  1
		 14  140  1741.86  3329.72986   3329.7284   4.0  1  1
		 14  140  1880.61  3327.19467   3327.1931   4.0  1  1
		 14  140  1991.78  3325.12122    3325.121   4.0  1  1
		 14  140  2011.36  3324.75212    3324.753   4.0  1  1
		 14  140  2150.55  3322.09434   3322.0933   4.0  1  1
		 14  140  2183.79  3321.45091   3321.4508   4.0  1  1
		 15  139   328.09  3376.43846   3376.4359   4.0  1  1
		 15  139   431.18  3374.97602   3374.9749   4.0  1  1
		 15  139   579.36  3372.82104    3372.823   4.0  1  1
		 15  139  1063.56  3365.33867   3365.3383   4.0  1  1
		 15  139  1325.84  3360.99955   3360.9982   4.0  1  1
		 15  139  1465.70  3358.60225    3358.602   4.0  1  1
		 15  139  1715.34  3354.17755   3354.1796   4.0  1  1
		 15  139  2006.91   3348.7701   3348.7684   4.0  1  1
		 15  139  2214.72  3344.75682    3344.759   4.0  1  1
		 15  139  2416.79  3340.72568   3340.7254   4.0  1  1
		 15  139  2556.27   3337.8685   3337.8703   4.0  1  1
		 15  139  2712.01  3334.60569   3334.6041   4.0  1  1
		 15  139  2781.20  3333.13132    3333.129   4.0  1  1
		 16  138   492.44   3398.5444   3398.5448   4.0  1  1
		 16  138   562.43  3397.51514   3397.5161   4.0  1  1
		 16  138   615.41  3396.72671   3396.7278   4.0  1  1
		 16  138   920.15  3392.03369   3392.0349   4.0  1  1
		 16  138  1136.80  3388.53176   3388.5309   4.0  1  1
		 16  138  1258.56  3386.50278   3386.5006   4.0  1  1
		 16  138  1315.81  3385.53343   3385.5316   4.0  1  1
		 16  138  1710.91  3378.57537   3378.5734   4.0  1  1
		 16  138  1827.26  3376.43607   3376.4359   4.0  1  1
		 16  138  1905.44  3374.97517   3374.9749   4.0  1  1
		 16  138  2018.85  3372.82263    3372.823   4.0  1  1
		 16  138  2072.23  3371.79568   3371.7967   4.0  1  1
		 16  138  2397.86  3365.33867   3365.3383   4.0  1  1
		 16  138  2607.81  3360.99863   3360.9982   4.0  1  1
		 16  138  2720.90  3358.60283    3358.602   4.0  1  1
		 17  137   231.52  3427.09177   3427.0923   4.0  1  1
		 17  137   448.99  3423.98932   3423.9897   4.0  1  1
		 17  137   539.64  3422.65592   3422.6561   4.0  1  1
		 17  137   876.20  3417.49633   3417.4978   4.0  1  1
		 17  137   977.07  3415.88512   3415.8846   4.0  1  1
		 17  137  1152.39  3413.01322    3413.013   4.0  1  1
		 17  137  1326.28  3410.07408   3410.0756   4.0  1  1
		 17  137  1402.83  3408.75129   3408.7499   4.0  1  1
		 17  137  1583.49  3405.55922   3405.5584   4.0  1  1
		 17  137  1794.19  3401.71071    3401.711   4.0  1  1
		 17  137  1962.19  3398.54413   3398.5448   4.0  1  1
		 17  137  2015.73  3397.51658   3397.5161   4.0  1  1
		 17  137  2056.51  3396.72797   3396.7278   4.0  1  1
		 17  137  2293.84  3392.03502   3392.0349   4.0  1  1
		 17  137  2465.45  3388.53099   3388.5309   4.0  1  1
		 17  137  2562.88  3386.50009   3386.5006   4.0  1  1
		 17  137  2608.88  3385.53072   3385.5316   4.0  1  1
		 18  136   624.56   3446.5456   3446.5474   4.0  1  1
		 18  136   879.49  3442.57748    3442.579   4.0  1  1
		 18  136  1075.31  3439.39858   3439.3987   4.0  1  1
		 18  136  1234.61  3436.72796   3436.7272   4.0  1  1
		 18  136  1278.55  3435.97787   3435.9771   4.0  1  1
		 18  136  1392.82  3433.99984   3433.9988   4.0  1  1
		 18  136  1671.97   3429.0002   3428.9992   4.0  1  1
		 18  136  1939.21  3423.98894   3423.9897   4.0  1  1
		 18  136  2008.40  3422.65528   3422.6561   4.0  1  1
		 18  136  2082.56  3421.20918     3421.21   4.0  1  1
		 18  136  2269.03  3417.49664   3417.4978   4.0  1  1
		 18  136  2348.40  3415.88301   3415.8846   4.0  1  1
		 18  136  2487.24  3413.01208    3413.013   4.0  1  1
		 18  136  2626.23  3410.07635   3410.0756   4.0  1  1
		 18  136  2688.01  3408.75141   3408.7499   4.0  1  1
		 19  135   309.75  3476.74898   3476.7474   4.0  1  1
		 19  135   632.44  3471.95834   3471.9593   4.0  1  1
		 19  135   763.85  3469.91967   3469.9208   4.0  1  1
		 19  135   800.37  3469.34401   3469.3454   4.0  1  1
		 19  135   871.03  3468.21894   3468.2198   4.0  1  1
		 19  135  1064.51  3465.06192   3465.0626   4.0  1  1
		 19  135  1120.51  3464.12708   3464.1272   4.0  1  1
		 19  135  1196.08  3462.85058   3462.8505   4.0  1  1
		 19  135  1526.27  3457.06932   3457.0691   4.0  1  1
		 19  135  1689.06  3454.09572   3454.0952   4.0  1  1
		 19  135  1816.90  3451.70298   3451.7023   4.0  1  1
		 19  135  2083.62  3446.54615   3446.5474   4.0  1  1
		 19  135  2281.39  3442.57745    3442.579   4.0  1  1
		 19  135  2435.48  3439.39869   3439.3987   4.0  1  1
		 19  135  2562.18  3436.72796   3436.7272   4.0  1  1
		 19  135  2597.36  3435.97729   3435.9771   4.0  1  1
		 19  135  2689.18  3433.99898   3433.9988   4.0  1  1
		 20  134   366.60  3501.86873   3501.8666   4.0  1  1
		 20  134   583.70  3498.62063    3498.621   4.0  1  1
		 20  134   623.58   3498.0088   3498.0098   4.0  1  1
		 20  134   700.85  3496.80988   3496.8107   4.0  1  1
		 20  134   771.46  3495.69876   3495.6998   4.0  1  1
		 20  134   907.39  3493.51772   3493.5185   4.0  1  1
		 20  134  1027.98  3491.53621    3491.536   4.0  1  1
		 20  134  1148.72  3489.50812   3489.5076   4.0  1  1
		 20  134  1320.25  3486.55059   3486.5512   4.0  1  1
		 20  134  1532.65  3482.76299   3482.7613   4.0  1  1
		 20  134  1655.76   3480.5037   3480.5055   4.0  1  1
		 20  134  1727.04  3479.17398   3479.1725   4.0  1  1
		 20  134  1777.00  3478.23253   3478.2324   4.0  1  1
		 20  134  1854.97  3476.74766   3476.7474   4.0  1  1
		 20  134  2099.86  3471.95893   3471.9593   4.0  1  1
		 20  134  2136.95  3471.21715   3471.2186   4.0  1  1
		 20  134  2201.31  3469.91936   3469.9208   4.0  1  1
		 20  134  2229.58  3469.34516   3469.3454   4.0  1  1
		 20  134  2284.63  3468.21967   3468.2198   4.0  1  1
		 20  134  2436.61  3465.06195   3465.0626   4.0  1  1
		 20  134  2480.91  3464.12745   3464.1272   4.0  1  1
		 20  134  2541.00  3462.84976   3462.8505   4.0  1  1
		 21  133   315.23  3528.95445   3528.9544   4.0  1  1
		 21  133   352.25  3528.41215   3528.4116   4.0  1  1
		 21  133   471.78  3526.63351   3526.6342   4.0  1  1
		 21  133   895.02  3519.99292   3519.9936   4.0  1  1
		 21  133   991.50  3518.40349    3518.404   4.0  1  1
		 21  133  1227.94  3514.38829   3514.3877   4.0  1  1
		 21  133  1487.69  3509.77897   3509.7785   4.0  1  1
		 21  133  2072.87  3498.62077    3498.621   4.0  1  1
		 21  133  2103.37  3498.00939   3498.0098   4.0  1  1
		 21  133  2162.75  3496.81063   3496.8107   4.0  1  1
		 21  133  2217.30  3495.69935   3495.6998   4.0  1  1
		 21  133  2322.99  3493.51903   3493.5185   4.0  1  1
		 21  133  2417.62  3491.53615    3491.536   4.0  1  1
		 21  133  2513.07  3489.50685   3489.5076   4.0  1  1
		 21  133  2649.68  3486.55039   3486.5512   4.0  1  1
		 22  132   361.07  3555.01419   3555.0135   4.0  1  1
		 22  132   408.64  3554.30519   3554.3058   4.0  1  1
		 22  132   598.95  3551.40098   3551.4019   4.0  1  1
		 22  132   713.82  3549.59523   3549.5959   4.0  1  1
		 22  132   781.47  3548.51319   3548.5144   4.0  1  1
		 22  132   853.95  3547.33833   3547.3376   4.0  1  1
		 22  132  1053.64  3544.01872   3544.0179   4.0  1  1
		 22  132  1309.42   3539.5874   3539.5872   4.0  1  1
		 22  132  1507.72  3536.01196   3536.0108   4.0  1  1
		 22  132  1545.33  3535.31997   3535.3196   4.0  1  1
		 22  132  1751.37  3531.44983   3531.4505   4.0  1  1
		 22  132  1800.12  3530.51442   3530.5148   4.0  1  1
		 22  132  1858.43  3529.38574   3529.3859   4.0  1  1
		 22  132  1880.58  3528.95418   3528.9544   4.0  1  1
		 22  132  1908.37  3528.41039   3528.4116   4.0  1  1
		 22  132  1998.36  3526.63278   3526.6342   4.0  1  1
		 22  132  2323.49  3519.99316   3519.9936   4.0  1  1
		 22  132  2398.92   3518.4037    3518.404   4.0  1  1
		 22  132  2585.69  3514.38839   3514.3877   4.0  1  1
		 23  131   297.10  3583.10416   3583.1022   4.0  1  1
		 23  131   347.63  3582.35506   3582.3546   4.0  1  1
		 23  131   397.54  3581.60767   3581.6084   4.0  1  1
		 23  131   718.91  3576.61496   3576.6156   4.0  1  1
		 23  131   976.17  3572.39148   3572.3923   4.0  1  1
		 23  131  1126.96  3569.82106   3569.8204   4.0  1  1
		 23  131  1397.58  3565.03074   3565.0298   4.0  1  1
		 23  131  1614.17   3561.0309   3561.0304   4.0  1  1
		 23  131  1694.54  3559.50893   3559.5081   4.0  1  1
		 23  131  1829.60  3556.90487   3556.9041   4.0  1  1
		 23  131  1925.85  3555.01348   3555.0135   4.0  1  1
		 23  131  1961.51  3554.30523   3554.3058   4.0  1  1
		 23  131  2105.57  3551.40189   3551.4019   4.0  1  1
		 23  131  2193.54  3549.59589   3549.5959   4.0  1  1
		 23  131  2245.64  3548.51437   3548.5144   4.0  1  1
		 23  131  2301.80   3547.3388   3547.3376   4.0  1  1
		 23  131  2457.84  3544.01807   3544.0179   4.0  1  1
		 23  131  2660.45  3539.58649   3539.5872   4.0  1  1
		 24  130   378.83  3609.44494   3609.4452   4.0  1  1
		 24  130   449.06  3608.37679    3608.377   4.0  1  1
		 24  130   568.82  3606.52075   3606.5218   4.0  1  1
		 24  130   684.91  3604.67981   3604.6819   4.0  1  1
		 24  130   907.54  3601.03359   3601.0344   4.0  1  1
		 24  130  1079.00   3598.1206   3598.1199   4.0  1  1
		 24  130  1380.29  3592.77943   3592.7794   4.0  1  1
		 24  130  1452.69  3591.45331   3591.4524   4.0  1  1
		 24  130  1613.82  3588.44209   3588.4407   4.0  1  1
		 24  130  1834.86  3584.17617   3584.1756   4.0  1  1
		 24  130  1889.33  3583.10083   3583.1022   4.0  1  1
		 24  130  1926.83  3582.35477   3582.3546   4.0  1  1
		 24  130  1964.19  3581.60719   3581.6084   4.0  1  1
		 24  130  2208.07  3576.61497   3576.6156   4.0  1  1
		 24  130  2525.65  3569.82148   3569.8204   4.0  1  1
		 25  129   475.59  3635.94232   3635.9433   4.0  1  1
		 25  129   562.63  3634.58076   3634.5822   4.0  1  1
		 25  129   672.48  3632.82913   3632.8303   4.0  1  1
		 25  129   854.29  3629.84806     3629.85   4.0  1  1
		 25  129  1261.52   3622.7961   3622.7954   4.0  1  1
		 25  129  1503.20  3618.36303   3618.3633   4.0  1  1
		 25  129  1635.78  3615.85174   3615.8503   4.0  1  1
		 25  129  1673.21  3615.13263   3615.1327   4.0  1  1
		 25  129  1789.60  3612.86717   3612.8666   4.0  1  1
		 25  129  1811.90  3612.42813   3612.4275   4.0  1  1
		 25  129  1961.37  3609.44377   3609.4452   4.0  1  1
		 25  129  2013.89  3608.37774    3608.377   4.0  1  1
		 25  129  2104.34  3606.52097   3606.5218   4.0  1  1
		 25  129  2135.34  3605.87827    3605.879   4.0  1  1
		 25  129  2192.75  3604.67984   3604.6819   4.0  1  1
		 25  129  2364.37  3601.03251   3601.0344   4.0  1  1
		 25  129  2498.24  3598.11944   3598.1199   4.0  1  1
		 26  128   227.10  3668.14015   3668.1398   4.0  1  1
		 26  128   304.33  3666.98328   3666.9811   4.0  1  1
		 26  128   548.73   3663.2016   3663.2025   4.0  1  1
		 26  128   647.56  3661.61996   3661.6214   4.0  1  1
		 26  128   720.35   3660.4357    3660.437   4.0  1  1
		 26  128   769.39  3659.62848   3659.6294   4.0  1  1
		 26  128   818.75  3658.80835   3658.8087   4.0  1  1
		 26  128   943.95  3656.69399   3656.6938   4.0  1  1
		 26  128  1073.05  3654.46206   3654.4618   4.0  1  1
		 26  128  1202.58   3652.1696   3652.1683   4.0  1  1
		 26  128  1336.89  3649.73622   3649.7349   4.0  1  1
		 26  128  1363.29  3649.25105   3649.2496   4.0  1  1
		 26  128  1552.58  3645.70731    3645.707   4.0  1  1
		 26  128  1666.76  3643.51375   3643.5123   4.0  1  1
		 26  128  1731.57  3642.24984    3642.249   4.0  1  1
		 26  128  2045.06  3635.94255   3635.9433   4.0  1  1
		 26  128  2110.67  3634.58156   3634.5822   4.0  1  1
		 26  128  2194.17  3632.82901   3632.8303   4.0  1  1
		 26  128  2526.33  3625.62726    3625.628   4.0  1  1
		 26  128  2652.44  3622.79612   3622.7954   4.0  1  1
		 27  127   341.67  3695.29082   3695.2889   4.0  1  1
		 27  127   413.75  3694.17817   3694.1785   4.0  1  1
		 27  127   516.35  3692.56643   3692.5664   4.0  1  1
		 27  127   576.08   3691.6131   3691.6141   4.0  1  1
		 27  127   588.63  3691.41135   3691.4117   4.0  1  1
		 27  127   637.37   3690.6233   3690.6238   4.0  1  1
		 27  127   797.41    3687.983   3687.9841   4.0  1  1
		 27  127   976.47  3684.93322   3684.9329   4.0  1  1
		 27  127  1220.79  3680.60733   3680.6053   4.0  1  1
		 27  127  1229.54  3680.44895   3680.4477   4.0  1  1
		 27  127  1250.83  3680.06235   3680.0609   4.0  1  1
		 27  127  1270.10  3679.71118   3679.7105   4.0  1  1
		 27  127  1279.21  3679.54472   3679.5444   4.0  1  1
		 27  127  1301.54  3679.13566   3679.1343   4.0  1  1
		 27  127  1337.21  3678.47891   3678.4804   4.0  1  1
		 27  127  1348.47  3678.27058   3678.2701   4.0  1  1
		 27  127  1462.43  3676.14064   3676.1424   4.0  1  1
		 27  127  1472.04  3675.95904   3675.9592   4.0  1  1
		 27  127  1480.96  3675.79026   3675.7893   4.0  1  1
		 27  127  1492.65  3675.56868   3675.5675   4.0  1  1
		 27  127  1515.35  3675.13715   3675.1372   4.0  1  1
		 27  127  1528.25  3674.89114    3674.891   4.0  1  1
		 27  127  1585.43  3673.79419   3673.7935   4.0  1  1
		 27  127  1651.08  3672.52181   3672.5218   4.0  1  1
		 27  127  1662.39  3672.30107   3672.3003   4.0  1  1
		 27  127  1701.27  3671.53954   3671.5398   4.0  1  1
		 27  127  1871.90  3668.13812   3668.1398   4.0  1  1
		 27  127  1928.83  3666.98188   3666.9811   4.0  1  1
		 27  127  2111.41   3663.2017   3663.2025   4.0  1  1
		 27  127  2186.29  3661.61917   3661.6214   4.0  1  1
		 27  127  2241.65  3660.43719    3660.437   4.0  1  1
		 27  127  2279.26  3659.62837   3659.6294   4.0  1  1
		 27  127  2317.20  3658.80771   3658.8087   4.0  1  1
		 27  127  2413.87  3656.69456   3656.6938   4.0  1  1
		 27  127  2514.46   3654.4623   3654.4618   4.0  1  1
		 27  127  2616.29  3652.16792   3652.1683   4.0  1  1
		 28  126   291.35  3725.39592   3725.3932   4.0  1  1
		 28  126   348.52  3724.51702    3724.517   4.0  1  1
		 28  126   519.69  3721.82452   3721.8254   4.0  1  1
		 28  126   557.59  3721.21593   3721.2152   4.0  1  1
		 28  126   613.58  3720.30858   3720.3073   4.0  1  1
		 28  126   642.55  3719.83523   3719.8362   4.0  1  1
		 28  126   666.98    3719.434   3719.4347   4.0  1  1
		 28  126   741.07  3718.20569   3718.2065   4.0  1  1
		 28  126   802.68  3717.17089   3717.1713   4.0  1  1
		 28  126   897.24  3715.55931   3715.5606   4.0  1  1
		 28  126  1121.48  3711.62331   3711.6229   4.0  1  1
		 28  126  1139.28  3711.30398   3711.3041   4.0  1  1
		 28  126  1386.25  3706.76728   3706.7672   4.0  1  1
		 28  126  1486.82  3704.86309   3704.8616   4.0  1  1
		 28  126  1543.49  3703.77555   3703.7743   4.0  1  1
		 28  126  1571.63  3703.23154   3703.2299   4.0  1  1
		 28  126  1742.12  3699.88044   3699.8808   4.0  1  1
		 28  126  1830.47  3698.10615   3698.1061   4.0  1  1
		 28  126  1848.44  3697.74212   3697.7436   4.0  1  1
		 28  126  1968.24  3695.28761   3695.2889   4.0  1  1
		 28  126  2021.64  3694.17816   3694.1785   4.0  1  1
		 28  126  2098.41  3692.56639   3692.5664   4.0  1  1
		 28  126  2143.41  3691.61263   3691.6141   4.0  1  1
		 28  126  2152.84  3691.41185   3691.4117   4.0  1  1
		 28  126  2189.68  3690.62463   3690.6238   4.0  1  1
		 28  126  2311.71  3687.98466   3687.9841   4.0  1  1
		 28  126  2326.00  3687.67232     3687.67   4.0  1  1
		 28  126  2450.07  3684.93071   3684.9329   4.0  1  1
		 28  126  2641.19  3680.60503   3680.6053   4.0  1  1
		 28  126  2647.98  3680.44889   3680.4477   4.0  1  1
		 28  126  2664.73  3680.06365   3680.0609   4.0  1  1
		 28  126  2687.11  3679.54714   3679.5444   4.0  1  1
		 29  125    74.50   3758.4695   3758.4671   4.0  1  1
		 29  125   290.70  3755.21347   3755.2121   4.0  1  1
		 29  125   330.81  3754.59332    3754.593   4.0  1  1
		 29  125   399.60  3753.51795   3753.5177   4.0  1  1
		 29  125   417.04  3753.24297   3753.2421   4.0  1  1
		 29  125   459.61  3752.56769     3752.57   4.0  1  1
		 29  125   555.75  3751.02159   3751.0219   4.0  1  1
		 29  125   766.01  3747.53781    3747.539   4.0  1  1
		 29  125   858.05  3745.96844   3745.9706   4.0  1  1
		 29  125   876.02   3745.6588   3745.6591   4.0  1  1
		 29  125  1032.26  3742.92336   3742.9234   4.0  1  1
		 29  125  1129.37  3741.18326    3741.183   4.0  1  1
		 29  125  1147.45    3740.856   3740.8551   4.0  1  1
		 29  125  1308.66  3737.89035    3737.889   4.0  1  1
		 29  125  1328.79  3737.51401   3737.5125   4.0  1  1
		 29  125  1565.64    3732.987   3732.9854   4.0  1  1
		 29  125  1679.36   3730.7477   3730.7485   4.0  1  1
		 29  125  1698.39  3730.36874   3730.3683   4.0  1  1
		 29  125  1751.32  3729.30855   3729.3087   4.0  1  1
		 29  125  1820.73  3727.90395   3727.9027   4.0  1  1
		 29  125  1835.08  3727.61163    3727.612   4.0  1  1
		 29  125  1878.47  3726.72349   3726.7246   4.0  1  1
		 29  125  1942.88  3725.39327   3725.3932   4.0  1  1
		 29  125  2026.00  3723.65618   3723.6561   4.0  1  1
		 29  125  2112.46  3721.82467   3721.8254   4.0  1  1
		 29  125  2140.89  3721.21683   3721.2152   4.0  1  1
		 29  125  2183.27  3720.30589   3720.3073   4.0  1  1
		 29  125  2205.03  3719.83574   3719.8362   4.0  1  1
		 29  125  2223.54  3719.43459   3719.4347   4.0  1  1
		 29  125  2279.87  3718.20655   3718.2065   4.0  1  1
		 29  125  2326.97  3717.17149   3717.1713   4.0  1  1
		 29  125  2386.15   3715.8602   3715.8615   4.0  1  1
		 29  125  2399.55  3715.56161   3715.5606   4.0  1  1
		 29  125  2573.84  3711.62261   3711.6229   4.0  1  1
		 29  125  2587.65  3711.30594   3711.3041   4.0  1  1
		 30  124   350.10  3784.57499   3784.5749   4.0  1  1
		 30  124   430.86  3783.29632   3783.2964   4.0  1  1
		 30  124   448.74  3783.01047   3783.0127   4.0  1  1
		 30  124   786.63  3777.41558   3777.4167   4.0  1  1
		 30  124   853.11  3776.27157   3776.2711   4.0  1  1
		 30  124   996.33  3773.75836   3773.7574   4.0  1  1
		 30  124  1058.32  3772.64986   3772.6498   4.0  1  1
		 30  124  1128.96  3771.37151   3771.3708   4.0  1  1
		 30  124  1175.50  3770.52033     3770.52   4.0  1  1
		 30  124  1200.65   3770.0574    3770.056   4.0  1  1
		 30  124  1316.43  3767.89949   3767.9007   4.0  1  1
		 30  124  1393.05  3766.44719   3766.4473   4.0  1  1
		 30  124  1410.24  3766.11867   3766.1186   4.0  1  1
		 30  124  1454.40  3765.27028     3765.27   4.0  1  1
		 30  124  1545.19  3763.50572   3763.5053   4.0  1  1
		 30  124  1785.38  3758.70533   3758.7063   4.0  1  1
		 30  124  1797.05  3758.46708   3758.4671   4.0  1  1
		 30  124  1834.72   3757.6953   3757.6941   4.0  1  1
		 30  124  1902.49  3756.29466   3756.2941   4.0  1  1
		 30  124  1954.40  3755.21134   3755.2121   4.0  1  1
		 30  124  1983.84  3754.59299    3754.593   4.0  1  1
		 30  124  2034.67  3753.51824   3753.5177   4.0  1  1
		 30  124  2047.65  3753.24241   3753.2421   4.0  1  1
		 30  124  2079.29  3752.56766     3752.57   4.0  1  1
		 30  124  2151.22  3751.02104   3751.0219   4.0  1  1
		 30  124  2310.32   3747.5376    3747.539   4.0  1  1
		 30  124  2380.67  3745.96959   3745.9706   4.0  1  1
		 30  124  2394.53  3745.65874   3745.6591   4.0  1  1
		 30  124  2435.48  3744.73627   3744.7367   4.0  1  1
		 30  124  2515.24  3742.92303   3742.9234   4.0  1  1
		 30  124  2590.86  3741.18363    3741.183   4.0  1  1
		 31  123   298.13  3816.16754   3816.1666   4.0  1  1
		 31  123   492.13  3813.06923    3813.068   4.0  1  1
		 31  123   617.94  3810.99537    3810.995   4.0  1  1
		 31  123   709.41  3809.45552   3809.4561   4.0  1  1
		 31  123   786.84  3808.13067    3808.129   4.0  1  1
		 31  123   801.71  3807.87411    3807.874   4.0  1  1
		 31  123   919.27  3805.81981     3805.82   4.0  1  1
		 31  123  1022.17   3803.9846    3803.984   4.0  1  1
		 31  123  1072.43  3803.07553    3803.075   4.0  1  1
		 31  123  1161.52  3801.44387    3801.443   4.0  1  1
		 31  123  1272.05  3799.38305    3799.382   4.0  1  1
		 31  123  1339.54   3798.1048    3798.103   4.0  1  1
		 31  123  1543.34  3794.15286    3794.151   4.0  1  1
		 31  123  1614.93  3792.73159     3792.73   4.0  1  1
		 31  123  1711.12  3790.79504    3790.795   4.0  1  1
		 31  123  1732.60  3790.35832    3790.356   4.0  1  1
		 31  123  1790.73  3789.16864    3789.168   4.0  1  1
		 31  123  1924.72  3786.38283   3786.3824   4.0  1  1
		 31  123  1961.85  3785.60013   3785.6002   4.0  1  1
		 31  123  2010.25  3784.57281   3784.5749   4.0  1  1
		 31  123  2069.87  3783.29629   3783.2964   4.0  1  1
		 31  123  2083.09  3783.01155   3783.0127   4.0  1  1
		 31  123  2337.48  3777.41655   3777.4167   4.0  1  1
		 31  123  2388.36   3776.2708   3776.2711   4.0  1  1
		 31  123  2498.54  3773.75889   3773.7574   4.0  1  1
		 31  123  2546.55  3772.65122   3772.6498   4.0  1  1
		 31  123  2601.60  3771.37131   3771.3708   4.0  1  1
		 31  123  2637.91  3770.52129     3770.52   4.0  1  1
		 32  122   333.76  3846.88869   3846.8876   4.0  1  1
		 32  122   426.17  3845.40579   3845.4055   4.0  1  1
		 32  122   467.68  3844.73086   3844.7311   4.0  1  1
		 32  122   578.74  3842.89717   3842.8968   4.0  1  1
		 32  122   634.61  3841.95968   3841.9601   4.0  1  1
		 32  122   660.73  3841.51786   3841.5187   4.0  1  1
		 32  122   702.93   3840.7994   3840.8004   4.0  1  1
		 32  122   767.18   3839.6943   3839.6953   4.0  1  1
		 32  122   871.30  3837.87469   3837.8752   4.0  1  1
		 32  122   943.96  3836.58366   3836.5851   4.0  1  1
		 32  122   992.55  3835.71066   3835.7111   4.0  1  1
		 32  122  1049.43  3834.67878   3834.6787   4.0  1  1
		 32  122  1136.08  3833.08624    3833.086   4.0  1  1
		 32  122  1259.51  3830.77462   3830.7736   4.0  1  1
		 32  122  1297.04  3830.06167   3830.0606   4.0  1  1
		 32  122  1384.35  3828.38485   3828.3846   4.0  1  1
		 32  122  1465.30  3826.80733   3826.8072   4.0  1  1
		 32  122  1487.56  3826.36967   3826.3688   4.0  1  1
		 32  122  1522.74   3825.6746   3825.6729   4.0  1  1
		 32  122  1549.92  3825.13468   3825.1331   4.0  1  1
		 32  122  1652.75   3823.0696   3823.0676   4.0  1  1
		 32  122  1662.90  3822.86386   3822.8619   4.0  1  1
		 32  122  1733.10  3821.43108   3821.4308   4.0  1  1
		 32  122  1764.13  3820.79243   3820.7926   4.0  1  1
		 32  122  1865.41   3818.6851    3818.686   4.0  1  1
		 32  122  1984.40  3816.16451   3816.1666   4.0  1  1
		 32  122  2127.53  3813.06814    3813.068   4.0  1  1
		 32  122  2273.68   3809.8338    3809.835   4.0  1  1
		 32  122  2290.55  3809.45564   3809.4561   4.0  1  1
		 32  122  2360.64  3807.87399    3807.874   4.0  1  1
		 32  122  2450.47  3805.82203     3805.82   4.0  1  1
		 32  122  2529.92  3803.98387    3803.984   4.0  1  1
		 32  122  2568.78  3803.07666    3803.075   4.0  1  1
		 32  122  2638.19  3801.44321    3801.443   4.0  1  1
		 33  121   273.69  3879.64384   3879.6441   4.0  1  1
		 33  121   409.52  3877.46413    3877.463   4.0  1  1
		 33  121   520.01  3875.64659   3875.6462   4.0  1  1
		 33  121   536.46  3875.37268   3875.3731   4.0  1  1
		 33  121   566.95  3874.86236   3874.8619   4.0  1  1
		 33  121   603.72  3874.24311   3874.2438   4.0  1  1
		 33  121   628.60  3873.82153   3873.8224   4.0  1  1
		 33  121   649.05  3873.47342    3873.474   4.0  1  1
		 33  121   668.19  3873.14644   3873.1479   4.0  1  1
		 33  121   693.04   3872.7201   3872.7222   4.0  1  1
		 33  121   726.84   3872.1369   3872.1371   4.0  1  1
		 33  121   867.89  3869.66251   3869.6633   4.0  1  1
		 33  121   931.35  3868.52779   3868.5284   4.0  1  1
		 33  121  1020.65  3866.90836   3866.9092   4.0  1  1
		 33  121  1208.94  3863.40632   3863.4059   4.0  1  1
		 33  121  1260.85  3862.41995   3862.4218   4.0  1  1
		 33  121  1316.60  3861.35052   3861.3524   4.0  1  1
		 33  121  1394.46  3859.83947   3859.8396   4.0  1  1
		 33  121  1570.10  3856.35515   3856.3544   4.0  1  1
		 33  121  1660.98  3854.51119   3854.5108   4.0  1  1
		 33  121  1776.09  3852.13521   3852.1353   4.0  1  1
		 33  121  1850.25  3850.58041   3850.5813   4.0  1  1
		 33  121  2022.94  3846.88642   3846.8876   4.0  1  1
		 33  121  2090.86  3845.40531   3845.4055   4.0  1  1
		 33  121  2121.56  3844.73056   3844.7311   4.0  1  1
		 33  121  2204.26  3842.89674   3842.8968   4.0  1  1
		 33  121  2246.14  3841.95908   3841.9601   4.0  1  1
		 33  121  2265.72  3841.51848   3841.5187   4.0  1  1
		 33  121  2297.57   3840.7991   3840.8004   4.0  1  1
		 33  121  2346.19  3839.69399   3839.6953   4.0  1  1
		 33  121  2425.46  3837.87462   3837.8752   4.0  1  1
		 33  121  2518.55  3835.70977   3835.7111   4.0  1  1
		 33  121  2562.44  3834.67854   3834.6787   4.0  1  1
		 33  121  2629.66  3833.08596    3833.086   4.0  1  1
	offset	154
	slope	-1
	niterate 3
	lowreject 3.
	highreject 3.
	coefficients	24
		1.
		4.
		4.
		1.
		1.
		3000.
		121.
		153.
		466530.9720839642
		-3645.077921272958
		-234.0782845658039
		-2.875266668814306
		-25.01395811966856
		-30.73661366339876
		-3.429763121993017
		-0.7998431124805884
		0.6881940964635779
		-2.325760147611458
		-0.17031980215124
		-0.03598950673023727
		-7.180022893149260E-4
		0.04036937673345809
		0.06570603052361727
		-0.01117977466722691

