# Wed 17:53:44 26-Jul-2006
begin	ecidentify refCalib_UVES_red_r_860_2048x1931_32
	id	refCalib_UVES_red_r_860_2048x1931_32
	task	ecidentify
	image	refCalib_UVES_red_r_860_2048x1931_32
	units	angstroms
	features	759
		  1   59  1027.63  10349.0555   10349.048   4.0  1  1
		  1   59  1763.30  10283.1119   10283.116   4.0  1  1
		  2   60    57.13   10247.558   10247.557   4.0  1  1
		  2   60   232.93   10235.984   10236.028   4.0  1  1
		  2   60   484.04  10218.4631   10218.433   4.0  1  1
		  2   60  1004.83  10178.4824    10178.52   4.0  1  1
		  2   60  1047.09   10175.026   10175.008   4.0  1  1
		  2   60  1407.90  10144.2453   10144.265   4.0  1  1
		  2   60  1440.02  10141.3959   10141.397   4.0  1  1
		  2   60  1450.35  10140.4756   10140.431   4.0  1  1
		  2   60  1527.19  10133.5731   10133.566   4.0  1  1
		  3   61   645.03  10039.3653   10039.364   4.0  1  1
		  3   61  1295.93  9987.61642    9987.635   4.0  1  1
		  3   61  1326.11  9985.03944     9985.05   4.0  1  1
		  3   61  1571.74  9963.48912    9963.491   4.0  1  1
		  3   61  1794.55  9943.06434    9943.064   4.0  1  1
		  4   62    73.43  9916.13781     9916.12   4.0  1  1
		  4   62   381.02  9896.06593    9896.048   4.0  1  1
		  4   62   760.98  9868.95995    9868.921   4.0  1  1
		  4   62   774.97  9867.91342    9867.891   4.0  1  1
		  4   62   934.96  9855.70874    9855.742   4.0  1  1
		  4   62  1646.01  9796.19792      9796.2   4.0  1  1
		  5   63   313.70  9743.51667     9743.56   4.0  1  1
		  5   63   708.98  9716.16125    9716.142   4.0  1  1
		  5   63  1367.13  9664.70114   9664.6983   4.0  1  1
		  5   63  1736.83  9632.63685   9632.6439   4.0  1  1
		  5   63  1770.94  9629.56545   9629.5693   4.0  1  1
		  5   63  1819.18  9625.19081     9625.19   4.0  1  1
		  6   64   250.86  9595.37201   9595.3906   4.0  1  1
		  6   64   442.87  9582.82685   9582.8133   4.0  1  1
		  6   64   524.18  9577.32331   9577.3475   4.0  1  1
		  6   64   753.04  9561.23048   9561.2452   4.0  1  1
		  6   64   932.77  9547.97376   9548.0303   4.0  1  0
		  6   64  1094.08   9535.6162   9535.6566   4.0  1  1
		  6   64  1430.50  9508.46387   9508.4513   4.0  1  1
		  6   64  1440.05  9507.66605   9507.6525   4.0  1  1
		  6   64  1467.02   9505.4049    9505.393   4.0  1  1
		  6   64  1527.36  9500.30377   9500.2999   4.0  1  1
		  6   64  1563.91  9497.18542   9497.1891   4.0  1  1
		  6   64  1583.57  9495.49906   9495.4979   4.0  1  1
		  6   64  1682.39  9486.92836   9486.9256   4.0  1  1
		  6   64  1818.27  9474.88807   9474.8793   4.0  1  1
		  6   64  1864.98   9470.6811   9470.6819   4.0  1  1
		  6   64  1903.28   9467.2057   9467.1954   4.0  1  1
		  7   65    33.87  9461.01988   9461.0279   4.0  1  1
		  7   65   131.07  9455.20271   9455.2023   4.0  1  1
		  7   65   422.35  9436.80402   9436.8127   4.0  1  1
		  7   65   490.91  9432.26463   9432.2827   4.0  1  1
		  7   65   500.98  9431.59109   9431.5996   4.0  1  1
		  7   65   662.94  9420.52678   9420.4985   4.0  1  1
		  7   65   754.21  9414.09949   9414.0886   4.0  1  1
		  7   65   820.70  9409.32963   9409.3488   4.0  1  1
		  7   65   960.11  9399.09152   9399.0891   4.0  1  1
		  7   65  1072.96  9390.57082   9390.5852   4.0  1  1
		  7   65  1094.16  9388.94672   9388.9308   4.0  1  1
		  7   65  1167.51  9383.27114   9383.2722   4.0  1  1
		  7   65  1685.82  9340.69659   9340.7053   4.0  1  1
		  7   65  1738.29  9336.14722   9336.1509   4.0  1  1
		  8   66    33.38  9317.75979   9317.7296   4.0  1  1
		  8   66   156.59   9310.4687    9310.444   4.0  1  1
		  8   66   199.18  9307.88912   9307.8956   4.0  1  1
		  8   66   325.99  9300.02762   9300.0131   4.0  1  1
		  8   66   405.27  9294.97638    9294.974   4.0  1  1
		  8   66   458.38  9291.53409   9291.5313   4.0  1  1
		  8   66   488.60  9289.55414   9289.5624   4.0  1  1
		  8   66   685.94  9276.25592   9276.2732   4.0  1  1
		  8   66   773.75  9270.13332   9270.1501   4.0  1  1
		  8   66   808.12  9267.70237   9267.6895   4.0  1  1
		  8   66   818.73  9266.94789   9266.9198   4.0  1  1
		  8   66   829.07   9266.2105    9266.207   4.0  1  1
		  8   66   910.19  9260.36927   9260.3254   4.0  1  1
		  8   66  1043.15  9250.56384   9250.5782   4.0  1  1
		  8   66  1191.02  9239.32442   9239.3261   4.0  1  1
		  8   66  1261.18  9233.86961   9233.8574   4.0  1  1
		  8   66  1278.94  9232.47568    9232.496   4.0  1  1
		  8   66  1341.81  9227.50288   9227.5119   4.0  1  1
		  8   66  1485.15  9215.93104   9215.9197   4.0  1  1
		  8   66  1574.08   9208.5883   9208.5811   4.0  1  1
		  8   66  1629.29  9203.96808   9203.9617   4.0  1  1
		  8   66  1680.08  9199.67523   9199.6841   4.0  1  1
		  8   66  1739.08  9194.63779   9194.6385   4.0  1  1
		  8   66  1751.19  9193.59632   9193.5928   4.0  1  1
		  8   66  1820.98  9187.55535   9187.5654   4.0  1  1
		  8   66  1920.86  9178.77715   9178.7795   4.0  1  1
		  9   67    33.03  9178.76463   9178.7795   4.0  1  1
		  9   67   168.84  9170.83239    9170.822   4.0  1  1
		  9   67   251.04  9165.88303    9165.895   4.0  1  1
		  9   67   361.83  9159.03488   9159.0346   4.0  1  1
		  9   67   646.08  9140.54619   9140.5559   4.0  1  1
		  9   67   732.11  9134.69186   9134.6919   4.0  1  1
		  9   67   767.02  9132.28204   9132.2739   4.0  1  1
		  9   67  1057.05  9111.50592   9111.5314   4.0  1  1
		  9   67  1114.65  9107.22021   9107.2269   4.0  1  1
		  9   67  1277.15  9094.84629   9094.8289   4.0  1  1
		  9   67  1329.07  9090.80546   9090.8186   4.0  1  1
		  9   67  1522.22  9075.40191   9075.3945   4.0  1  1
		  9   67  1560.39  9072.28924   9072.2785   4.0  1  1
		  9   67  1593.30  9069.58799   9069.5817   4.0  1  1
		  9   67  1612.25  9068.02476    9068.023   4.0  1  1
		  9   67  1635.12  9066.13061   9066.1115   4.0  1  1
		  9   67  1661.19  9063.96164     9063.96   4.0  1  1
		  9   67  1677.90  9062.56568   9062.5631   4.0  1  1
		  9   67  1754.94  9056.07479   9056.0813   4.0  1  1
		  9   67  1785.47  9053.47741   9053.4858   4.0  1  1
		  9   67  1846.38  9048.25356   9048.2501   4.0  1  1
		  9   67  1879.93  9045.35117   9045.3532   4.0  1  1
		 10   68     6.10  9045.34941   9045.3532   4.0  1  1
		 10   68    98.29  9040.11635   9040.1229   4.0  1  1
		 10   68   122.17  9038.73825   9038.6911   4.0  1  0
		 10   68   136.50  9037.90662   9037.8938   4.0  1  1
		 10   68   170.25  9035.93451   9035.9195   4.0  1  1
		 10   68   239.32  9031.84144   9031.8194   4.0  1  1
		 10   68   470.04  9017.60742   9017.5912   4.0  1  1
		 10   68   486.07  9016.58653   9016.5903   4.0  1  1
		 10   68   549.11  9012.53126   9012.5263   4.0  1  1
		 10   68   590.02  9009.86569   9009.8832   4.0  1  1
		 10   68   611.22  9008.47398   9008.4636   4.0  1  1
		 10   68   769.41  8997.86063   8997.8763   4.0  1  1
		 10   68   807.95  8995.21511   8995.1893   4.0  1  1
		 10   68   870.01  8990.90453   8990.8935   4.0  1  1
		 10   68   919.81  8987.40185   8987.4079   4.0  1  1
		 10   68   949.78  8985.27536   8985.2808   4.0  1  1
		 10   68  1161.15  8969.87552   8969.8667   4.0  1  1
		 10   68  1191.05  8967.64081   8967.6403   4.0  1  1
		 10   68  1263.83  8962.14277   8962.1468   4.0  1  1
		 10   68  1318.01  8957.99681    8957.986   4.0  1  1
		 10   68  1346.00  8955.83657   8955.8467   4.0  1  1
		 10   68  1432.06  8949.12031   8949.1227   4.0  1  1
		 10   68  1526.14  8941.64866   8941.6608   4.0  1  1
		 10   68  1692.84  8928.07552   8928.0925   4.0  1  1
		 10   68  1787.24  8920.20266   8920.2012   4.0  1  1
		 10   68  1897.15  8910.86675   8910.8566   4.0  1  1
		 11   69    68.07   8910.8537   8910.8566   4.0  1  1
		 11   69   135.94  8907.00158   8907.0331   4.0  1  1
		 11   69   159.04  8905.67377   8905.6581   4.0  1  1
		 11   69   267.58  8899.31881   8899.2971   4.0  1  1
		 11   69   372.55  8892.99311   8892.9865   4.0  1  1
		 11   69   434.15  8889.19846   8889.1939   4.0  1  1
		 11   69   653.07  8875.22792   8875.2324   4.0  1  1
		 11   69   749.56  8868.82961   8868.8334   4.0  1  1
		 11   69   952.12  8854.92461   8854.9079   4.0  1  1
		 11   69   982.86  8852.75843   8852.7916   4.0  1  1
		 11   69  1023.03  8849.90635   8849.9165   4.0  1  1
		 11   69  1131.87  8842.05214   8842.0744   4.0  1  1
		 11   69  1143.92  8841.17106   8841.1822   4.0  1  1
		 11   69  1298.13  8829.70251   8829.6938   4.0  1  1
		 11   69  1453.84  8817.75344   8817.7431   4.0  1  1
		 11   69  1474.05  8816.17563   8816.1728   4.0  1  1
		 11   69  1549.16    8810.258    8810.254   4.0  1  1
		 11   69  1620.14  8804.58684   8804.5894   4.0  1  1
		 11   69  1688.10  8799.08652   8799.0875   4.0  1  1
		 11   69  1699.24  8798.17825    8798.172   4.0  1  1
		 11   69  1773.90  8792.04301   8792.0572   4.0  1  1
		 11   69  1793.93  8790.38335   8790.3761   4.0  1  1
		 11   69  1863.74  8784.55047   8784.5621   4.0  1  1
		 11   69  1885.70  8782.70107   8782.7156   4.0  1  1
		 12   70    50.69  8784.56117   8784.5621   4.0  1  1
		 12   70    83.82  8782.72602   8782.7156   4.0  1  1
		 12   70   210.01  8775.57478   8775.5733   4.0  1  1
		 12   70   257.82  8772.79932   8772.8052   4.0  1  1
		 12   70   273.80  8771.86401   8771.8602   4.0  1  1
		 12   70   360.09  8766.74115    8766.745   4.0  1  1
		 12   70   443.21   8761.6963   8761.6862   4.0  1  1
		 12   70   463.28  8760.46165   8760.4496   4.0  1  1
		 12   70   499.06  8758.24507   8758.2434   4.0  1  1
		 12   70   610.84  8751.19181   8751.2062   4.0  1  1
		 12   70   642.19  8749.17899   8749.1697   4.0  1  1
		 12   70   660.04  8748.02615   8748.0309   4.0  1  1
		 12   70   785.83  8739.76029   8739.7816   4.0  1  1
		 12   70   871.09  8734.01938   8734.0234   4.0  1  1
		 12   70  1010.88   8724.3639   8724.3761   4.0  1  1
		 12   70  1020.07  8723.71919   8723.7177   4.0  1  1
		 12   70  1037.73  8722.47587   8722.4577   4.0  1  1
		 12   70  1049.08  8721.67408   8721.6595   4.0  1  1
		 12   70  1077.94  8719.62681    8719.629   4.0  1  1
		 12   70  1160.60  8713.69236   8713.6547   4.0  1  1
		 12   70  1172.38  8712.83865   8712.8528   4.0  1  1
		 12   70  1205.79  8710.40456   8710.4142   4.0  1  1
		 12   70  1221.93  8709.22279   8709.2341   4.0  1  1
		 12   70  1247.28   8707.3587   8707.3592   4.0  1  1
		 12   70  1280.99  8704.86456   8704.8601   4.0  1  1
		 12   70  1296.33  8703.72461   8703.7025   4.0  1  1
		 12   70  1331.41  8701.10296   8701.1209   4.0  1  1
		 12   70  1505.15  8687.84698    8687.848   4.0  1  1
		 12   70  1625.40  8678.40866   8678.4083   4.0  1  1
		 12   70  1663.09  8675.40624   8675.3983   4.0  1  1
		 12   70  1785.93  8665.47448   8665.4855   4.0  1  1
		 12   70  1902.24  8655.86679    8655.876   4.0  1  1
		 13   71   141.32  8655.88509    8655.876   4.0  1  1
		 13   71   260.13  8649.14645    8649.149   4.0  1  1
		 13   71   325.82  8645.32516   8645.3087   4.0  1  1
		 13   71  1624.02   8556.3039    8556.325   4.0  1  1
		 13   71  1641.32  8554.94778    8554.944   4.0  1  1
		 13   71  1771.60  8544.59384   8544.5955   4.0  1  1
		 13   71  1782.46   8543.7201   8543.7225   4.0  1  1
		 13   71  1831.01   8539.7907    8539.793   4.0  1  1
		 14   72    66.14  8539.79626    8539.793   4.0  1  1
		 14   72   474.10  8516.54006   8516.5542   4.0  1  1
		 14   72   550.65  8511.89148   8511.9091   4.0  1  1
		 14   72   570.92  8510.64587    8510.624   4.0  1  1
		 14   72   729.14  8500.70838   8500.6797   4.0  1  1
		 14   72   888.91  8490.29055   8490.3065   4.0  1  1
		 14   72  1064.89  8478.37466    8478.358   4.0  1  1
		 14   72  1159.04  8471.81027    8471.826   4.0  1  1
		 14   72  1245.32  8465.67995   8465.6706   4.0  1  1
		 14   72  1265.20   8464.2517   8464.2367   4.0  1  1
		 14   72  1374.01  8456.33304   8456.3468   4.0  1  1
		 14   72  1449.69  8450.72303   8450.6754   4.0  1  0
		 14   72  1505.80   8446.5105   8446.5116   4.0  1  1
		 14   72  1519.18  8445.49872    8445.487   4.0  1  1
		 14   72  1688.57  8432.47106   8432.4935   4.0  1  1
		 14   72  1830.61  8421.22817   8421.2254   4.0  1  1
		 14   72  1870.73  8418.00056   8417.9982   4.0  1  1
		 14   72  1886.36  8416.73678   8416.7269   4.0  1  1
		 15   73    96.81   8421.2129   8421.2254   4.0  1  1
		 15   73   156.11  8418.00791   8417.9982   4.0  1  1
		 15   73   179.92  8416.70609   8416.7269   4.0  1  1
		 15   73   266.19  8411.91652   8411.9172   4.0  1  1
		 15   73   408.12  8403.79054   8403.7965   4.0  1  1
		 15   73   438.99  8401.98257    8401.989   4.0  1  1
		 15   73   484.17  8399.31103   8399.2578   4.0  1  0
		 15   73   502.97  8398.19019    8398.178   4.0  1  1
		 15   73   661.72  8388.51481   8388.5363   4.0  1  1
		 15   73   684.72  8387.08187   8387.1053   4.0  1  1
		 15   73   706.16  8385.73914    8385.728   4.0  1  1
		 15   73   722.13  8384.73409    8384.724   4.0  1  1
		 15   73   809.00  8379.20268   8379.2261   4.0  1  1
		 15   73   960.04  8369.31875   8369.3404   4.0  1  1
		 15   73   989.09  8367.37867   8367.3936   4.0  1  1
		 15   73  1008.38   8366.0843   8366.0741   4.0  1  1
		 15   73  1090.97  8360.47906   8360.4915   4.0  1  1
		 15   73  1116.32  8358.73837    8358.726   4.0  1  1
		 15   73  1155.04  8356.06185   8356.0627   4.0  1  1
		 15   73  1361.17  8341.44574    8341.477   4.0  1  1
		 15   73  1439.92  8335.70046   8335.7067   4.0  1  1
		 15   73  1486.92  8332.22819     8332.21   4.0  1  1
		 15   73  1510.86  8330.44805   8330.4494   4.0  1  1
		 15   73  1637.98  8320.85598   8320.8554   4.0  1  1
		 15   73  1757.38   8311.6366   8311.6306   4.0  1  1
		 15   73  1848.93  8304.43126   8304.4244   4.0  1  1
		 16   74    16.96  8311.62056   8311.6306   4.0  1  1
		 16   74   154.23  8304.38608   8304.4244   4.0  1  1
		 16   74   285.90  8297.18018   8297.1765   4.0  1  1
		 16   74   315.27  8295.53746   8295.5497   4.0  1  1
		 16   74   367.88  8292.56211   8292.5272   4.0  1  1
		 16   74   440.21  8288.40392   8288.4143   4.0  1  1
		 16   74   654.84  8275.60876   8275.6266   4.0  1  1
		 16   74   886.91  8261.01021   8261.0143   4.0  1  1
		 16   74   910.07  8259.51063    8259.511   4.0  1  1
		 16   74   982.95  8254.73913   8254.7422   4.0  1  1
		 16   74   999.93  8253.61631   8253.6156   4.0  1  1
		 16   74  1018.04  8252.41446   8252.3936   4.0  1  1
		 16   74  1273.74  8234.93679   8234.9381   4.0  1  1
		 16   74  1323.92  8231.39657   8231.4069   4.0  1  1
		 16   74  1519.98  8217.22207   8217.2264   4.0  1  1
		 16   74  1561.47  8214.15254   8214.1472   4.0  1  1
		 16   74  1624.32  8209.45691   8209.4461   4.0  1  1
		 16   74  1650.60   8207.4768   8207.4785   4.0  1  1
		 16   74  1720.80  8202.14048   8202.1469   4.0  1  1
		 16   74  1768.80   8198.4522    8198.442   4.0  1  1
		 16   74  1821.21  8194.38778   8194.3943   4.0  1  1
		 16   74  1865.94   8190.8886   8190.8849   4.0  1  1
		 16   74  1916.24  8186.92125   8186.9113   4.0  1  1
		 17   75    63.73  8198.43049    8198.442   4.0  1  1
		 17   75   141.20  8194.38254   8194.3943   4.0  1  1
		 17   75   206.55  8190.89834   8190.8849   4.0  1  1
		 17   75   280.10  8186.90133   8186.9113   4.0  1  1
		 17   75   452.75  8177.20377   8177.1788   4.0  1  1
		 17   75   580.00  8169.77595   8169.7865   4.0  1  1
		 17   75   636.23  8166.41841   8166.4477   4.0  1  1
		 17   75   691.03  8163.10136    8163.121   4.0  1  1
		 17   75   746.02  8159.72946   8159.7277   4.0  1  1
		 17   75   781.85  8157.50935   8157.5434   4.0  1  1
		 17   75   862.98  8152.41217   8152.3818   4.0  1  1
		 17   75   905.15  8149.72561   8149.7021   4.0  1  1
		 17   75  1007.02  8143.13024    8143.138   4.0  1  1
		 17   75  1055.83  8139.91746   8139.9032   4.0  1  1
		 17   75  1077.79   8138.4606   8138.4753   4.0  1  1
		 17   75  1212.08  8129.40445   8129.4051   4.0  1  1
		 17   75  1308.89  8122.71669   8122.7234   4.0  1  1
		 17   75  1359.19  8119.19015   8119.1811   4.0  1  1
		 17   75  1704.01  8094.06043   8094.0559   4.0  1  1
		 17   75  1709.87  8093.61903   8093.6238   4.0  1  1
		 17   75  1728.08  8092.24473   8092.2373   4.0  1  1
		 17   75  1764.45  8089.48554   8089.4852   4.0  1  1
		 17   75  1820.16  8085.22404    8085.219   4.0  1  1
		 17   75  1891.84  8079.67892     8079.68   4.0  1  1
		 18   76     3.89  8093.61175   8093.6238   4.0  1  1
		 18   76    31.09  8092.24331   8092.2373   4.0  1  1
		 18   76    85.90  8089.45265   8089.4852   4.0  1  1
		 18   76   167.27  8085.22782    8085.219   4.0  1  1
		 18   76   344.88  8075.66861   8075.6518   4.0  1  1
		 18   76   574.09  8062.65291   8062.6304   4.0  1  1
		 18   76   710.22  8054.56381   8054.5355   4.0  1  1
		 18   76   731.00  8053.30531   8053.3085   4.0  1  1
		 18   76   774.87  8050.62891    8050.648   4.0  1  1
		 18   76   848.02  8046.10467   8046.1169   4.0  1  1
		 18   76   988.06  8037.23106   8037.2183   4.0  1  1
		 18   76  1061.97   8032.4358   8032.4313   4.0  1  1
		 18   76  1095.94  8030.20607   8030.2004   4.0  1  1
		 18   76  1156.04  8026.22149   8026.2135   4.0  1  1
		 18   76  1163.04  8025.75458   8025.7271   4.0  1  1
		 18   76  1185.39  8024.25721    8024.253   4.0  1  1
		 18   76  1215.37  8022.23891   8022.2014   4.0  1  1
		 18   76  1284.73  8017.51997   8017.5275   4.0  1  1
		 18   76  1533.52  8000.04346   8000.0449   4.0  1  1
		 18   76  1621.05  7993.69232   7993.6808   4.0  1  1
		 18   76  1652.71  7991.36907   7991.3655   4.0  1  1
		 18   76  1698.61  7987.97632   7987.9731   4.0  1  1
		 18   76  1788.90  7981.21926   7981.2262   4.0  1  1
		 18   76  1818.61  7978.97136   7978.9731   4.0  1  1
		 18   76  1881.72  7974.15704   7974.1592   4.0  1  1
		 18   76  1902.00  7972.59905    7972.596   4.0  1  1
		 19   77    14.94   7987.9812   7987.9731   4.0  1  1
		 19   77   148.55   7981.2213   7981.2262   4.0  1  1
		 19   77   192.07  7978.96368   7978.9731   4.0  1  1
		 19   77   283.00  7974.15745   7974.1592   4.0  1  1
		 19   77   311.94  7972.60259    7972.596   4.0  1  1
		 19   77   590.85  7957.00163    7956.974   4.0  1  1
		 19   77   631.99  7954.60614   7954.5923   4.0  1  1
		 19   77   846.84  7941.70737   7941.7259   4.0  1  1
		 19   77   911.02   7937.7285   7937.7335   4.0  1  1
		 19   77  1099.02  7925.74014   7925.7478   4.0  1  1
		 19   77  1111.08  7924.95444   7924.9914   4.0  1  1
		 19   77  1239.89  7916.43618    7916.442   4.0  1  1
		 19   77  1474.77  7900.31478     7900.32   4.0  1  1
		 19   77  1484.68   7899.6186   7899.6229   4.0  1  1
		 19   77  1529.42  7896.45571   7896.4528   4.0  1  1
		 19   77  1569.04  7893.63328   7893.6191   4.0  1  1
		 19   77  1604.66  7891.07673    7891.075   4.0  1  1
		 19   77  1670.86  7886.28021    7886.283   4.0  1  1
		 19   77  1795.76  7877.06996   7877.0756   4.0  1  1
		 19   77  1817.51  7875.44536   7875.4626   4.0  1  1
		 19   77  1854.99  7872.62937   7872.6316   4.0  1  1
		 19   77  1913.37  7868.20669   7868.1946   4.0  1  1
		 20   78   185.29  7877.04534   7877.0756   4.0  1  1
		 20   78   216.46  7875.43493   7875.4626   4.0  1  1
		 20   78   270.26  7872.62342   7872.6316   4.0  1  1
		 20   78   352.96  7868.22021   7868.1946   4.0  1  1
		 20   78   394.13  7865.99236   7865.9698   4.0  1  1
		 20   78   430.09  7864.02616   7864.0218   4.0  1  1
		 20   78   468.08  7861.92991    7861.911   4.0  1  1
		 20   78   704.05  7848.45029   7848.4547   4.0  1  1
		 20   78   719.86  7847.51942   7847.5394   4.0  1  1
		 20   78   808.00  7842.26454   7842.2656   4.0  1  1
		 20   78   816.02  7841.78105   7841.7911   4.0  1  1
		 20   78   839.64  7840.35213   7840.2981   4.0  1  0
		 20   78   902.99  7836.48077   7836.4597   4.0  1  1
		 20   78   917.01   7835.6167   7835.6209   4.0  1  1
		 20   78   935.99  7834.44234   7834.4578   4.0  1  1
		 20   78  1126.01  7822.41141   7822.3877   4.0  1  1
		 20   78  1197.05  7817.78645   7817.7669   4.0  1  1
		 20   78  1221.99  7816.14622   7816.1534   4.0  1  1
		 20   78  1249.68  7814.31559    7814.323   4.0  1  1
		 20   78  1255.04  7813.95977   7813.9729   4.0  1  1
		 20   78  1262.02   7813.4963   7813.4761   4.0  1  1
		 20   78  1305.09  7810.62036   7810.6245   4.0  1  1
		 20   78  1484.57  7798.36671   7798.3579   4.0  1  1
		 20   78  1618.51  7788.93945   7788.9342   4.0  1  1
		 20   78  1635.06   7787.7582   7787.8002   4.0  1  1
		 20   78  1710.64  7782.31639   7782.3165   4.0  1  1
		 20   78  1763.20  7778.48676   7778.4922   4.0  1  1
		 20   78  1788.01  7776.66663   7776.6727   4.0  1  1
		 20   78  1851.89  7771.94287   7771.9468   4.0  1  1
		 21   79    86.00  7782.33381   7782.3165   4.0  1  1
		 21   79   163.24  7778.47789   7778.4922   4.0  1  1
		 21   79   198.09  7776.71033   7776.6727   4.0  1  1
		 21   79   290.01   7771.9661   7771.9468   4.0  1  1
		 21   79   463.14  7762.70675    7762.732   4.0  1  1
		 21   79   480.84  7761.73697   7761.7133   4.0  1  1
		 21   79   791.60   7743.9923   7743.9552   4.0  1  1
		 21   79   816.08  7742.53792   7742.5628   4.0  1  1
		 21   79  1038.02  7728.97638    7728.951   4.0  1  1
		 21   79  1160.06  7721.23347   7721.2023   4.0  1  1
		 21   79  1272.04  7713.95255   7713.9378   4.0  1  1
		 21   79  1295.27  7712.42081    7712.405   4.0  1  1
		 21   79  1327.86  7710.25951   7710.2692   4.0  1  1
		 21   79  1409.00  7704.81808   7704.8169   4.0  1  1
		 21   79  1425.81  7703.67968    7703.685   4.0  1  1
		 21   79  1463.50  7701.11366   7701.1081   4.0  1  1
		 21   79  1483.23  7699.76291   7699.7794   4.0  1  1
		 21   79  1488.25  7699.41778   7699.4034   4.0  1  1
		 21   79  1569.14  7693.82063   7693.8016   4.0  1  1
		 21   79  1598.21  7691.78769   7691.7706   4.0  1  1
		 21   79  1689.92  7685.30197   7685.3075   4.0  1  1
		 21   79  1722.01  7683.00612   7683.0189   4.0  1  1
		 21   79  1789.67  7678.12186   7678.1267   4.0  1  1
		 21   79  1815.88  7676.21337   7676.2195   4.0  1  1
		 21   79  1869.79  7672.26045   7672.2552   4.0  1  1
		 21   79  1899.58  7670.05961   7670.0575   4.0  1  1
		 21   79  1914.18  7668.97675   7668.9608   4.0  1  1
		 22   80    81.08  7685.31903   7685.3075   4.0  1  1
		 22   80   128.09  7683.01486   7683.0189   4.0  1  1
		 22   80   225.97  7678.11741   7678.1267   4.0  1  1
		 22   80   263.35  7676.21201   7676.2195   4.0  1  1
		 22   80   340.09  7672.23884   7672.2552   4.0  1  1
		 22   80   381.79  7670.04526   7670.0575   4.0  1  1
		 22   80   401.76   7668.9867   7668.9608   4.0  1  1
		 22   80   447.02   7666.5662   7666.5679   4.0  1  1
		 22   80   551.01  7660.89796   7660.8903   4.0  1  1
		 22   80   567.08  7660.00841   7660.0234   4.0  1  1
		 22   80   597.14  7658.33533   7658.3246   4.0  1  1
		 22   80   661.28  7654.72476   7654.6998   4.0  1  1
		 22   80   677.01  7653.83022   7653.8284   4.0  1  1
		 22   80   713.28  7651.75558   7651.7451   4.0  1  1
		 22   80   789.02  7647.36541   7647.3794   4.0  1  1
		 22   80   933.93  7638.74937   7638.7805   4.0  1  1
		 22   80   956.89  7637.35823   7637.3852   4.0  1  1
		 22   80  1041.37  7632.17768   7632.1305   4.0  1  0
		 22   80  1071.25  7630.32286   7630.3106   4.0  1  1
		 22   80  1094.16  7628.89224   7628.8818   4.0  1  1
		 22   80  1121.77  7627.15856   7627.1749   4.0  1  1
		 22   80  1145.03  7625.69061   7625.7053   4.0  1  1
		 22   80  1233.01  7620.07246   7620.0773   4.0  1  1
		 22   80  1259.91  7618.33386   7618.3443   4.0  1  1
		 22   80  1419.25  7607.84032    7607.823   4.0  1  1
		 22   80  1561.22  7598.20923   7598.2054   4.0  1  1
		 22   80  1689.12  7589.30709   7589.3151   4.0  1  1
		 22   80  1739.11  7585.76961     7585.74   4.0  1  1
		 22   80  1911.30  7573.33853   7573.3437   4.0  1  1
		 23   81   104.99  7589.30889   7589.3151   4.0  1  1
		 23   81   421.04  7573.31562   7573.3437   4.0  1  1
		 23   81   463.95  7571.03877   7571.0326   4.0  1  1
		 23   81   472.95    7570.558    7570.559   4.0  1  1
		 23   81   491.80  7569.54751   7569.5115   4.0  1  1
		 23   81   525.22  7567.74343   7567.7417   4.0  1  1
		 23   81   548.01  7566.50487   7566.5296   4.0  1  1
		 23   81   560.03  7565.84897   7565.8515   4.0  1  1
		 23   81   747.96  7555.33593   7555.3254   4.0  1  1
		 23   81   851.99  7549.31141   7549.3138   4.0  1  1
		 23   81  1050.31  7537.42629   7537.4287   4.0  1  1
		 23   81  1066.88  7536.40946   7536.4365   4.0  1  1
		 23   81  1151.98  7531.13093   7531.1437   4.0  1  1
		 23   81  1193.96  7528.49173   7528.4892   4.0  1  1
		 23   81  1241.08  7525.50169   7525.5079   4.0  1  1
		 23   81  1278.06  7523.13441   7523.1347   4.0  1  1
		 23   81  1345.15   7518.7949   7518.7824   4.0  1  1
		 23   81  1451.32   7511.8068   7511.7902   4.0  1  1
		 23   81  1458.02  7511.36098   7511.3498   4.0  1  1
		 23   81  1472.11  7510.42131   7510.4082   4.0  1  1
		 23   81  1501.05  7508.48393   7508.4787   4.0  1  1
		 23   81  1616.24  7500.66245   7500.6556   4.0  1  1
		 23   81  1640.18  7499.01591   7499.0024   4.0  1  1
		 23   81  1689.85  7495.57511   7495.5641   4.0  1  1
		 23   81  1720.68  7493.42403   7493.4276   4.0  1  1
		 23   81  1798.05  7487.97154   7487.9738   4.0  1  1
		 23   81  1849.07  7484.33413   7484.3267   4.0  1  1
		 23   81  1859.01  7483.62207   7483.6256   4.0  1  1
		 23   81  1890.48   7481.3581   7481.3545   4.0  1  1
		 24   82    22.97  7500.65554   7500.6556   4.0  1  1
		 24   82    57.66  7499.02741   7499.0024   4.0  1  1
		 24   82   130.42  7495.55851   7495.5641   4.0  1  1
		 24   82   173.74  7493.45829   7493.4276   4.0  1  1
		 24   82   284.82  7487.95672   7487.9738   4.0  1  1
		 24   82   356.08  7484.33858   7484.3267   4.0  1  1
		 24   82   370.04  7483.62191   7483.6256   4.0  1  1
		 24   82   414.02   7481.3463   7481.3545   4.0  1  1
		 24   82   604.97   7471.1636   7471.1641   4.0  1  1
		 24   82   643.88  7469.02823   7469.0566   4.0  1  1
		 24   82   751.61  7463.01205    7462.991   4.0  1  1
		 24   82   771.95  7461.85867   7461.8746   4.0  1  1
		 24   82   825.81   7458.7779   7458.7541   4.0  1  1
		 24   82   887.13  7455.22428    7455.208   4.0  1  1
		 24   82  1012.00  7447.83417   7447.8488   4.0  1  1
		 24   82  1063.00  7444.75647   7444.7489   4.0  1  1
		 24   82  1132.89  7440.48442   7440.4933   4.0  1  1
		 24   82  1200.21   7436.3087    7436.297   4.0  1  1
		 24   82  1215.05  7435.38023   7435.3683   4.0  1  1
		 24   82  1296.05  7430.26272   7430.2533   4.0  1  1
		 24   82  1316.92  7428.93036   7428.9405   4.0  1  1
		 24   82  1373.42  7425.29513   7425.2942   4.0  1  1
		 24   82  1396.39  7423.80568   7423.8044   4.0  1  1
		 24   82  1419.03  7422.33071   7422.3118   4.0  1  1
		 24   82  1476.70  7418.54434   7418.5499   4.0  1  1
		 24   82  1488.06  7417.79326   7417.7908   4.0  1  1
		 24   82  1569.91  7412.33405   7412.3368   4.0  1  1
		 24   82  1578.63  7411.74755   7411.7363   4.0  1  1
		 24   82  1590.51  7410.94633   7410.9683   4.0  1  1
		 24   82  1717.94  7402.24415   7402.2521   4.0  1  1
		 24   82  1844.00  7393.43338   7393.4377   4.0  1  1
		 24   82  1850.30  7392.98763   7392.9801   4.0  1  1
		 25   83     7.73  7411.01004   7410.9683   4.0  1  1
		 25   83   193.23  7402.25603   7402.2521   4.0  1  1
		 25   83   371.00  7393.43059   7393.4377   4.0  1  1
		 25   83   379.94  7392.97552   7392.9801   4.0  1  1
		 25   83   524.05  7385.49278   7385.5006   4.0  1  1
		 25   83   618.95  7380.41434   7380.4263   4.0  1  1
		 25   83   684.02  7376.86381   7376.8772   4.0  1  1
		 25   83   768.86  7372.15033   7372.1184   4.0  1  1
		 25   83   793.06  7370.78857   7370.8255   4.0  1  1
		 25   83   956.92  7361.36535   7361.3472   4.0  1  1
		 25   83  1008.00  7358.35692   7358.3449   4.0  1  1
		 25   83  1093.03  7353.27307    7353.293   4.0  1  1
		 25   83  1133.77  7350.80454    7350.814   4.0  1  1
		 25   83  1178.93   7348.0427    7348.053   4.0  1  1
		 25   83  1206.03  7346.37265   7346.3428   4.0  1  1
		 25   83  1221.95  7345.38715   7345.3996   4.0  1  1
		 25   83  1267.12  7342.57407   7342.5769   4.0  1  1
		 25   83  1289.96  7341.14147   7341.1515   4.0  1  1
		 25   83  1314.07  7339.62184   7339.6035   4.0  1  1
		 25   83  1377.99  7335.55813   7335.5772   4.0  1  1
		 25   83  1472.08  7329.48119   7329.4916   4.0  1  1
		 25   83  1490.22  7328.29678    7328.285   4.0  1  1
		 25   83  1523.14  7326.13596   7326.1491   4.0  1  1
		 25   83  1543.11  7324.81901   7324.8073   4.0  1  1
		 25   83  1567.91  7323.17637   7323.2106   4.0  1  1
		 25   83  1674.88   7316.0023    7316.005   4.0  1  1
		 25   83  1688.77  7315.06037   7315.0661   4.0  1  1
		 25   83  1737.90  7311.70899   7311.7159   4.0  1  1
		 25   83  1829.20  7305.40039   7305.4043   4.0  1  1
		 26   84   154.13  7316.01701    7316.005   4.0  1  1
		 26   84   174.33  7315.05767   7315.0661   4.0  1  1
		 26   84   243.92   7311.7113   7311.7159   4.0  1  1
		 26   84   371.13  7305.42746   7305.4043   4.0  1  1
		 26   84   513.97  7298.11688   7298.1434   4.0  1  1
		 26   84   549.95  7296.23278   7296.2659   4.0  1  1
		 26   84   750.04  7285.44686   7285.4437   4.0  1  1
		 26   84   760.02  7284.89557   7284.9033   4.0  1  1
		 26   84   970.07  7272.98634   7272.9359   4.0  1  0
		 26   84  1010.26  7270.64308   7270.6636   4.0  1  1
		 26   84  1102.96  7265.15921   7265.1724   4.0  1  1
		 26   84  1218.09  7258.19579    7258.177   4.0  1  1
		 26   84  1238.01   7256.9738    7256.986   4.0  1  1
		 26   84  1264.09  7255.36639   7255.3541   4.0  1  1
		 26   84  1290.86  7253.70738    7253.676   4.0  1  1
		 26   84  1341.16  7250.56608   7250.5895   4.0  1  1
		 26   84  1411.15  7246.14161   7246.1277   4.0  1  1
		 26   84  1433.93  7244.68876   7244.6965   4.0  1  1
		 26   84  1474.14   7242.1076   7242.0919   4.0  1  1
		 26   84  1504.02   7240.1768   7240.1848   4.0  1  1
		 26   84  1605.92  7233.50714   7233.5365   4.0  1  1
		 26   84  1645.86    7230.858   7230.8623   4.0  1  1
		 26   84  1659.68   7229.9366    7229.938   4.0  1  1
		 26   84  1731.41  7225.11679   7225.1099   4.0  1  1
		 26   84  1792.29  7220.97632   7220.9809   4.0  1  1
		 26   84  1818.97  7219.14712   7219.1515   4.0  1  1
		 26   84  1835.01   7218.0431   7218.0542   4.0  1  1
		 26   84  1912.07  7212.69595   7212.6896   4.0  1  1
		 27   85    77.90  7233.49625   7233.5365   4.0  1  1
		 27   85   135.14  7230.85354   7230.8623   4.0  1  1
		 27   85   154.91  7229.93087    7229.938   4.0  1  1
		 27   85   256.22  7225.12084   7225.1099   4.0  1  1
		 27   85   340.90  7220.99685   7220.9809   4.0  1  1
		 27   85   378.08  7219.15605   7219.1515   4.0  1  1
		 27   85   400.68  7218.02896   7218.0542   4.0  1  1
		 27   85   505.98   7212.6871   7212.6896   4.0  1  1
		 27   85   595.99  7208.00734   7208.0063   4.0  1  1
		 27   85   615.13   7206.9984   7206.9804   4.0  1  1
		 27   85   624.97  7206.47814    7206.483   4.0  1  1
		 27   85   699.15  7202.51456   7202.5166   4.0  1  1
		 27   85   705.09  7202.19417    7202.191   4.0  1  1
		 27   85   711.92  7201.82543   7201.8091   4.0  1  1
		 27   85   745.00   7200.0292   7200.0454   4.0  1  1
		 27   85   905.03  7191.14429   7191.1328   4.0  1  1
		 27   85   951.11  7188.52512    7188.532   4.0  1  1
		 27   85  1153.14  7176.72426   7176.7213   4.0  1  1
		 27   85  1161.96  7176.19734    7176.186   4.0  1  1
		 27   85  1209.00  7173.37084   7173.3725   4.0  1  1
		 27   85  1258.97  7170.33736   7170.3607   4.0  1  1
		 27   85  1283.14  7168.85894   7168.8952   4.0  1  1
		 27   85  1310.16  7167.19815   7167.2028   4.0  1  1
		 27   85  1384.94  7162.55234   7162.5569   4.0  1  1
		 27   85  1426.56  7159.93689    7159.947   4.0  1  1
		 27   85  1443.96  7158.83707   7158.8387   4.0  1  1
		 27   85  1473.96  7156.93252   7156.9416   4.0  1  1
		 27   85  1526.19  7153.58926   7153.5877   4.0  1  1
		 27   85  1577.15  7150.29432   7150.2844   4.0  1  1
		 27   85  1603.93   7148.5503   7148.5589   4.0  1  1
		 27   85  1627.07  7147.03649   7147.0416   4.0  1  1
		 27   85  1698.25  7142.33749    7142.331   4.0  1  1
		 27   85  1726.54  7140.45296   7140.4617   4.0  1  1
		 27   85  1842.81  7132.60461     7132.61   4.0  1  1
		 27   85  1860.99   7131.3631   7131.3586   4.0  1  1
		 27   85  1870.31  7130.72484   7130.7236   4.0  1  1
		 27   85  1877.93  7130.20168   7130.1846   4.0  1  1
		 28   86    58.52  7150.28175   7150.2844   4.0  1  1
		 28   86    96.74  7148.55212   7148.5589   4.0  1  1
		 28   86   130.17  7147.02307   7147.0416   4.0  1  1
		 28   86   231.18   7142.3158    7142.331   4.0  1  1
		 28   86   270.20  7140.46152   7140.4617   4.0  1  1
		 28   86   431.29  7132.59779     7132.61   4.0  1  1
		 28   86   456.04  7131.35959   7131.3586   4.0  1  1
		 28   86   469.09  7130.70385   7130.7236   4.0  1  1
		 28   86   478.72  7130.21848   7130.1846   4.0  1  1
		 28   86   565.00   7125.8163     7125.82   4.0  1  1
		 28   86   588.97  7124.57676   7124.5607   4.0  1  1
		 28   86   807.74  7112.92126   7112.9189   4.0  1  1
		 28   86   863.08  7109.87722   7109.8602   4.0  1  1
		 28   86   876.08  7109.15632   7109.1819   4.0  1  1
		 28   86   905.99  7107.48954   7107.4778   4.0  1  1
		 28   86  1028.93   7100.5222   7100.5144   4.0  1  1
		 28   86  1219.82  7089.32862   7089.3395   4.0  1  1
		 28   86  1228.08  7088.83397   7088.8232   4.0  1  1
		 28   86  1263.29  7086.71615   7086.7044   4.0  1  1
		 28   86  1305.07  7084.18375    7084.169   4.0  1  1
		 28   86  1415.86  7077.36334    7077.369   4.0  1  1
		 28   86  1448.14  7075.34758   7075.3336   4.0  1  1
		 28   86  1465.34  7074.26818   7074.2563   4.0  1  1
		 28   86  1495.02  7072.39747   7072.3939   4.0  1  1
		 28   86  1509.25  7071.49699     7071.48   4.0  1  1
		 28   86  1515.93  7071.07314   7071.0942   4.0  1  1
		 28   86  1552.64  7068.73503   7068.7358   4.0  1  1
		 28   86  1576.76  7067.18973   7067.2181   4.0  1  1
		 28   86  1619.10  7064.46071   7064.4515   4.0  1  1
		 28   86  1666.16  7061.40141   7061.3942   4.0  1  1
		 28   86  1677.63  7060.65117   7060.6538   4.0  1  1
		 28   86  1687.02  7060.03625   7060.0417   4.0  1  1
		 28   86  1694.74  7059.53027   7059.5253   4.0  1  1
		 28   86  1710.65  7058.48449   7058.4895   4.0  1  1
		 28   86  1772.10  7054.41631   7054.4177   4.0  1  1
		 28   86  1784.01  7053.62204   7053.6196   4.0  1  1
		 28   86  1900.00  7045.80305    7045.797   4.0  1  1
		 29   87    44.42  7068.74169   7068.7358   4.0  1  1
		 29   87   139.82  7064.45529   7064.4515   4.0  1  1
		 29   87   206.30   7061.3984   7061.3942   4.0  1  1
		 29   87   222.00  7060.66825   7060.6538   4.0  1  1
		 29   87   235.03  7060.06014   7060.0417   4.0  1  1
		 29   87   246.83  7059.50731   7059.5253   4.0  1  1
		 29   87   268.92   7058.4672   7058.4895   4.0  1  1
		 29   87   353.87  7054.41071   7054.4177   4.0  1  1
		 29   87   369.92  7053.63382   7053.6196   4.0  1  1
		 29   87   527.97  7045.80814    7045.797   4.0  1  1
		 29   87   666.00  7038.71481   7038.7202   4.0  1  1
		 29   87   712.05  7036.29475   7036.2831   4.0  1  1
		 29   87   774.74  7032.95775    7032.931   4.0  1  1
		 29   87   824.99  7030.24725   7030.2514   4.0  1  1
		 29   87   865.89  7028.01756   7028.0228   4.0  1  1
		 29   87   893.88  7026.47982   7026.4616   4.0  1  1
		 29   87   987.03  7021.29176   7021.2832   4.0  1  1
		 29   87  1000.98  7020.50522   7020.4841   4.0  1  1
		 29   87  1034.99   7018.5787   7018.5675   4.0  1  1
		 29   87  1092.02  7015.31543   7015.3172   4.0  1  1
		 29   87  1098.30  7014.95376   7014.9689   4.0  1  1
		 29   87  1232.92   7007.0815   7007.0961   4.0  1  1
		 29   87  1303.01    7002.895   7002.8829   4.0  1  1
		 29   87  1337.79    7000.795   7000.8036   4.0  1  1
		 29   87  1356.96  6999.63165   6999.6238   4.0  1  1
		 29   87  1404.08  6996.75188   6996.7573   4.0  1  1
		 29   87  1449.09  6993.97657   6993.9873   4.0  1  1
		 29   87  1464.05  6993.04885   6993.0371   4.0  1  1
		 29   87  1469.96  6992.68112   6992.6966   4.0  1  1
		 29   87  1477.40  6992.21822   6992.2126   4.0  1  1
		 29   87  1518.22  6989.66616   6989.6553   4.0  1  1
		 29   87  1576.02  6986.01765   6986.0298   4.0  1  1
		 29   87  1584.86  6985.45615   6985.4718   4.0  1  1
		 29   87  1653.26   6981.0794   6981.0831   4.0  1  1
		 29   87  1833.20  6969.29811   6969.2976   4.0  1  1
		 29   87  1891.22  6965.41715   6965.4307   4.0  1  1
		 30   88    16.28   6989.6644   6989.6553   4.0  1  1
		 30   88    97.78  6986.07993   6986.0298   4.0  1  0
		 30   88   111.16  6985.48347   6985.4718   4.0  1  1
		 30   88   208.31  6981.08332   6981.0831   4.0  1  1
		 30   88   455.86  6969.32944   6969.2976   4.0  1  1
		 30   88   595.88  6962.33934   6962.3117   4.0  1  1
		 30   88   637.02  6960.23925     6960.25   4.0  1  1
		 30   88   732.13  6955.30265    6955.315   4.0  1  1
		 30   88   743.96  6954.68083    6954.656   4.0  1  1
		 30   88   777.12  6952.92839   6952.9666   4.0  1  1
		 30   88   901.84  6946.21542   6946.2134   4.0  1  1
		 30   88   914.98  6945.49691   6945.4902   4.0  1  1
		 30   88   949.01  6943.62704   6943.6105   4.0  1  1
		 30   88   969.02  6942.52035    6942.538   4.0  1  1
		 30   88  1055.98  6937.65502   6937.6642   4.0  1  1
		 30   88  1073.96  6936.63754   6936.6528   4.0  1  1
		 30   88  1274.81  6925.00344   6925.0094   4.0  1  1
		 30   88  1358.05  6920.03861   6920.0394   4.0  1  1
		 30   88  1422.65  6916.12772   6916.1289   4.0  1  1
		 30   88  1445.97  6914.70359   6914.7127   4.0  1  1
		 30   88  1502.27  6911.23887   6911.2264   4.0  1  1
		 30   88  1524.89  6909.83658   6909.8491   4.0  1  1
		 30   88  1538.49  6908.98999   6908.9905   4.0  1  1
		 30   88  1646.04  6902.22012   6902.2105   4.0  1  1
		 30   88  1668.56   6900.7851   6900.7632   4.0  1  1
		 30   88  1800.64  6892.24756   6892.2502   4.0  1  1
		 30   88  1845.48  6889.30209   6889.3032   4.0  1  1
		 30   88  1862.56  6888.17392   6888.1742   4.0  1  1
		 30   88  1878.95  6887.08832   6887.0881   4.0  1  1
		 30   88  1889.12  6886.41315   6886.4082   4.0  1  1
		 31   89    14.20  6911.23995   6911.2264   4.0  1  1
		 31   89    46.49  6909.84646   6909.8491   4.0  1  1
		 31   89    66.35   6908.9827   6908.9905   4.0  1  1
		 31   89   218.51  6902.20021   6902.2105   4.0  1  1
		 31   89   249.00  6900.80614   6900.7632   4.0  1  1
		 31   89   389.80  6894.21734   6894.2303   4.0  1  1
		 31   89   431.17  6892.23412   6892.2502   4.0  1  1
		 31   89   492.06  6889.27703   6889.3032   4.0  1  1
		 31   89   514.93  6888.15406   6888.1742   4.0  1  1
		 31   89   536.28  6887.10018   6887.0881   4.0  1  1
		 31   89   549.87  6886.42647   6886.4082   4.0  1  1
		 31   89   622.01  6882.81167   6882.8114   4.0  1  1
		 31   89   685.18  6879.59335   6879.5824   4.0  1  1
		 31   89   778.89  6874.72933    6874.753   4.0  1  1
		 31   89   844.00  6871.28633   6871.2891   4.0  1  1
		 31   89   896.99   6868.4456   6868.4508   4.0  1  1
		 31   89   928.01  6866.76743   6866.7634   4.0  1  1
		 31   89   935.02  6866.38602   6866.3666   4.0  1  1
		 31   89   986.99   6863.5436    6863.535   4.0  1  1
		 31   89   999.11  6862.87542   6862.8685   4.0  1  1
		 31   89  1028.01  6861.27631   6861.2688   4.0  1  1
		 31   89  1127.86  6855.67287   6855.6891   4.0  1  1
		 31   89  1134.00  6855.32455    6855.315   4.0  1  1
		 31   89  1148.94  6854.47457   6854.5128   4.0  1  1
		 31   89  1155.01  6854.12859   6854.1093   4.0  1  1
		 31   89  1165.72  6853.51697   6853.5234   4.0  1  1
		 31   89  1186.27  6852.33959   6852.3545   4.0  1  1
		 31   89  1193.98   6851.8964   6851.8842   4.0  1  1
		 31   89  1286.93   6846.4987    6846.479   4.0  1  1
		 31   89  1408.49  6839.28328   6839.2949   4.0  1  1
		 31   89  1480.40  6834.93274   6834.9246   4.0  1  1
		 31   89  1513.55   6832.9061   6832.8927   4.0  1  1
		 31   89  1576.13  6829.04519   6829.0355   4.0  1  1
		 31   89  1604.99  6827.24928   6827.2488   4.0  1  1
		 31   89  1646.07  6824.67615   6824.6774   4.0  1  1
		 31   89  1664.55  6823.51168   6823.5084   4.0  1  1
		 31   89  1788.44   6815.6044   6815.6123   4.0  1  1
		 31   89  1832.12   6812.7736   6812.7752   4.0  1  1
		 31   89  1836.60  6812.48179   6812.4915   4.0  1  1
		 31   89  1866.14  6810.55329   6810.5494   4.0  1  1
		 31   89  1884.79  6809.33025   6809.3173   4.0  1  1
		 31   89  1896.91  6808.53384   6808.5311   4.0  1  1
		 31   89  1915.48  6807.30986    6807.319   4.0  1  1
		 32   90    52.12  6832.85044   6832.8927   4.0  1  1
		 32   90   132.49  6829.35737   6829.3472   4.0  1  1
		 32   90   139.72  6829.03879   6829.0355   4.0  1  1
		 32   90   180.12  6827.24877   6827.2488   4.0  1  1
		 32   90   237.06  6824.69157   6824.6774   4.0  1  1
		 32   90   262.92  6823.51701   6823.5084   4.0  1  1
		 32   90   431.86  6815.63907   6815.6123   4.0  1  1
		 32   90   491.99  6812.75061   6812.7752   4.0  1  1
		 32   90   498.21  6812.44938   6812.4915   4.0  1  1
		 32   90   537.10  6810.55447   6810.5494   4.0  1  1
		 32   90   562.07  6809.32792   6809.3173   4.0  1  1
		 32   90   578.06  6808.53835   6808.5311   4.0  1  1
		 32   90   603.13  6807.29487    6807.319   4.0  1  1
		 32   90   739.15   6800.4124   6800.4645   4.0  1  0
		 32   90   775.94  6798.51258   6798.4868   4.0  1  1
		 32   90   827.76  6795.80844   6795.7982   4.0  1  1
		 32   90   914.00  6791.23655   6791.2351   4.0  1  1
		 32   90   958.96  6788.81738   6788.8403   4.0  1  1
		 32   90   979.01  6787.73049   6787.7364   4.0  1  1
		 32   90  1112.02   6780.4003   6780.4131   4.0  1  1
		 32   90  1117.04  6780.11924   6780.1252   4.0  1  1
		 32   90  1149.00  6778.32434   6778.3123   4.0  1  1
		 32   90  1241.09    6773.085   6773.0973   4.0  1  1
		 32   90  1256.55  6772.19558   6772.1745   4.0  1  1
		 32   90  1292.91  6770.09287   6770.1069   4.0  1  1
		 32   90  1352.32  6766.62266   6766.6117   4.0  1  1
		 32   90  1493.63  6758.20236   6758.2035   4.0  1  1
		 32   90  1511.72   6757.1075   6757.1092   4.0  1  1
		 32   90  1522.29  6756.46632   6756.4528   4.0  1  1
		 32   90  1568.14  6753.66806   6753.6598   4.0  1  1
		 32   90  1581.78  6752.83099   6752.8335   4.0  1  1
		 32   90  1604.61  6751.42545   6751.4267   4.0  1  1
		 32   90  1689.42  6746.14934   6746.1355   4.0  1  1
		 32   90  1741.29   6742.8818   6742.8845   4.0  1  1
		 32   90  1756.45  6741.92075   6741.9212   4.0  1  1
		 32   90  1815.09  6738.17865     6738.18   4.0  1  1
		 32   90  1883.75   6733.7468   6733.7488   4.0  1  1
		 32   90  1900.68  6732.64533   6732.6491   4.0  1  1
	offset	58
	niterate 3
	lowreject 3.
	highreject 3.
	coefficients	24
		1.
		4.
		4.
		1.
		1.
		1931.
		59.
		90.
		610680.9647465978
		-4685.533107886996
		-249.6627026099552
		2.082735906153244
		29.56639516935552
		-15.83305476215776
		-2.320907252801859
		-0.2224690494109742
		-3.183557856850555
		4.428325916873786
		0.4951807463862871
		0.1297173289267821
		0.4309965733022585
		-1.343327114517961
		0.002513847360702863
		-0.1548057428746341

