# Thu 16:14:20 03-Apr-2003
begin	ecidentify refThAr_580_l_2148x4096
	id	refThAr_580_l_2148x4096
	task	ecidentify
	image	refThAr_580_l_2148x4096
	units	angstroms
	features	483
		  1   90   342.37  6827.25558   6827.2488   4.0  1  0
		  1   90   457.92  6824.66833   6824.6774   4.0  1  0
		  1   90   966.89   6812.7756   6812.7752   4.0  1  1
		  1   90   978.64  6812.49136   6812.4915   4.0  1  1
		  1   90  1094.10  6809.67762   6809.6773   4.0  1  1
		  1   90  1108.76  6809.31729   6809.3173   4.0  1  1
		  1   90  1117.57  6809.10057      6809.1   4.0  1  1
		  1   90  1140.66  6808.53117   6808.5311   4.0  1  1
		  1   90  1189.63  6807.31831    6807.319   4.0  1  1
		  1   90  1460.91  6800.46619   6800.4645   4.0  1  1
		  1   90  1537.66  6798.48664   6798.4868   4.0  1  1
		  1   90  1813.18  6791.23343   6791.2351   4.0  1  1
		  1   90  1902.28  6788.83854   6788.8403   4.0  1  1
		  1   90  1943.01  6787.73582   6787.7364   4.0  1  1
		  1   90  2208.95  6780.41298   6780.4131   4.0  1  1
		  1   90  2219.30  6780.12382   6780.1252   4.0  1  1
		  1   90  2283.82  6778.31324   6778.3123   4.0  1  1
		  1   90  2467.30  6773.09681   6773.0973   4.0  1  1
		  1   90  2570.90  6770.10711   6770.1069   4.0  1  1
		  1   90  2690.60  6766.61322   6766.6117   4.0  1  1
		  1   90  2972.96    6758.204   6758.2035   4.0  1  1
		  1   90  3009.17  6757.10875   6757.1092   4.0  1  1
		  1   90  3122.40  6753.65864   6753.6598   4.0  1  1
		  1   90  3195.01  6751.42679   6751.4267   4.0  1  1
		  1   90  3616.16  6738.17904     6738.18   4.0  1  1
		  2   91   119.47  6757.10871   6757.1092   4.0  1  1
		  2   91   279.70  6753.65818   6753.6598   4.0  1  1
		  2   91   317.43    6752.834   6752.8335   4.0  1  1
		  2   91   757.96  6742.88487   6742.8845   4.0  1  1
		  2   91   957.54  6738.18034     6738.18   4.0  1  1
		  2   91  1140.97  6733.74923   6733.7488   4.0  1  1
		  2   91  1185.80  6732.65041   6732.6491   4.0  1  1
		  2   91  1295.61  6729.93377   6729.9328   4.0  1  1
		  2   91  1342.64  6728.75887   6728.7595   4.0  1  1
		  2   91  1368.21  6728.11744   6728.1183   4.0  1  1
		  2   91  1394.48  6727.45616   6727.4583   4.0  1  1
		  2   91  1439.83  6726.30985   6726.3091   4.0  1  1
		  2   91  1573.67  6722.89054   6722.8899   4.0  1  1
		  2   91  1784.89  6717.38465   6717.3851   4.0  1  1
		  2   91  1913.44  6713.96841     6713.97   4.0  1  1
		  2   91  2014.41  6711.25043   6711.2521   4.0  1  1
		  2   91  2501.53  6697.71237   6697.7123   4.0  1  1
		  2   91  2613.64  6694.49769   6694.4967   4.0  1  1
		  2   91  2630.62  6694.00758   6694.0068   4.0  1  1
		  2   91  2674.83  6692.72758   6692.7262   4.0  1  1
		  2   91  2852.54  6687.52439   6687.5207   4.0  1  0
		  2   91  2961.36    6684.293   6684.2929   4.0  1  1
		  2   91  2992.33  6683.36697   6683.3673   4.0  1  1
		  2   91  3101.45  6680.08208   6680.0811   4.0  1  1
		  2   91  3146.76  6678.70825   6678.7067   4.0  1  1
		  2   91  3193.58  6677.28204   6677.2817   4.0  1  1
		  2   91  3277.90  6674.69786   6674.6969   4.0  1  1
		  2   91  3314.21  6673.57891   6673.5797   4.0  1  1
		  2   91  3467.39  6668.81594   6668.8163   4.0  1  1
		  2   91  3545.60  6666.35813   6666.3588   4.0  1  1
		  2   91  3618.49  6664.05175    6664.051   4.0  1  1
		  2   91  3629.61  6663.69858   6663.6966   4.0  1  1
		  3   92    92.17  6684.29182   6684.2929   4.0  1  1
		  3   92   136.08  6683.36764   6683.3673   4.0  1  1
		  3   92   353.35  6678.70705   6678.7067   4.0  1  1
		  3   92   418.47  6677.28168   6677.2817   4.0  1  1
		  3   92   535.05  6674.69773   6674.6969   4.0  1  1
		  3   92   793.63  6668.81753   6668.8163   4.0  1  1
		  3   92   899.17  6666.35892   6666.3588   4.0  1  1
		  3   92   996.92  6664.05176    6664.051   4.0  1  1
		  3   92  1011.79  6663.69811   6663.6966   4.0  1  1
		  3   92  1071.63  6662.26867   6662.2686   4.0  1  1
		  3   92  1137.75  6660.67681   6660.6761   4.0  1  1
		  3   92  1220.03  6658.67729   6658.6774   4.0  1  1
		  3   92  1349.54   6655.4886   6655.4892   4.0  1  1
		  3   92  1394.59  6654.36756   6654.3675   4.0  1  1
		  3   92  1626.72  6648.49525   6648.4954   4.0  1  1
		  3   92  1702.62  6646.54035   6646.5407   4.0  1  1
		  3   92  1774.82   6644.6648   6644.6635   4.0  1  1
		  3   92  1811.85  6643.69688   6643.6976   4.0  1  1
		  3   92  1961.64  6639.73989   6639.7403   4.0  1  1
		  3   92  1992.68  6638.91167   6638.9119   4.0  1  1
		  3   92  2018.52     6638.22   6638.2207   4.0  1  1
		  3   92  2244.61  6632.08423   6632.0837   4.0  1  1
		  3   92  2640.95  6620.96704   6620.9665   4.0  1  1
		  3   92  2676.54  6619.94643   6619.9458   4.0  1  1
		  3   92  2738.34  6618.16531   6618.1668   4.0  1  1
		  3   92  2760.74  6617.51723   6617.5154   4.0  1  1
		  3   92  3170.03  6605.41735   6605.4165   4.0  1  1
		  3   92  3188.67  6604.85484   6604.8534   4.0  1  1
		  3   92  3229.49  6603.61951   6603.6209   4.0  1  1
		  3   92  3324.41  6600.72867   6600.7311   4.0  1  1
		  3   92  3365.09   6599.4819   6599.4824   4.0  1  1
		  3   92  3474.29  6596.11194   6596.1141   4.0  1  1
		  3   92  3544.16  6593.93804   6593.9391   4.0  1  1
		  3   92  3622.47  6591.48502   6591.4845   4.0  1  1
		  4   93   423.78  6605.41754   6605.4165   4.0  1  1
		  4   93   449.61  6604.85396   6604.8534   4.0  1  1
		  4   93   635.79  6600.73209   6600.7311   4.0  1  1
		  4   93   691.30  6599.48272   6599.4824   4.0  1  1
		  4   93   726.89  6598.67694   6598.6778   4.0  1  1
		  4   93   838.95  6596.11463   6596.1141   4.0  1  1
		  4   93   932.79  6593.93978   6593.9391   4.0  1  1
		  4   93   953.23  6593.46235   6593.4628   4.0  1  1
		  4   93  1037.43  6591.48331   6591.4845   4.0  1  1
		  4   93  1161.05  6588.53902   6588.5396   4.0  1  1
		  4   93  1274.60  6585.79453   6585.6945   4.0  1  0
		  4   93  1322.98  6584.61336    6584.613   4.0  1  1
		  4   93  1351.84  6583.90564    6583.906   4.0  1  1
		  4   93  1602.46  6577.65474   6577.6552   4.0  1  1
		  4   93  1619.86  6577.21391   6577.2146   4.0  1  1
		  4   93  1662.77   6576.1227   6576.1221   4.0  1  1
		  4   93  1913.70  6569.63375   6569.6322   4.0  1  1
		  4   93  2109.47  6564.44302   6564.4445   4.0  1  1
		  4   93  2271.64  6560.05841   6560.0574   4.0  1  1
		  4   93  2314.88   6558.8765   6558.8756   4.0  1  1
		  4   93  2485.49  6554.16012   6554.1603   4.0  1  1
		  4   93  2573.11  6551.70524   6551.7055   4.0  1  1
		  4   93  2783.55  6545.71928   6545.7186   4.0  1  1
		  4   93  2910.40  6542.04969   6542.0498   4.0  1  1
		  4   93  3061.60  6537.61573   6537.6139   4.0  1  1
		  4   93  3111.30  6536.14405   6536.1441   4.0  1  1
		  4   93  3271.83   6531.3429   6531.3418   4.0  1  1
		  4   93  3576.08  6522.04362   6522.0432   4.0  1  1
		  5   94    98.45  6542.04829   6542.0498   4.0  1  1
		  5   94   310.73  6537.61274   6537.6139   4.0  1  1
		  5   94   600.35   6531.3418   6531.3418   4.0  1  1
		  5   94  1009.94  6522.04367   6522.0432   4.0  1  1
		  5   94  1354.02   6513.8473   6513.8462   4.0  1  1
		  5   94  1414.78  6512.36386   6512.3639   4.0  1  1
		  5   94  1576.54  6508.36107   6508.3605   4.0  1  1
		  5   94  1631.42  6506.98543   6506.9868   4.0  1  1
		  5   94  1768.53  6503.51081   6503.5111   4.0  1  1
		  5   94  1827.83  6501.99103   6501.9919   4.0  1  1
		  5   94  1852.33  6501.36006   6501.3608   4.0  1  1
		  5   94  1879.60  6500.65581   6500.6575   4.0  1  1
		  5   94  1918.54  6499.64629   6499.6456   4.0  1  1
		  5   94  2056.68  6496.03003   6496.0292   4.0  1  1
		  5   94  2134.47  6493.96922   6493.9694   4.0  1  1
		  5   94  2141.66  6493.77781   6493.7777   4.0  1  1
		  5   94  2163.46   6493.1968   6493.1975   4.0  1  1
		  5   94  2255.20  6490.73633   6490.7372   4.0  1  1
		  5   94  2323.70  6488.88339   6488.8832   4.0  1  1
		  5   94  2534.99  6483.08327   6483.0825   4.0  1  1
		  5   94  2953.66   6471.2143   6471.2131   4.0  1  1
		  5   94  3075.24  6467.67475   6467.6754   4.0  1  1
		  5   94  3318.27  6460.47446    6460.475   4.0  1  1
		  5   94  3490.79  6455.26296   6455.2647   4.0  1  1
		  5   94  3595.60  6452.05647   6452.0591   4.0  1  1
		  5   94  3662.07  6450.00723    6450.006   4.0  1  1
		  6   95   366.08   6467.6757   6467.6754   4.0  1  1
		  6   95   698.46  6460.47515    6460.475   4.0  1  1
		  6   95   841.20  6457.28208   6457.2824   4.0  1  1
		  6   95   929.99  6455.26553   6455.2647   4.0  1  1
		  6   95  1069.12  6452.05904   6452.0591   4.0  1  1
		  6   95  1116.47  6450.95478   6450.9557   4.0  1  1
		  6   95  1156.91  6450.00642    6450.006   4.0  1  1
		  6   95  1293.40  6446.77036   6446.7712   4.0  1  1
		  6   95  1414.26  6443.85931   6443.8598   4.0  1  1
		  6   95  1494.63  6441.90017   6441.8994   4.0  1  1
		  6   95  1615.61  6438.91542    6438.916   4.0  1  1
		  6   95  1640.00  6438.30854   6438.3095   4.0  1  1
		  6   95  1661.95  6437.76087   6437.7613   4.0  1  1
		  6   95  1705.52  6436.66983   6436.6699   4.0  1  1
		  6   95  1906.92  6431.55496    6431.555   4.0  1  1
		  6   95  2014.54  6428.77371   6428.7733   4.0  1  1
		  6   95  2237.81  6422.89816   6422.8969   4.0  1  1
		  6   95  2267.47  6422.10699   6422.1075   4.0  1  1
		  6   95  2406.28  6418.37079   6418.3703   4.0  1  1
		  6   95  2482.09  6416.30705   6416.3071   4.0  1  1
		  6   95  2580.12  6413.61445   6413.6145   4.0  1  1
		  6   95  2642.06  6411.89895   6411.8991   4.0  1  1
		  6   95  2836.44  6406.44566   6406.4462   4.0  1  1
		  6   95  2956.86  6403.01418   6403.0128   4.0  1  1
		  6   95  3088.79  6399.20786   6399.2065   4.0  1  1
		  6   95  3241.90  6394.72978   6394.7289   4.0  1  1
		  6   95  3265.02  6394.04772   6394.0498   4.0  1  1
		  6   95  3273.44  6393.79923   6393.7972   4.0  1  1
		  6   95  3440.88  6388.81273   6388.8134   4.0  1  1
		  6   95  3576.55  6384.71576   6384.7169   4.0  1  1
		  6   95  3686.42  6381.36071   6381.3598   4.0  1  1
		  7   96   237.77  6403.01313   6403.0128   4.0  1  1
		  7   96   420.35  6399.20664   6399.2065   4.0  1  1
		  7   96   526.41   6396.9503   6396.9499   4.0  1  1
		  7   96   629.31   6394.7296   6394.7289   4.0  1  1
		  7   96   837.99  6390.13001   6390.1289   4.0  1  1
		  7   96   871.13  6389.38782     6389.39   4.0  1  1
		  7   96   896.67  6388.81378   6388.8134   4.0  1  1
		  7   96   959.41  6387.39525   6387.3957   4.0  1  1
		  7   96  1076.51  6384.71692   6384.7169   4.0  1  1
		  7   96  1220.85  6381.36062   6381.3598   4.0  1  1
		  7   96  1292.47  6379.67293   6379.6733   4.0  1  1
		  7   96  1330.95  6378.76013   6378.7604   4.0  1  1
		  7   96  1407.54  6376.93018   6376.9305   4.0  1  1
		  7   96  1612.78  6371.94351   6371.9436   4.0  1  1
		  7   96  1708.56  6369.57484   6369.5748   4.0  1  1
		  7   96  1894.79  6364.89421   6364.8937   4.0  1  1
		  7   96  1998.31  6362.24965   6362.2518   4.0  1  1
		  7   96  2097.97  6359.67488   6359.6744   4.0  1  1
		  7   96  2138.45  6358.62113   6358.6211   4.0  1  1
		  7   96  2174.51  6357.67852   6357.6779   4.0  1  1
		  7   96  2199.49  6357.02314   6357.0229   4.0  1  1
		  7   96  2241.71  6355.91172   6355.9108   4.0  1  1
		  7   96  2252.41  6355.62947     6355.63   4.0  1  1
		  7   96  2509.76  6348.73857   6348.7375   4.0  1  1
		  7   96  2528.37    6348.233   6348.2321   4.0  1  1
		  7   96  2605.69  6346.12217   6346.1209   4.0  1  1
		  7   96  2724.00  6342.85994   6342.8595   4.0  1  1
		  7   96  2838.41  6339.66834   6339.6684   4.0  1  1
		  7   96  2911.15  6337.62018   6337.6201   4.0  1  1
		  7   96  2989.30  6335.40331    6335.406   4.0  1  1
		  7   96  3128.48  6331.41309   6331.4137   4.0  1  1
		  7   96  3270.81  6327.27765   6327.2778   4.0  1  1
		  7   96  3301.91  6326.36643   6326.3669   4.0  1  1
		  7   96  3610.49  6317.18277   6317.1824   4.0  1  1
		  7   96  3651.21  6315.95149    6315.775   4.0  1  0
		  7   96  3819.50  6310.81457   6310.8101   4.0  1  0
		  8   97   107.85  6339.66829   6339.6684   4.0  1  1
		  8   97   209.58  6337.61942   6337.6201   4.0  1  1
		  8   97   317.79  6335.40664    6335.406   4.0  1  1
		  8   97   508.89  6331.41477   6331.4137   4.0  1  1
		  8   97   701.74  6327.27822   6327.2778   4.0  1  1
		  8   97   743.56  6326.36686   6326.3669   4.0  1  1
		  8   97   971.91  6321.30152   6321.3004   4.0  1  1
		  8   97  1152.71  6317.18376   6317.1824   4.0  1  1
		  8   97  1213.60   6315.7758    6315.775   4.0  1  1
		  8   97  1424.79  6310.81027   6310.8101   4.0  1  1
		  8   97  1493.78  6309.16045     6309.16   4.0  1  1
		  8   97  1556.16  6307.65704    6307.657   4.0  1  1
		  8   97  1696.23  6304.24071   6304.2423   4.0  1  1
		  8   97  1736.45  6303.24944   6303.2507   4.0  1  1
		  8   97  1810.55  6301.41132   6301.4128   4.0  1  1
		  8   97  1830.42  6300.91568   6300.9165   4.0  1  1
		  8   97  1990.92  6296.87192   6296.8722   4.0  1  1
		  8   97  2132.54  6293.24335   6293.2424   4.0  1  1
		  8   97  2146.18  6292.89101   6292.8909   4.0  1  1
		  8   97  2178.29  6292.05931   6292.0601   4.0  1  1
		  8   97  2211.65  6291.19207   6291.1915   4.0  1  1
		  8   97  2276.81  6289.48924   6289.4882   4.0  1  1
		  8   97  2361.62  6287.25513   6287.2554   4.0  1  1
		  8   97  2436.10  6285.27664    6285.278   4.0  1  1
		  8   97  2632.80  6279.97701   6279.9776   4.0  1  1
		  8   97  2662.61  6279.16443    6279.166   4.0  1  1
		  8   97  2681.56  6278.64656   6278.6453   4.0  1  1
		  8   97  2771.94  6276.16328   6276.1646   4.0  1  1
		  8   97  2845.80  6274.11717   6274.1166   4.0  1  1
		  8   97  3178.46  6264.71576   6264.7139   4.0  1  1
		  8   97  3292.68  6261.41761   6261.4181   4.0  1  1
		  9   98   153.41  6274.11573   6274.1166   4.0  1  1
		  9   98   444.17  6268.19856   6268.2001   4.0  1  1
		  9   98   609.89  6264.71633   6264.7139   4.0  1  1
		  9   98   763.50  6261.41774   6261.4181   4.0  1  1
		  9   98   945.42  6257.42334   6257.4237   4.0  1  1
		  9   98  1341.20  6248.40632   6248.4055   4.0  1  1
		  9   98  1484.12  6245.04049   6245.0409   4.0  1  1
		  9   98  1564.61  6243.11981   6243.1201   4.0  1  1
		  9   98  1654.51  6240.95272   6240.9536   4.0  1  1
		  9   98  1705.54  6239.71242   6239.7121   4.0  1  1
		  9   98  1902.59  6234.85481   6234.8554   4.0  1  1
		  9   98  1929.00   6234.1953   6234.1962   4.0  1  1
		  9   98  2236.69  6226.37038   6226.3697   4.0  1  1
		  9   98  2307.67  6224.52801   6224.5272   4.0  1  1
		  9   98  2430.01  6221.31954   6221.3192   4.0  1  1
		  9   98  2479.45  6220.01115   6220.0112   4.0  1  1
		  9   98  2631.74    6215.939   6215.9383   4.0  1  1
		  9   98  2897.26  6208.68646   6208.6869   4.0  1  1
		  9   98  2931.05  6207.74958   6207.7504   4.0  1  1
		  9   98  2950.11   6207.2198   6207.2201   4.0  1  1
		  9   98  2998.84  6205.86096   6205.8599   4.0  1  1
		  9   98  3083.26  6203.49135   6203.4925   4.0  1  1
		  9   98  3167.76   6201.1001   6201.1002   4.0  1  1
		  9   98  3191.26   6200.4315   6200.4325   4.0  1  1
		  9   98  3268.58  6198.22155   6198.2227   4.0  1  1
		  9   98  3799.16  6182.62267   6182.6217   4.0  1  1
		 10   99   258.78  6208.68643   6208.6869   4.0  1  1
		 10   99   305.41  6207.74901   6207.7504   4.0  1  1
		 10   99   331.60  6207.21965   6207.2201   4.0  1  1
		 10   99   513.36  6203.49202   6203.4925   4.0  1  1
		 10   99   627.59  6201.10061   6201.1002   4.0  1  1
		 10   99   659.17   6200.4331   6200.4325   4.0  1  1
		 10   99   762.76  6198.22288   6198.2227   4.0  1  1
		 10   99   963.37    6193.856   6193.8563   4.0  1  1
		 10   99  1051.35  6191.90458   6191.9053   4.0  1  1
		 10   99  1174.12  6189.14529   6189.1449   4.0  1  1
		 10   99  1219.05  6188.12473   6188.1251   4.0  1  1
		 10   99  1262.38  6187.13503    6187.135   4.0  1  1
		 10   99  1457.21  6182.62028   6182.6217   4.0  1  1
		 10   99  1538.54  6180.70408    6180.705   4.0  1  1
		 10   99  1634.02  6178.43093   6178.4315   4.0  1  1
		 10   99  1853.98  6173.09744   6173.0964   4.0  1  1
		 10   99  1887.35  6172.27645   6172.2778   4.0  1  1
		 10   99  1972.24  6170.17426    6170.174   4.0  1  1
		 10   99  1986.44  6169.82077   6169.8221   4.0  1  1
		 10   99  2172.96  6165.12438   6165.1232   4.0  1  1
		 10   99  2198.31  6164.47865   6164.4796   4.0  1  1
		 10   99  2288.41   6162.1695     6162.17   4.0  1  1
		 10   99  2320.04  6161.35348   6161.3534   4.0  1  1
		 10   99  2483.69  6157.08815   6157.0878   4.0  1  1
		 10   99  2540.83  6155.58146    6155.581   4.0  1  1
		 10   99  2553.71  6155.24084   6155.2385   4.0  1  1
		 10   99  2581.06   6154.5155   6154.5162   4.0  1  1
		 10   99  2597.84  6154.06954   6154.0682   4.0  1  1
		 10   99  2675.58  6151.99328   6151.9929   4.0  1  1
		 10   99  2724.35  6150.68266    6150.683   4.0  1  1
		 10   99  2916.96   6145.4426   6145.4411   4.0  1  1
		 10   99  2941.83  6144.75858   6144.7581   4.0  1  1
		 10   99  3187.05   6137.9256    6137.926   4.0  1  1
		 10   99  3331.92    6133.813   6133.8143   4.0  1  1
		 10   99  3653.63  6124.47953   6124.4805   4.0  1  1
		 10   99  3675.57  6123.83321   6123.8331   4.0  1  1
		 10   99  3691.54  6123.36167   6123.3619   4.0  1  1
		 10   99  3730.24  6122.21638   6122.2144   4.0  1  1
		 10   99  3786.09  6120.55684   6120.5564   4.0  1  1
		 11  100    51.84   6150.6833    6150.683   4.0  1  1
		 11  100   318.81  6145.44172   6145.4411   4.0  1  1
		 11  100   352.85  6144.75879   6144.7581   4.0  1  1
		 11  100   684.72  6137.92712    6137.926   4.0  1  1
		 11  100   877.53  6133.81493   6133.8143   4.0  1  1
		 11  100  1168.26  6127.41631    6127.416   4.0  1  1
		 11  100  1242.71  6125.73955   6125.7396   4.0  1  1
		 11  100  1298.18  6124.48023   6124.4805   4.0  1  1
		 11  100  1326.54  6123.83317   6123.8331   4.0  1  1
		 11  100  1347.15  6123.36132   6123.3619   4.0  1  1
		 11  100  1396.99  6122.21573   6122.2144   4.0  1  1
		 11  100  1468.66  6120.55636   6120.5564   4.0  1  1
		 11  100  1707.53  6114.92262   6114.9234   4.0  1  1
		 11  100  1723.55  6114.53898   6114.5392   4.0  1  1
		 11  100  1768.20  6113.46641   6113.4657   4.0  1  1
		 11  100  1794.33  6112.83625   6112.8375   4.0  1  1
		 11  100  2011.21  6107.53268   6107.5337   4.0  1  1
		 11  100  2087.52  6105.63598   6105.6351   4.0  1  1
		 11  100  2242.87  6101.72554   6101.7251   4.0  1  1
		 11  100  2310.97  6099.99045   6099.9886   4.0  1  1
		 11  100  2346.40  6099.08275   6099.0831   4.0  1  1
		 11  100  2357.26   6098.8039   6098.8031   4.0  1  1
		 11  100  2383.82  6098.12057   6098.1205   4.0  1  1
		 11  100  2677.04   6090.4484   6090.4482   4.0  1  1
		 11  100  2767.64  6088.03099   6088.0305   4.0  1  1
		 11  100  2796.30  6087.26146   6087.2622   4.0  1  1
		 11  100  2866.26  6085.37426   6085.3748   4.0  1  1
		 11  100  3091.01  6079.22247   6079.2227   4.0  1  1
		 11  100  3119.95  6078.42067   6078.4212   4.0  1  1
		 11  100  3139.67  6077.87284   6077.8728   4.0  1  1
		 11  100  3167.28  6077.10424   6077.1057   4.0  1  1
		 11  100  3601.44    6064.752   6064.7508   4.0  1  1
		 11  100  3785.21  6059.37372   6059.3725   4.0  1  1
		 12  101    18.92  6090.45003   6090.4482   4.0  1  1
		 12  101   145.31  6088.02934   6088.0305   4.0  1  1
		 12  101   184.85  6087.26273   6087.2622   4.0  1  1
		 12  101   281.27  6085.37468   6085.3748   4.0  1  1
		 12  101   586.60  6079.22258   6079.2227   4.0  1  1
		 12  101   625.44  6078.42109   6078.4212   4.0  1  1
		 12  101   651.87  6077.87335   6077.8728   4.0  1  1
		 12  101   688.73  6077.10605   6077.1057   4.0  1  1
		 12  101   878.17  6073.10291   6073.1036   4.0  1  1
		 12  101  1006.20  6070.34081   6070.3412   4.0  1  1
		 12  101  1066.64  6069.02097   6069.0207   4.0  1  1
		 12  101  1213.11  6065.78019   6065.7799   4.0  1  1
		 12  101  1495.18   6059.3723   6059.3725   4.0  1  1
		 12  101  1546.59  6058.18061   6058.1813   4.0  1  1
		 12  101  1657.20  6055.59229   6055.5937   4.0  1  1
		 12  101  1750.61  6053.38055   6053.3808   4.0  1  1
		 12  101  1778.21  6052.72235   6052.7229   4.0  1  1
		 12  101  1850.80  6050.98163   6050.9818   4.0  1  1
		 12  101  1930.60  6049.05113    6049.051   4.0  1  1
		 12  101  2018.77  6046.89837   6046.8977   4.0  1  1
		 12  101  2167.31  6043.22343   6043.2233   4.0  1  1
		 12  101  2192.66  6042.59034   6042.5898   4.0  1  1
		 12  101  2347.67  6038.68118   6038.6805   4.0  1  1
		 12  101  2386.30  6037.69688   6037.6975   4.0  1  1
		 12  101  2422.79  6036.76351   6036.7622   4.0  1  1
		 12  101  2483.87  6035.19298   6035.1923   4.0  1  1
		 12  101  2573.41  6032.87269   6032.8726   4.0  1  1
		 12  101  2601.96  6032.12838   6032.1274   4.0  1  1
		 12  101  2666.24  6030.44431    6030.445   4.0  1  1
		 12  101  2696.45  6029.64917     6029.65   4.0  1  1
		 12  101  2712.47  6029.22635   6029.2257   4.0  1  1
		 12  101  2937.25  6023.22366   6023.2242   4.0  1  1
		 12  101  3004.22  6021.40917   6021.4113   4.0  1  1
		 12  101  3017.94  6021.03613   6021.0357   4.0  1  1
		 12  101  3045.91   6020.2736   6020.2715   4.0  1  1
		 12  101  3092.66  6018.99483   6018.9934   4.0  1  1
		 12  101  3188.40    6016.358   6016.3589   4.0  1  1
		 12  101  3222.22  6015.42074   6015.4218   4.0  1  1
		 12  101  3284.82  6013.67786   6013.6777   4.0  1  1
		 12  101  3565.88  6005.72625   6005.7242   4.0  1  1
		 12  101  3585.51  6005.16296    6005.165   4.0  1  1
		 12  101  3722.54  6001.20423   6001.2033   4.0  1  1
		 13  102    78.72  6029.64809     6029.65   4.0  1  1
		 13  102   266.13  6026.04536   6026.0448   4.0  1  1
		 13  102   311.86  6025.15117     6025.15   4.0  1  1
		 13  102   409.41  6023.22427   6023.2242   4.0  1  1
		 13  102   499.98  6021.41133   6021.4113   4.0  1  1
		 13  102   518.61  6021.03562   6021.0357   4.0  1  1
		 13  102   791.47  6015.42159   6015.4218   4.0  1  1
		 13  102   874.21  6013.67826   6013.6777   4.0  1  1
		 13  102   974.78  6011.53381   6011.5337   4.0  1  1
		 13  102  1038.51  6010.16054   6010.1606   4.0  1  1
		 13  102  1179.95  6007.07258   6007.0722   4.0  1  1
		 13  102  1266.08  6005.16514    6005.165   4.0  1  1
		 13  102  1442.16  6001.20257   6001.2033   4.0  1  1
		 13  102  1538.46  5998.99963   5998.9987   4.0  1  1
		 13  102  1640.84   5996.6297   5996.6297   4.0  1  1
		 13  102  1747.60  5994.12829   5994.1287   4.0  1  1
		 13  102  1774.53  5993.49244   5993.4941   4.0  1  1
		 13  102  1879.02  5991.00645   5991.0071   4.0  1  1
		 13  102  1960.63  5989.04457   5989.0447   4.0  1  1
		 13  102  2032.48  5987.30215   5987.3016   4.0  1  1
		 13  102  2074.90  5986.26709   5986.2665   4.0  1  1
		 13  102  2477.57  5976.20092   5976.2005   4.0  1  1
		 13  102  2521.93   5975.0656   5975.0648   4.0  1  1
		 13  102  2576.39  5973.66445   5973.6649   4.0  1  1
		 13  102  2623.89  5972.43605   5972.4351   4.0  1  1
		 13  102  2655.99  5971.60248   5971.6008   4.0  1  1
		 13  102  2727.44  5969.73718   5969.7373   4.0  1  1
		 13  102  2781.34  5968.32126   5968.3199   4.0  1  1
		 13  102  3254.57  5955.56123   5955.5616   4.0  1  1
		 13  102  3587.51   5946.2334   5946.2347   4.0  1  1
		 13  102  3643.13  5944.64686   5944.6472   4.0  1  1
		 13  102  3722.95   5942.3565   5942.3585   4.0  1  1
		 14  103    54.39  5971.59959   5971.6008   4.0  1  1
		 14  103   153.23  5969.73628   5969.7373   4.0  1  1
		 14  103   227.41   5968.3201   5968.3199   4.0  1  1
		 14  103   424.87  5964.47527   5964.4723   4.0  1  0
		 14  103   829.52  5956.25888   5956.2588   4.0  1  1
		 14  103   862.85  5955.56191   5955.5616   4.0  1  1
		 14  103  1179.07   5948.7989   5948.7991   4.0  1  1
		 14  103  1295.68  5946.23615   5946.2347   4.0  1  1
		 14  103  1367.15  5944.64694   5944.6472   4.0  1  1
		 14  103  1469.03  5942.35794   5942.3585   4.0  1  1
		 14  103  1547.89  5940.56674   5940.5653   4.0  1  1
		 14  103  1623.88  5938.82506   5938.8252   4.0  1  1
		 14  103  1639.86  5938.45677    5938.457   4.0  1  1
		 14  103  1674.23  5937.66228   5937.6634   4.0  1  1
		 14  103  1695.79  5937.16232   5937.1619   4.0  1  1
		 14  103  2001.71  5929.93417   5929.9343   4.0  1  1
		 14  103  2048.20  5928.81368    5928.813   4.0  1  1
		 14  103  2117.73  5927.12726   5927.1258   4.0  1  1
		 14  103  2188.27  5925.40334   5925.4036   4.0  1  1
		 14  103  2447.85  5918.94534   5918.9442   4.0  1  1
		 14  103  2626.97  5914.38554   5914.3856   4.0  1  1
		 14  103  2666.67  5913.36353   5913.3638   4.0  1  1
		 14  103  2716.08   5912.0855   5912.0853   4.0  1  1
		 14  103  2836.89  5908.93433    5908.935   4.0  1  1
		 14  103  2964.28  5905.57007   5905.5707   4.0  1  1
		 14  103  2979.12  5905.17533   5905.1763   4.0  1  1
		 14  103  3075.40  5902.60089   5902.6021   4.0  1  1
		 14  103  3305.10  5896.36202   5896.3631   4.0  1  1
		 14  103  3344.44  5895.27991   5895.2818   4.0  1  1
		 14  103  3365.51  5894.69865   5894.6979   4.0  1  1
		 14  103  3482.53  5891.44934    5891.451   4.0  1  1
		 14  103  3584.65  5888.58532   5888.5841   4.0  1  1
		 14  103  3657.29  5886.53177   5886.5314   4.0  1  1
		 15  104    29.69  5914.67202   5914.6709   4.0  1  1
		 15  104   168.34  5912.08464   5912.0853   4.0  1  1
		 15  104   213.56  5911.22928   5911.2296   4.0  1  1
		 15  104   505.53  5905.57074   5905.5707   4.0  1  1
		 15  104   654.06  5902.60206   5902.6021   4.0  1  1
		 15  104   956.82  5896.36413   5896.3631   4.0  1  1
		 15  104  1008.14   5895.2821   5895.2818   4.0  1  1
		 15  104  1035.62  5894.69975   5894.6979   4.0  1  1
		 15  104  1187.18  5891.45105    5891.451   4.0  1  1
		 15  104  1256.20  5889.95096   5889.9531   4.0  1  1
		 15  104  1318.53   5888.5854   5888.5841   4.0  1  1
		 15  104  1411.42  5886.53086   5886.5314   4.0  1  1
		 15  104  1448.60  5885.70188   5885.7016   4.0  1  1
		 15  104  1522.95  5884.03333   5884.0331   4.0  1  1
		 15  104  1585.25  5882.62366   5882.6242   4.0  1  1
		 15  104  1942.10   5874.3502   5874.3513   4.0  1  1
		 15  104  1955.34  5874.03687   5874.0383   4.0  1  1
		 15  104  2015.69  5872.60206   5872.6028   4.0  1  1
		 15  104  2075.02  5871.18225   5871.1828   4.0  1  1
		 15  104  2191.28  5868.37298   5868.3745   4.0  1  1
		 15  104  2255.31  5866.81051   5866.8119   4.0  1  1
		 15  104  2380.74  5863.71881   5863.7184   4.0  1  1
		 15  104  2517.11  5860.31041   5860.3103   4.0  1  1
		 15  104  2630.13  5857.44911   5857.4491   4.0  1  1
		 15  104  2706.45  5855.49814   5855.4986   4.0  1  1
		 15  104  2759.97  5854.12093   5854.1207   4.0  1  1
		 15  104  2784.96  5853.47527   5853.4745   4.0  1  1
		 15  104  2815.58  5852.68184   5852.6806   4.0  1  1
		 15  104  3072.90  5845.91998   5845.9188   4.0  1  1
		 15  104  3115.25  5844.79074   5844.7909   4.0  1  1
		 15  104  3217.26  5842.05179     5842.05   4.0  1  1
		 15  104  3269.42  5840.64097   5840.6404   4.0  1  1
		 15  104  3298.46  5839.85247   5839.8514   4.0  1  1
		 15  104  3331.62  5838.94954   5838.9502   4.0  1  1
		 15  104  3502.08  5834.26336   5834.2633   4.0  1  1
	offset	89
	niterate 3
	lowreject 3.
	highreject 3.
	coefficients	24
		1.
		4.
		4.
		1.
		1.
		3881.
		90.
		104.
		610661.3994765464
		-4749.684952584752
		-257.3311941921838
		2.13167246005833
		14.92652744789626
		-17.96126722915075
		-2.062578245862594
		-0.0446815200954765
		-0.4492563092555533
		1.412281287593677
		0.151564170320048
		0.04359779615230008
		0.05621750593908075
		-0.07026664554375906
		0.04410040129434679
		0.03343989568058149

# Thu 18:23:21 03-Apr-2003
begin	ecidentify refThAr_580_l_2148x4096
	id	refThAr_580_l_2148x4096
	task	ecidentify
	image	refThAr_580_l_2148x4096
	units	angstroms
	features	553
		  1   90   966.89  6812.77526   6812.7752   4.0  1  1
		  1   90   978.64  6812.49121   6812.4915   4.0  1  1
		  1   90  1058.50   6810.5494   6810.5494   4.0  1  1
		  1   90  1094.10  6809.67736   6809.6773   4.0  1  1
		  1   90  1100.89  6809.51049   6809.5094   4.0  1  1
		  1   90  1108.76  6809.31714   6809.3173   4.0  1  1
		  1   90  1117.57  6809.10035      6809.1   4.0  1  1
		  1   90  1140.66  6808.53096   6808.5311   4.0  1  1
		  1   90  1189.63  6807.31816    6807.319   4.0  1  1
		  1   90  1460.91  6800.46603   6800.4645   4.0  1  1
		  1   90  1537.66  6798.48661   6798.4868   4.0  1  1
		  1   90  1813.18  6791.23338   6791.2351   4.0  1  1
		  1   90  1902.28  6788.83851   6788.8403   4.0  1  1
		  1   90  1943.01   6787.7358   6787.7364   4.0  1  1
		  1   90  2208.95  6780.41309   6780.4131   4.0  1  1
		  1   90  2219.30  6780.12384   6780.1252   4.0  1  1
		  1   90  2247.86  6779.32386   6779.3242   4.0  1  1
		  1   90  2283.82  6778.31326   6778.3123   4.0  1  1
		  1   90  2467.30  6773.09683   6773.0973   4.0  1  1
		  1   90  2570.90  6770.10703   6770.1069   4.0  1  1
		  1   90  2690.60  6766.61311   6766.6117   4.0  1  1
		  1   90  2972.96  6758.20383   6758.2035   4.0  1  1
		  1   90  3009.17  6757.10856   6757.1092   4.0  1  1
		  1   90  3030.72  6756.45473   6756.4528   4.0  1  1
		  1   90  3122.40  6753.65849   6753.6598   4.0  1  1
		  1   90  3195.01  6751.42643   6751.4267   4.0  1  1
		  1   90  3498.83  6741.92043   6741.9212   4.0  1  1
		  1   90  3616.16  6738.17812     6738.18   4.0  1  1
		  1   90  3787.21  6732.65083   6732.6491   4.0  1  1
		  2   91    67.88  6758.20266   6758.2035   4.0  1  1
		  2   91   119.47  6757.10876   6757.1092   4.0  1  1
		  2   91   150.20  6756.45312   6756.4528   4.0  1  1
		  2   91   279.70  6753.65818   6753.6598   4.0  1  1
		  2   91   317.43  6752.83393   6752.8335   4.0  1  1
		  2   91   381.36  6751.42755   6751.4267   4.0  1  1
		  2   91   757.96  6742.88468   6742.8845   4.0  1  1
		  2   91   799.19  6741.92291   6741.9212   4.0  1  1
		  2   91   957.54  6738.18016     6738.18   4.0  1  1
		  2   91  1140.97  6733.74896   6733.7488   4.0  1  1
		  2   91  1185.80  6732.65024   6732.6491   4.0  1  1
		  2   91  1295.61   6729.9335   6729.9328   4.0  1  1
		  2   91  1342.64  6728.75873   6728.7595   4.0  1  1
		  2   91  1368.21   6728.1173   6728.1183   4.0  1  1
		  2   91  1439.83  6726.30973   6726.3091   4.0  1  1
		  2   91  1573.67  6722.89045   6722.8899   4.0  1  1
		  2   91  1784.89  6717.38472   6717.3851   4.0  1  1
		  2   91  1913.44  6713.96838     6713.97   4.0  1  1
		  2   91  2014.41  6711.25042   6711.2521   4.0  1  1
		  2   91  2394.39   6700.7504   6700.7499   4.0  1  1
		  2   91  2501.53  6697.71239   6697.7123   4.0  1  1
		  2   91  2556.49  6696.14117     6696.14   4.0  1  1
		  2   91  2613.64  6694.49769   6694.4967   4.0  1  1
		  2   91  2630.62  6694.00757   6694.0068   4.0  1  1
		  2   91  2674.83  6692.72751   6692.7262   4.0  1  1
		  2   91  2961.36   6684.2928   6684.2929   4.0  1  1
		  2   91  2992.33  6683.36682   6683.3673   4.0  1  1
		  2   91  3101.45  6680.08187   6680.0811   4.0  1  1
		  2   91  3146.76  6678.70792   6678.7067   4.0  1  1
		  2   91  3193.58  6677.28177   6677.2817   4.0  1  1
		  2   91  3277.90  6674.69751   6674.6969   4.0  1  1
		  2   91  3314.21  6673.57852   6673.5797   4.0  1  1
		  2   91  3467.39  6668.81539   6668.8163   4.0  1  1
		  2   91  3545.60  6666.35749   6666.3588   4.0  1  1
		  2   91  3618.49    6664.051    6664.051   4.0  1  1
		  2   91  3629.61  6663.69781   6663.6966   4.0  1  1
		  2   91  3674.45  6662.27026   6662.2686   4.0  1  1
		  3   92    92.17  6684.29186   6684.2929   4.0  1  1
		  3   92   136.08  6683.36764   6683.3673   4.0  1  1
		  3   92   290.01  6680.08067   6680.0811   4.0  1  1
		  3   92   353.35  6678.70687   6678.7067   4.0  1  1
		  3   92   418.47  6677.28161   6677.2817   4.0  1  1
		  3   92   535.05  6674.69751   6674.6969   4.0  1  1
		  3   92   584.83  6673.58134   6673.5797   4.0  1  1
		  3   92   793.63  6668.81737   6668.8163   4.0  1  1
		  3   92   899.17  6666.35876   6666.3588   4.0  1  1
		  3   92   996.92  6664.05156    6664.051   4.0  1  1
		  3   92  1011.79  6663.69795   6663.6966   4.0  1  1
		  3   92  1071.63  6662.26852   6662.2686   4.0  1  1
		  3   92  1137.75  6660.67658   6660.6761   4.0  1  1
		  3   92  1220.03  6658.67715   6658.6774   4.0  1  1
		  3   92  1349.54  6655.48849   6655.4892   4.0  1  1
		  3   92  1394.59  6654.36745   6654.3675   4.0  1  1
		  3   92  1608.69  6648.95698   6648.9586   4.0  1  1
		  3   92  1626.72  6648.49518   6648.4954   4.0  1  1
		  3   92  1702.62  6646.54029   6646.5407   4.0  1  1
		  3   92  1774.82  6644.66467   6644.6635   4.0  1  1
		  3   92  1811.85  6643.69684   6643.6976   4.0  1  1
		  3   92  1961.64  6639.73987   6639.7403   4.0  1  1
		  3   92  1992.68  6638.91166   6638.9119   4.0  1  1
		  3   92  2018.52  6638.21999   6638.2207   4.0  1  1
		  3   92  2194.44  6633.45875   6633.4579   4.0  1  1
		  3   92  2244.61   6632.0842   6632.0837   4.0  1  1
		  3   92  2640.95  6620.96703   6620.9665   4.0  1  1
		  3   92  2676.54  6619.94641   6619.9458   4.0  1  1
		  3   92  2738.34  6618.16539   6618.1668   4.0  1  1
		  3   92  2760.74  6617.51711   6617.5154   4.0  1  1
		  3   92  2776.51  6617.05992    6617.058   4.0  1  1
		  3   92  3170.03  6605.41716   6605.4165   4.0  1  1
		  3   92  3188.67  6604.85464   6604.8534   4.0  1  1
		  3   92  3229.49  6603.61941   6603.6209   4.0  1  1
		  3   92  3257.72   6602.7623    6602.762   4.0  1  1
		  3   92  3365.09  6599.48172   6599.4824   4.0  1  1
		  3   92  3544.16  6593.93756   6593.9391   4.0  1  1
		  3   92  3559.41  6593.46104   6593.4628   4.0  1  1
		  3   92  3622.47  6591.48431   6591.4845   4.0  1  1
		  4   93   423.78  6605.41747   6605.4165   4.0  1  1
		  4   93   449.61  6604.85389   6604.8534   4.0  1  1
		  4   93   505.79  6603.62125   6603.6209   4.0  1  1
		  4   93   544.71  6602.76173    6602.762   4.0  1  1
		  4   93   635.79  6600.73199   6600.7311   4.0  1  1
		  4   93   691.30  6599.48261   6599.4824   4.0  1  1
		  4   93   726.89  6598.67684   6598.6778   4.0  1  1
		  4   93   838.95  6596.11443   6596.1141   4.0  1  1
		  4   93   932.79  6593.93955   6593.9391   4.0  1  1
		  4   93   953.23  6593.46231   6593.4628   4.0  1  1
		  4   93  1037.43   6591.4832   6591.4845   4.0  1  1
		  4   93  1161.05  6588.53897   6588.5396   4.0  1  1
		  4   93  1278.70  6585.69455   6585.6945   4.0  1  1
		  4   93  1322.98  6584.61326    6584.613   4.0  1  1
		  4   93  1351.84  6583.90554    6583.906   4.0  1  1
		  4   93  1500.17  6580.22844   6580.2299   4.0  1  1
		  4   93  1602.46  6577.65466   6577.6552   4.0  1  1
		  4   93  1619.86  6577.21384   6577.2146   4.0  1  1
		  4   93  1662.77  6576.12264   6576.1221   4.0  1  1
		  4   93  1913.70  6569.63367   6569.6322   4.0  1  1
		  4   93  2109.47    6564.443   6564.4445   4.0  1  1
		  4   93  2271.64  6560.05841   6560.0574   4.0  1  1
		  4   93  2314.88   6558.8765   6558.8756   4.0  1  1
		  4   93  2485.49  6554.16022   6554.1603   4.0  1  1
		  4   93  2573.11  6551.70537   6551.7055   4.0  1  1
		  4   93  2783.55  6545.71926   6545.7186   4.0  1  1
		  4   93  2910.40  6542.04965   6542.0498   4.0  1  1
		  4   93  3061.60  6537.61564   6537.6139   4.0  1  1
		  4   93  3111.30  6536.14396   6536.1441   4.0  1  1
		  4   93  3271.83  6531.34264   6531.3418   4.0  1  1
		  4   93  3576.08  6522.04322   6522.0432   4.0  1  1
		  5   94    98.45  6542.04841   6542.0498   4.0  1  1
		  5   94   310.73  6537.61283   6537.6139   4.0  1  1
		  5   94   331.31  6537.17564   6537.1775   4.0  1  1
		  5   94   379.56  6536.14527   6536.1441   4.0  1  1
		  5   94   600.35  6531.34177   6531.3418   4.0  1  1
		  5   94   990.30  6522.50084   6522.4994   4.0  1  1
		  5   94  1009.94  6522.04359   6522.0432   4.0  1  1
		  5   94  1354.02  6513.84722   6513.8462   4.0  1  1
		  5   94  1414.78  6512.36378   6512.3639   4.0  1  1
		  5   94  1548.87  6509.05114   6509.0503   4.0  1  1
		  5   94  1576.54  6508.36091   6508.3605   4.0  1  1
		  5   94  1631.42  6506.98549   6506.9868   4.0  1  1
		  5   94  1768.53  6503.51076   6503.5111   4.0  1  1
		  5   94  1827.83  6501.99098   6501.9919   4.0  1  1
		  5   94  1852.33  6501.36002   6501.3608   4.0  1  1
		  5   94  1879.60  6500.65576   6500.6575   4.0  1  1
		  5   94  1918.54  6499.64625   6499.6456   4.0  1  1
		  5   94  2056.68  6496.02993   6496.0292   4.0  1  1
		  5   94  2085.94  6495.25671   6495.2573   4.0  1  1
		  5   94  2134.47  6493.96918   6493.9694   4.0  1  1
		  5   94  2141.66  6493.77778   6493.7777   4.0  1  1
		  5   94  2163.46  6493.19677   6493.1975   4.0  1  1
		  5   94  2255.20  6490.73631   6490.7372   4.0  1  1
		  5   94  2323.70  6488.88334   6488.8832   4.0  1  1
		  5   94  2375.28  6487.47931   6487.4811   4.0  1  1
		  5   94  2534.99  6483.08317   6483.0825   4.0  1  1
		  5   94  2953.66  6471.21427   6471.2131   4.0  1  1
		  5   94  3075.24  6467.67471   6467.6754   4.0  1  1
		  5   94  3318.27  6460.47446    6460.475   4.0  1  1
		  5   94  3490.79  6455.26298   6455.2647   4.0  1  1
		  5   94  3631.37  6450.95498   6450.9557   4.0  1  1
		  5   94  3662.07  6450.00699    6450.006   4.0  1  1
		  5   94  3802.41  6445.63989   6445.6407   4.0  1  1
		  6   95   196.93  6471.21357   6471.2131   4.0  1  1
		  6   95   366.08  6467.67576   6467.6754   4.0  1  1
		  6   95   698.46  6460.47509    6460.475   4.0  1  1
		  6   95   841.20  6457.28208   6457.2824   4.0  1  1
		  6   95   929.99  6455.26551   6455.2647   4.0  1  1
		  6   95  1069.12    6452.059   6452.0591   4.0  1  1
		  6   95  1116.47  6450.95474   6450.9557   4.0  1  1
		  6   95  1156.91  6450.00635    6450.006   4.0  1  1
		  6   95  1293.40   6446.7703   6446.7712   4.0  1  1
		  6   95  1340.58   6445.6389   6445.6407   4.0  1  1
		  6   95  1414.26  6443.85933   6443.8598   4.0  1  1
		  6   95  1494.63  6441.90005   6441.8994   4.0  1  1
		  6   95  1615.61  6438.91537    6438.916   4.0  1  1
		  6   95  1640.00  6438.30851   6438.3095   4.0  1  1
		  6   95  1661.95  6437.76089   6437.7613   4.0  1  1
		  6   95  1705.52  6436.66976   6436.6699   4.0  1  1
		  6   95  1906.92  6431.55489    6431.555   4.0  1  1
		  6   95  2014.54  6428.77365   6428.7733   4.0  1  1
		  6   95  2237.81  6422.89812   6422.8969   4.0  1  1
		  6   95  2267.47  6422.10698   6422.1075   4.0  1  1
		  6   95  2406.28  6418.37069   6418.3703   4.0  1  1
		  6   95  2482.09  6416.30703   6416.3071   4.0  1  1
		  6   95  2510.21  6415.53735   6415.5374   4.0  1  1
		  6   95  2580.12  6413.61444   6413.6145   4.0  1  1
		  6   95  2642.06  6411.89902   6411.8991   4.0  1  1
		  6   95  2836.44  6406.44569   6406.4462   4.0  1  1
		  6   95  2956.86  6403.01406   6403.0128   4.0  1  1
		  6   95  3088.79  6399.20786   6399.2065   4.0  1  1
		  6   95  3166.31  6396.94871   6396.9499   4.0  1  1
		  6   95  3241.90  6394.72977   6394.7289   4.0  1  1
		  6   95  3265.02   6394.0479   6394.0498   4.0  1  1
		  6   95  3321.70     6392.37   6392.3685   4.0  1  1
		  6   95  3397.00  6390.12716   6390.1289   4.0  1  1
		  6   95  3440.88  6388.81284   6388.8134   4.0  1  1
		  6   95  3488.06  6387.39375   6387.3957   4.0  1  1
		  6   95  3576.55  6384.71583   6384.7169   4.0  1  1
		  6   95  3673.46  6381.75832   6381.7588   4.0  1  1
		  6   95  3686.42  6381.36069   6381.3598   4.0  1  1
		  6   95  3741.22  6379.67499   6379.6733   4.0  1  1
		  7   96    68.93  6406.44511   6406.4462   4.0  1  1
		  7   96   237.77  6403.01327   6403.0128   4.0  1  1
		  7   96   420.35  6399.20681   6399.2065   4.0  1  1
		  7   96   526.41  6396.95043   6396.9499   4.0  1  1
		  7   96   629.31   6394.7296   6394.7289   4.0  1  1
		  7   96   660.57  6394.04869   6394.0498   4.0  1  1
		  7   96   737.16  6392.36848   6392.3685   4.0  1  1
		  7   96   837.99  6390.13005   6390.1289   4.0  1  1
		  7   96   896.67  6388.81379   6388.8134   4.0  1  1
		  7   96   959.41  6387.39527   6387.3957   4.0  1  1
		  7   96  1076.51  6384.71691   6384.7169   4.0  1  1
		  7   96  1203.81  6381.76012   6381.7588   4.0  1  1
		  7   96  1220.85  6381.36059   6381.3598   4.0  1  1
		  7   96  1292.47  6379.67292   6379.6733   4.0  1  1
		  7   96  1330.95  6378.76008   6378.7604   4.0  1  1
		  7   96  1407.54  6376.93016   6376.9305   4.0  1  1
		  7   96  1612.78  6371.94344   6371.9436   4.0  1  1
		  7   96  1708.56  6369.57476   6369.5748   4.0  1  1
		  7   96  1894.79  6364.89414   6364.8937   4.0  1  1
		  7   96  2097.97  6359.67481   6359.6744   4.0  1  1
		  7   96  2118.74  6359.13471   6359.1345   4.0  1  1
		  7   96  2138.45  6358.62105   6358.6211   4.0  1  1
		  7   96  2174.51  6357.67835   6357.6779   4.0  1  1
		  7   96  2199.49  6357.02307   6357.0229   4.0  1  1
		  7   96  2241.71  6355.91166   6355.9108   4.0  1  1
		  7   96  2252.41  6355.62941     6355.63   4.0  1  1
		  7   96  2509.76  6348.73842   6348.7375   4.0  1  1
		  7   96  2528.37  6348.23289   6348.2321   4.0  1  1
		  7   96  2605.69  6346.12216   6346.1209   4.0  1  1
		  7   96  2724.00  6342.85994   6342.8595   4.0  1  1
		  7   96  2838.41  6339.66837   6339.6684   4.0  1  1
		  7   96  2911.15   6337.6202   6337.6201   4.0  1  1
		  7   96  3128.48  6331.41332   6331.4137   4.0  1  1
		  7   96  3270.81  6327.27778   6327.2778   4.0  1  1
		  7   96  3301.91  6326.36662   6326.3669   4.0  1  1
		  7   96  3610.49  6317.18299   6317.1824   4.0  1  1
		  7   96  3656.99  6315.77653    6315.775   4.0  1  1
		  8   97   107.85  6339.66867   6339.6684   4.0  1  1
		  8   97   209.58  6337.61976   6337.6201   4.0  1  1
		  8   97   317.79  6335.40685    6335.406   4.0  1  1
		  8   97   508.89  6331.41498   6331.4137   4.0  1  1
		  8   97   701.74  6327.27835   6327.2778   4.0  1  1
		  8   97   743.56  6326.36698   6326.3669   4.0  1  1
		  8   97   948.81  6321.82076   6321.8199   4.0  1  1
		  8   97   971.91  6321.30149   6321.3004   4.0  1  1
		  8   97  1152.71  6317.18376   6317.1824   4.0  1  1
		  8   97  1213.60   6315.7758    6315.775   4.0  1  1
		  8   97  1424.79  6310.81014   6310.8101   4.0  1  1
		  8   97  1493.78  6309.16033     6309.16   4.0  1  1
		  8   97  1556.16  6307.65697    6307.657   4.0  1  1
		  8   97  1696.23  6304.24068   6304.2423   4.0  1  1
		  8   97  1736.45  6303.24945   6303.2507   4.0  1  1
		  8   97  1810.55  6301.41124   6301.4128   4.0  1  1
		  8   97  1830.42  6300.91565   6300.9165   4.0  1  1
		  8   97  1990.92  6296.87183   6296.8722   4.0  1  1
		  8   97  2132.54  6293.24327   6293.2424   4.0  1  1
		  8   97  2146.18  6292.89092   6292.8909   4.0  1  1
		  8   97  2178.29  6292.05923   6292.0601   4.0  1  1
		  8   97  2194.79  6291.63054   6291.6286   4.0  1  1
		  8   97  2211.65  6291.19199   6291.1915   4.0  1  1
		  8   97  2276.81  6289.48917   6289.4882   4.0  1  1
		  8   97  2361.62  6287.25508   6287.2554   4.0  1  1
		  8   97  2436.10   6285.2766    6285.278   4.0  1  1
		  8   97  2632.80    6279.977   6279.9776   4.0  1  1
		  8   97  2662.61  6279.16444    6279.166   4.0  1  1
		  8   97  2681.56  6278.64657   6278.6453   4.0  1  1
		  8   97  2771.94  6276.16336   6276.1646   4.0  1  1
		  8   97  2845.80  6274.11723   6274.1166   4.0  1  1
		  8   97  3178.46  6264.71579   6264.7139   4.0  1  1
		  8   97  3292.68  6261.41788   6261.4181   4.0  1  1
		  8   97  3662.90  6250.48465   6250.4858   4.0  1  1
		  9   98    49.91  6276.16311   6276.1646   4.0  1  1
		  9   98   153.41  6274.11623   6274.1166   4.0  1  1
		  9   98   444.17  6268.19892   6268.2001   4.0  1  1
		  9   98   763.50  6261.41789   6261.4181   4.0  1  1
		  9   98   945.42  6257.42342   6257.4237   4.0  1  1
		  9   98  1251.69   6250.4846   6250.4858   4.0  1  1
		  9   98  1341.20  6248.40618   6248.4055   4.0  1  1
		  9   98  1436.24  6246.17457   6246.1736   4.0  1  1
		  9   98  1484.12  6245.04055   6245.0409   4.0  1  1
		  9   98  1564.61  6243.11974   6243.1201   4.0  1  1
		  9   98  1654.51  6240.95265   6240.9536   4.0  1  1
		  9   98  1705.54  6239.71234   6239.7121   4.0  1  1
		  9   98  1902.59  6234.85473   6234.8554   4.0  1  1
		  9   98  1929.00  6234.19533   6234.1962   4.0  1  1
		  9   98  1977.66  6232.97535   6232.9745   4.0  1  1
		  9   98  2236.69  6226.37031   6226.3697   4.0  1  1
		  9   98  2307.67  6224.52793   6224.5272   4.0  1  1
		  9   98  2430.01   6221.3195   6221.3192   4.0  1  1
		  9   98  2479.45  6220.01122   6220.0112   4.0  1  1
		  9   98  2631.74  6215.93891   6215.9383   4.0  1  1
		  9   98  2897.26  6208.68656   6208.6869   4.0  1  1
		  9   98  2931.05  6207.74976   6207.7504   4.0  1  1
		  9   98  2950.11  6207.21999   6207.2201   4.0  1  1
		  9   98  2998.84  6205.86103   6205.8599   4.0  1  1
		  9   98  3083.26  6203.49152   6203.4925   4.0  1  1
		  9   98  3167.76  6201.10033   6201.1002   4.0  1  1
		  9   98  3191.26  6200.43185   6200.4325   4.0  1  1
		  9   98  3268.58  6198.22197   6198.2227   4.0  1  1
		  9   98  3614.98   6188.1235   6188.1251   4.0  1  1
		  9   98  3648.35  6187.13389    6187.135   4.0  1  1
		  9   98  3799.16  6182.62327   6182.6217   4.0  1  1
		 10   99   258.78  6208.68683   6208.6869   4.0  1  1
		 10   99   305.41  6207.74939   6207.7504   4.0  1  1
		 10   99   331.60  6207.22001   6207.2201   4.0  1  1
		 10   99   398.41   6205.8607   6205.8599   4.0  1  1
		 10   99   513.36   6203.4923   6203.4925   4.0  1  1
		 10   99   627.59  6201.10083   6201.1002   4.0  1  1
		 10   99   659.17  6200.43322   6200.4325   4.0  1  1
		 10   99   762.76  6198.22304   6198.2227   4.0  1  1
		 10   99   963.37  6193.85608   6193.8563   4.0  1  1
		 10   99  1051.35   6191.9047   6191.9053   4.0  1  1
		 10   99  1174.12   6189.1452   6189.1449   4.0  1  1
		 10   99  1219.05  6188.12474   6188.1251   4.0  1  1
		 10   99  1262.38  6187.13503    6187.135   4.0  1  1
		 10   99  1457.21  6182.62026   6182.6217   4.0  1  1
		 10   99  1538.54  6180.70407    6180.705   4.0  1  1
		 10   99  1634.02  6178.43089   6178.4315   4.0  1  1
		 10   99  1853.98  6173.09736   6173.0964   4.0  1  1
		 10   99  1887.35  6172.27646   6172.2778   4.0  1  1
		 10   99  1972.24  6170.17418    6170.174   4.0  1  1
		 10   99  1986.44  6169.82068   6169.8221   4.0  1  1
		 10   99  2172.96  6165.12431   6165.1232   4.0  1  1
		 10   99  2198.31  6164.47871   6164.4796   4.0  1  1
		 10   99  2257.27   6162.9702   6162.9699   4.0  1  1
		 10   99  2288.41   6162.1695     6162.17   4.0  1  1
		 10   99  2320.04  6161.35343   6161.3534   4.0  1  1
		 10   99  2483.69  6157.08813   6157.0878   4.0  1  1
		 10   99  2540.83  6155.58145    6155.581   4.0  1  1
		 10   99  2581.06  6154.51551   6154.5162   4.0  1  1
		 10   99  2597.84  6154.06954   6154.0682   4.0  1  1
		 10   99  2675.58  6151.99332   6151.9929   4.0  1  1
		 10   99  2724.35  6150.68272    6150.683   4.0  1  1
		 10   99  2916.96  6145.44263   6145.4411   4.0  1  1
		 10   99  2941.83  6144.75871   6144.7581   4.0  1  1
		 10   99  3187.05  6137.92596    6137.926   4.0  1  1
		 10   99  3331.92   6133.8134   6133.8143   4.0  1  1
		 10   99  3653.63  6124.48025   6124.4805   4.0  1  1
		 10   99  3667.55  6124.07024   6124.0687   4.0  1  1
		 10   99  3675.57  6123.83372   6123.8331   4.0  1  1
		 10   99  3691.54  6123.36232   6123.3619   4.0  1  1
		 10   99  3786.09  6120.55752   6120.5564   4.0  1  1
		 11  100    51.84  6150.68379    6150.683   4.0  1  1
		 11  100   318.81  6145.44204   6145.4411   4.0  1  1
		 11  100   352.85  6144.75904   6144.7581   4.0  1  1
		 11  100   684.72   6137.9273    6137.926   4.0  1  1
		 11  100   877.53  6133.81499   6133.8143   4.0  1  1
		 11  100  1072.77  6129.54397   6129.5458   4.0  1  1
		 11  100  1168.26  6127.41623    6127.416   4.0  1  1
		 11  100  1242.71  6125.73954   6125.7396   4.0  1  1
		 11  100  1298.18  6124.48024   6124.4805   4.0  1  1
		 11  100  1316.14  6124.07063   6124.0687   4.0  1  1
		 11  100  1326.54  6123.83309   6123.8331   4.0  1  1
		 11  100  1347.15  6123.36137   6123.3619   4.0  1  1
		 11  100  1396.99   6122.2157   6122.2144   4.0  1  1
		 11  100  1468.66  6120.55631   6120.5564   4.0  1  1
		 11  100  1655.33  6116.16697   6116.1661   4.0  1  1
		 11  100  1707.53  6114.92255   6114.9234   4.0  1  1
		 11  100  1723.55  6114.53897   6114.5392   4.0  1  1
		 11  100  1768.20  6113.46634   6113.4657   4.0  1  1
		 11  100  1794.33  6112.83618   6112.8375   4.0  1  1
		 11  100  2011.21  6107.53271   6107.5337   4.0  1  1
		 11  100  2087.52  6105.63592   6105.6351   4.0  1  1
		 11  100  2242.87  6101.72546   6101.7251   4.0  1  1
		 11  100  2310.97  6099.99042   6099.9886   4.0  1  1
		 11  100  2346.40  6099.08284   6099.0831   4.0  1  1
		 11  100  2357.26  6098.80388   6098.8031   4.0  1  1
		 11  100  2383.82  6098.12052   6098.1205   4.0  1  1
		 11  100  2419.76  6097.19274   6097.1945   4.0  1  1
		 11  100  2677.04  6090.44847   6090.4482   4.0  1  1
		 11  100  2767.64  6088.03099   6088.0305   4.0  1  1
		 11  100  2796.30  6087.26165   6087.2622   4.0  1  1
		 11  100  2866.26  6085.37441   6085.3748   4.0  1  1
		 11  100  3091.01  6079.22282   6079.2227   4.0  1  1
		 11  100  3119.95  6078.42092   6078.4212   4.0  1  1
		 11  100  3139.67  6077.87311   6077.8728   4.0  1  1
		 11  100  3167.28  6077.10459   6077.1057   4.0  1  1
		 11  100  3309.89   6073.1025   6073.1036   4.0  1  1
		 11  100  3601.44  6064.75256   6064.7508   4.0  1  1
		 11  100  3711.66  6061.53745   6061.5361   4.0  1  1
		 12  101   145.31  6088.02973   6088.0305   4.0  1  1
		 12  101   184.85  6087.26306   6087.2622   4.0  1  1
		 12  101   281.27    6085.375   6085.3748   4.0  1  1
		 12  101   586.60  6079.22276   6079.2227   4.0  1  1
		 12  101   625.44  6078.42131   6078.4212   4.0  1  1
		 12  101   651.87   6077.8735   6077.8728   4.0  1  1
		 12  101   688.73  6077.10618   6077.1057   4.0  1  1
		 12  101   878.17  6073.10305   6073.1036   4.0  1  1
		 12  101  1006.20  6070.34085   6070.3412   4.0  1  1
		 12  101  1066.64  6069.02089   6069.0207   4.0  1  1
		 12  101  1154.75  6067.07868   6067.0803   4.0  1  1
		 12  101  1213.11  6065.78019   6065.7799   4.0  1  1
		 12  101  1401.09  6061.53404   6061.5361   4.0  1  1
		 12  101  1495.18  6059.37226   6059.3725   4.0  1  1
		 12  101  1546.59  6058.18062   6058.1813   4.0  1  1
		 12  101  1657.20  6055.59236   6055.5937   4.0  1  1
		 12  101  1750.61   6053.3805   6053.3808   4.0  1  1
		 12  101  1778.21  6052.72234   6052.7229   4.0  1  1
		 12  101  1850.80  6050.98158   6050.9818   4.0  1  1
		 12  101  1930.60  6049.05109    6049.051   4.0  1  1
		 12  101  2018.77  6046.89824   6046.8977   4.0  1  1
		 12  101  2167.31  6043.22341   6043.2233   4.0  1  1
		 12  101  2192.66  6042.59033   6042.5898   4.0  1  1
		 12  101  2347.67   6038.6812   6038.6805   4.0  1  1
		 12  101  2386.30  6037.69696   6037.6975   4.0  1  1
		 12  101  2422.79  6036.76353   6036.7622   4.0  1  1
		 12  101  2483.87  6035.19303   6035.1923   4.0  1  1
		 12  101  2573.41  6032.87273   6032.8726   4.0  1  1
		 12  101  2601.96  6032.12837   6032.1274   4.0  1  1
		 12  101  2666.24  6030.44447    6030.445   4.0  1  1
		 12  101  2696.45  6029.64928     6029.65   4.0  1  1
		 12  101  2712.47  6029.22647   6029.2257   4.0  1  1
		 12  101  2832.20  6026.04581   6026.0448   4.0  1  1
		 12  101  2937.25  6023.22384   6023.2242   4.0  1  1
		 12  101  3004.22   6021.4094   6021.4113   4.0  1  1
		 12  101  3017.94  6021.03622   6021.0357   4.0  1  1
		 12  101  3092.66  6018.99508   6018.9934   4.0  1  1
		 12  101  3188.40  6016.35829   6016.3589   4.0  1  1
		 12  101  3222.22  6015.42103   6015.4218   4.0  1  1
		 12  101  3284.82  6013.67817   6013.6777   4.0  1  1
		 12  101  3585.51  6005.16352    6005.165   4.0  1  1
		 12  101  3704.38  6001.73227   6001.7339   4.0  1  1
		 12  101  3722.54   6001.2048   6001.2033   4.0  1  1
		 13  102    36.67  6030.44312    6030.445   4.0  1  1
		 13  102    78.72  6029.64837     6029.65   4.0  1  1
		 13  102   101.00  6029.22531   6029.2257   4.0  1  1
		 13  102   266.13  6026.04547   6026.0448   4.0  1  1
		 13  102   311.86  6025.15134     6025.15   4.0  1  1
		 13  102   409.41   6023.2244   6023.2242   4.0  1  1
		 13  102   499.98  6021.41143   6021.4113   4.0  1  1
		 13  102   518.61  6021.03573   6021.0357   4.0  1  1
		 13  102   556.37   6020.2712   6020.2715   4.0  1  1
		 13  102   618.97   6018.9948   6018.9934   4.0  1  1
		 13  102   746.62  6016.35866   6016.3589   4.0  1  1
		 13  102   791.47  6015.42162   6015.4218   4.0  1  1
		 13  102   874.21  6013.67828   6013.6777   4.0  1  1
		 13  102   974.78  6011.53381   6011.5337   4.0  1  1
		 13  102  1038.51  6010.16053   6010.1606   4.0  1  1
		 13  102  1179.95  6007.07251   6007.0722   4.0  1  1
		 13  102  1266.08  6005.16512    6005.165   4.0  1  1
		 13  102  1418.84  6001.73234   6001.7339   4.0  1  1
		 13  102  1442.16  6001.20256   6001.2033   4.0  1  1
		 13  102  1538.46  5998.99956   5998.9987   4.0  1  1
		 13  102  1640.84  5996.62967   5996.6297   4.0  1  1
		 13  102  1747.60  5994.12829   5994.1287   4.0  1  1
		 13  102  1774.53  5993.49243   5993.4941   4.0  1  1
		 13  102  1879.02  5991.00655   5991.0071   4.0  1  1
		 13  102  1960.63  5989.04458   5989.0447   4.0  1  1
		 13  102  2032.48  5987.30217   5987.3016   4.0  1  1
		 13  102  2074.90  5986.26711   5986.2665   4.0  1  1
		 13  102  2243.80  5982.09761    5982.096   4.0  1  1
		 13  102  2477.57  5976.20098   5976.2005   4.0  1  1
		 13  102  2521.93  5975.06558   5975.0648   4.0  1  1
		 13  102  2576.39  5973.66457   5973.6649   4.0  1  1
		 13  102  2623.89   5972.4361   5972.4351   4.0  1  1
		 13  102  2655.99  5971.60255   5971.6008   4.0  1  1
		 13  102  2727.44  5969.73739   5969.7373   4.0  1  1
		 13  102  2781.34  5968.32142   5968.3199   4.0  1  1
		 13  102  3229.33  5956.25684   5956.2588   4.0  1  1
		 13  102  3254.57   5955.5615   5955.5616   4.0  1  1
		 13  102  3497.03  5948.79706   5948.7991   4.0  1  1
		 13  102  3587.51  5946.23375   5946.2347   4.0  1  1
		 13  102  3643.13  5944.64733   5944.6472   4.0  1  1
		 13  102  3722.95  5942.35688   5942.3585   4.0  1  1
		 14  103     9.55  5972.43597   5972.4351   4.0  1  1
		 14  103    54.39  5971.59963   5971.6008   4.0  1  1
		 14  103   153.23  5969.73637   5969.7373   4.0  1  1
		 14  103   227.41  5968.32005   5968.3199   4.0  1  1
		 14  103   609.54  5960.78166   5960.7806   4.0  1  1
		 14  103   829.52   5956.2588   5956.2588   4.0  1  1
		 14  103   862.85  5955.56183   5955.5616   4.0  1  1
		 14  103  1179.07  5948.79884   5948.7991   4.0  1  1
		 14  103  1295.68  5946.23602   5946.2347   4.0  1  1
		 14  103  1367.15  5944.64701   5944.6472   4.0  1  1
		 14  103  1469.03  5942.35795   5942.3585   4.0  1  1
		 14  103  1547.89  5940.56673   5940.5653   4.0  1  1
		 14  103  1623.88  5938.82507   5938.8252   4.0  1  1
		 14  103  1639.86  5938.45678    5938.457   4.0  1  1
		 14  103  1674.23  5937.66234   5937.6634   4.0  1  1
		 14  103  1695.79  5937.16235   5937.1619   4.0  1  1
		 14  103  1897.46  5932.42549   5932.4274   4.0  1  1
		 14  103  2001.71  5929.93425   5929.9343   4.0  1  1
		 14  103  2048.20  5928.81377    5928.813   4.0  1  1
		 14  103  2117.73  5927.12737   5927.1258   4.0  1  1
		 14  103  2188.27  5925.40346   5925.4036   4.0  1  1
		 14  103  2447.85   5918.9455   5918.9442   4.0  1  1
		 14  103  2535.41  5916.72722   5916.7282   4.0  1  1
		 14  103  2626.97  5914.38573   5914.3856   4.0  1  1
		 14  103  2666.67  5913.36372   5913.3638   4.0  1  1
		 14  103  2716.08  5912.08569   5912.0853   4.0  1  1
		 14  103  2836.89  5908.93451    5908.935   4.0  1  1
		 14  103  2964.28  5905.57028   5905.5707   4.0  1  1
		 14  103  2979.12  5905.17562   5905.1763   4.0  1  1
		 14  103  3075.40  5902.60121   5902.6021   4.0  1  1
		 14  103  3177.49  5899.84519   5899.8441   4.0  1  1
		 14  103  3305.10  5896.36222   5896.3631   4.0  1  1
		 14  103  3344.44  5895.28009   5895.2818   4.0  1  1
		 14  103  3365.51  5894.69871   5894.6979   4.0  1  1
		 14  103  3482.53  5891.44964    5891.451   4.0  1  1
		 14  103  3584.65  5888.58546   5888.5841   4.0  1  1
		 14  103  3657.29  5886.53189   5886.5314   4.0  1  1
		 15  104    29.69  5914.67171   5914.6709   4.0  1  1
		 15  104   100.10  5913.36445   5913.3638   4.0  1  1
		 15  104   168.34   5912.0844   5912.0853   4.0  1  1
		 15  104   213.56  5911.22905   5911.2296   4.0  1  1
		 15  104   505.53  5905.57045   5905.5707   4.0  1  1
		 15  104   525.45  5905.17584   5905.1763   4.0  1  1
		 15  104   654.06   5902.6018   5902.6021   4.0  1  1
		 15  104   789.37  5899.84476   5899.8441   4.0  1  1
		 15  104   956.82  5896.36394   5896.3631   4.0  1  1
		 15  104  1008.14  5895.28185   5895.2818   4.0  1  1
		 15  104  1035.62  5894.69949   5894.6979   4.0  1  1
		 15  104  1187.18   5891.4509    5891.451   4.0  1  1
		 15  104  1318.53  5888.58531   5888.5841   4.0  1  1
		 15  104  1333.17  5888.26296   5888.2622   4.0  1  1
		 15  104  1411.42  5886.53084   5886.5314   4.0  1  1
		 15  104  1448.60  5885.70186   5885.7016   4.0  1  1
		 15  104  1522.95  5884.03329   5884.0331   4.0  1  1
		 15  104  1585.25  5882.62372   5882.6242   4.0  1  1
		 15  104  1737.90  5879.12608   5879.1265   4.0  1  1
		 15  104  1915.22  5874.98539   5874.9865   4.0  1  1
		 15  104  1942.10  5874.35039   5874.3513   4.0  1  1
		 15  104  1955.34  5874.03703   5874.0383   4.0  1  1
		 15  104  2015.69  5872.60223   5872.6028   4.0  1  1
		 15  104  2075.02  5871.18243   5871.1828   4.0  1  1
		 15  104  2101.28  5870.55098   5870.5526   4.0  1  1
		 15  104  2130.29  5869.85119   5869.8507   4.0  1  1
		 15  104  2191.28   5868.3732   5868.3745   4.0  1  1
		 15  104  2255.31  5866.81074   5866.8119   4.0  1  1
		 15  104  2380.74  5863.71896   5863.7184   4.0  1  1
		 15  104  2517.11  5860.31066   5860.3103   4.0  1  1
		 15  104  2630.13  5857.44935   5857.4491   4.0  1  1
		 15  104  2706.45  5855.49838   5855.4986   4.0  1  1
		 15  104  2759.97  5854.12106   5854.1207   4.0  1  1
		 15  104  2784.96  5853.47545   5853.4745   4.0  1  1
		 15  104  2815.58  5852.68208   5852.6806   4.0  1  1
		 15  104  3072.90   5845.9201   5845.9188   4.0  1  1
		 15  104  3115.25  5844.79088   5844.7909   4.0  1  1
		 15  104  3152.08    5843.805   5843.8069   4.0  1  1
		 15  104  3217.26  5842.05183     5842.05   4.0  1  1
		 15  104  3269.42    5840.641   5840.6404   4.0  1  1
		 15  104  3298.46  5839.85251   5839.8514   4.0  1  1
		 15  104  3331.62  5838.94957   5838.9502   4.0  1  1
		 15  104  3502.08  5834.26328   5834.2633   4.0  1  1
		 15  104  3570.17  5832.37084   5832.3705   4.0  1  1
	offset	89
	niterate 3
	lowreject 3.
	highreject 3.
	coefficients	24
		1.
		4.
		4.
		1.
		1.
		3881.
		90.
		104.
		610661.3996293887
		-4749.692941646385
		-257.3302316243769
		2.1208525060182
		14.94401011050586
		-17.93402446573326
		-2.050478497167632
		-0.03724991667124123
		-0.4695370022223836
		1.398964284532686
		0.1237396704934426
		0.03144757330110409
		0.04640095825845722
		-0.06876497998774179
		0.03065269792093173
		0.03215852015150051

