# Sat 16:06:35 05-May-2007
begin	ecidentify refCalib_FEROS_6orders
	id	refCalib_FEROS_6orders
	task	ecidentify
	image	refCalib_FEROS_6orders
	units	angstroms
	features	12
		  2    2   256.10  258.098145    5431.112   4.0  1  1
		  2    2  2720.45  2722.45313   5559.8912   4.0  1  1
		  2    2  3938.24  3940.24146   5615.3195   4.0  1  1
		  3    3   442.19  444.185181   5312.0018   4.0  1  1
		  3    3  2464.44  2466.43994   5415.5226   4.0  1  1
		  3    3  3527.63  3529.62524   5464.2055   4.0  1  1
		  4    4   223.56  225.557938    5176.961   4.0  1  1
		  4    4   252.00  254.002396       INDEF   4.0  1  1
		  4    4  1981.25  1983.25476   5266.7103   4.0  1  1
		  4    4  3073.56  3075.55908   5317.4944   4.0  1  1
		  5    5   388.47  390.467255   5067.9737   4.0  1  1
		  5    5  1592.35  1594.34644   5128.4897   4.0  1  1
	slope	0

# Sat 16:09:44 05-May-2007
begin	ecidentify refCalib_FEROS_6orders
	id	refCalib_FEROS_6orders
	task	ecidentify
	image	refCalib_FEROS_6orders
	units	angstroms
	features	19
		  1    1   333.21  335.205658   5571.1913   4.0  1  1
		  1    1  3274.69  3276.68872   5725.3885   4.0  1  1
		  1    1  3880.82  3882.81958   5753.0265   4.0  1  1
		  2    2   256.10  258.098145    5431.112   4.0  1  1
		  2    2  2720.45  2722.45313   5559.8912   4.0  1  1
		  2    2  3938.24  3940.24146   5615.3195   4.0  1  1
		  3    3   442.19  444.185181   5312.0018   4.0  1  1
		  3    3  2464.44  2466.43994   5415.5226   4.0  1  1
		  3    3  3527.63  3529.62524   5464.2055   4.0  1  1
		  4    4   223.56  225.557938    5176.961   4.0  1  1
		  4    4   252.00  254.002396       INDEF   4.0  1  1
		  4    4  1981.25  1983.25476   5266.7103   4.0  1  1
		  4    4  3073.56  3075.55908   5317.4944   4.0  1  1
		  5    5   388.47  390.467255   5067.9737   4.0  1  1
		  5    5  1592.35  1594.34644   5128.4897   4.0  1  1
		  5    5  3020.25  3022.25244   5194.4576   4.0  1  1
		  6    6   579.21  581.213501   4965.0795   4.0  1  1
		  6    6   987.27  989.273499   4985.3725   4.0  1  1
		  6    6  1916.60  1918.59521   5029.8916   4.0  1  1
	slope	0

# Sat 16:10:53 05-May-2007
begin	ecidentify refCalib_FEROS_6orders
	id	refCalib_FEROS_6orders
	task	ecidentify
	image	refCalib_FEROS_6orders
	units	angstroms
	features	608
		  1   40     9.48   5552.6168   5552.6229   4.0  1  1
		  1   40    59.92  5555.52718   5555.5312   4.0  1  1
		  1   40    86.26  5557.04541   5557.0454   4.0  1  1
		  1   40   108.75  5558.33986   5558.3422   4.0  1  1
		  1   40   115.02  5558.70069    5558.702   4.0  1  1
		  1   40   135.67  5559.88834   5559.8912   4.0  1  1
		  1   40   210.77    5564.199   5564.2011   4.0  1  1
		  1   40   277.28  5568.00589   5567.9986   4.0  1  1
		  1   40   328.49  5570.93008   5570.9268   4.0  1  1
		  1   40   333.21  5571.19883   5571.1913   4.0  1  1
		  1   40   348.91  5572.09409   5572.0951   4.0  1  1
		  1   40   355.61  5572.47604   5572.4649   4.0  1  0
		  1   40   371.09  5573.35718   5573.3535   4.0  1  1
		  1   40   398.49  5574.91669   5574.9153   4.0  1  1
		  1   40   421.23  5576.20919   5576.2045   4.0  1  1
		  1   40   447.21  5577.68424   5577.6845   4.0  1  1
		  1   40   476.76  5579.36007   5579.3583   4.0  1  1
		  1   40   489.45    5580.079   5580.0771   4.0  1  1
		  1   40   501.45  5580.75805   5580.7547   4.0  1  1
		  1   40   538.70  5582.86501   5582.8665   4.0  1  1
		  1   40   554.59  5583.76244   5583.7621   4.0  1  1
		  1   40   591.74  5585.85883   5585.8472   4.0  1  0
		  1   40   612.51  5587.02914   5587.0263   4.0  1  1
		  1   40   625.18  5587.74258   5587.7351   4.0  1  1
		  1   40   643.04  5588.74723   5588.7506   4.0  1  1
		  1   40   729.71  5593.61155   5593.6129   4.0  1  1
		  1   40   744.94  5594.46431   5594.4604   4.0  1  1
		  1   40   755.62  5595.06175   5595.0635   4.0  1  1
		  1   40   798.82  5597.47515   5597.4756   4.0  1  1
		  1   40   817.00  5598.48948   5598.4794   4.0  1  0
		  1   40   837.94   5599.6564   5599.6548   4.0  1  1
		  1   40   864.47  5601.13338   5601.1216   4.0  1  0
		  1   40   872.97   5601.6064   5601.6032   4.0  1  1
		  1   40   895.57  5602.86188    5602.863   4.0  1  1
		  1   40   925.38  5604.51629   5604.5154   4.0  1  1
		  1   40   959.15  5606.38781   5606.3861   4.0  1  1
		  1   40   965.45  5606.73604    5606.733   4.0  1  1
		  1   40  1016.80  5609.57397   5609.5735   4.0  1  1
		  1   40  1036.82  5610.67805   5610.6809   4.0  1  1
		  1   40  1062.00  5612.06546   5612.0679   4.0  1  1
		  1   40  1071.96   5612.6134   5612.6174   4.0  1  1
		  1   40  1121.31  5615.32525   5615.3195   4.0  1  1
		  1   40  1146.13   5616.6867   5616.6908   4.0  1  1
		  1   40  1157.04  5617.28393   5617.2897   4.0  1  1
		  1   40  1163.49  5617.63707   5617.6417   4.0  1  1
		  1   40  1206.36  5619.98146   5619.9755   4.0  1  1
		  1   40  1296.78  5624.90716   5624.9129   4.0  1  1
		  1   40  1310.99  5625.67897   5625.6782   4.0  1  1
		  1   40  1396.23  5630.29471   5630.2969   4.0  1  1
		  1   40  1451.82   5633.2927    5633.295   4.0  1  1
		  1   40  1499.93  5635.87878   5635.8792   4.0  1  1
		  1   40  1572.06  5639.74177   5639.7461   4.0  1  1
		  1   40  1606.32  5641.57078   5641.5575   4.0  1  0
		  1   40  1609.29  5641.72921   5641.7342   4.0  1  1
		  1   40  1687.39  5645.88235   5645.8947   4.0  1  0
		  1   40  1698.12  5646.45156   5646.4514   4.0  1  1
		  1   40  1721.78  5647.70488   5647.7069   4.0  1  1
		  1   40  1740.37  5648.68834   5648.6863   4.0  1  1
		  1   40  1746.07  5648.98938    5648.991   4.0  1  1
		  1   40  1778.55  5650.70398    5650.703   4.0  1  1
		  1   40  1820.16  5652.89553    5652.902   4.0  1  1
		  1   40  1841.61  5654.02273   5654.0234   4.0  1  1
		  1   40  1850.83  5654.50644   5654.5185   4.0  1  0
		  1   40  1869.57  5655.48963   5655.4897   4.0  1  1
		  1   40  1916.14  5657.92667   5657.9255   4.0  1  1
		  1   40  1939.21  5659.13136   5659.1272   4.0  1  1
		  1   40  1968.59  5660.66212   5660.6594   4.0  1  1
		  1   40  2014.39  5663.04291    5663.042   4.0  1  1
		  1   40  2044.83  5664.62106    5664.621   4.0  1  1
		  1   40  2055.79  5665.18874   5665.1799   4.0  1  1
		  1   40  2064.28  5665.62798   5665.6283   4.0  1  1
		  1   40  2079.59  5666.41935   5666.4185   4.0  1  1
		  1   40  2093.33  5667.12868   5667.1281   4.0  1  1
		  1   40  2223.93  5673.83742   5673.8358   4.0  1  1
		  1   40  2246.53  5674.99193   5674.9864   4.0  1  1
		  1   40  2286.99    5677.054   5677.0529   4.0  1  1
		  1   40  2325.38  5679.00465    5679.005   4.0  1  1
		  1   40  2382.60  5681.90206   5681.9001   4.0  1  1
		  1   40  2447.91  5685.19401   5685.1921   4.0  1  1
		  1   40  2490.91  5687.35189   5687.3489   4.0  1  1
		  1   40  2557.77  5690.69344   5690.6934   4.0  1  1
		  1   40  2577.16  5691.65944   5691.6612   4.0  1  1
		  1   40  2672.57  5696.39019   5696.3904   4.0  1  1
		  1   40  2711.21  5698.29547   5698.2937   4.0  1  1
		  1   40  2764.47  5700.91264   5700.9176   4.0  1  1
		  1   40  2800.02  5702.65258   5702.6511   4.0  1  1
		  1   40  2861.27  5705.63918   5705.6371   4.0  1  1
		  1   40  2891.41  5707.10319   5707.1033   4.0  1  1
		  1   40  2924.00  5708.68213   5708.6794   4.0  1  1
		  1   40  3070.52  5715.72579   5715.7244   4.0  1  1
		  1   40  3100.74  5717.16761   5717.1711   4.0  1  1
		  1   40  3250.08  5724.23604   5724.2374   4.0  1  1
		  1   40  3254.80  5724.45794   5724.4638   4.0  1  1
		  1   40  3274.69  5725.39179   5725.3885   4.0  1  1
		  1   40  3324.19  5727.70879   5727.7103   4.0  1  1
		  1   40  3372.93  5729.97984   5729.9823   4.0  1  1
		  1   40  3503.79  5736.02689   5736.0297   4.0  1  1
		  1   40  3580.09  5739.51809   5739.5196   4.0  1  1
		  1   40  3616.37  5741.16937   5741.1705   4.0  1  1
		  1   40  3630.88  5741.82815    5741.829   4.0  1  1
		  1   40  3636.49  5742.08279   5742.0838   4.0  1  1
		  1   40  3749.85  5747.19454   5747.1931   4.0  1  1
		  1   40  3754.08  5747.38451   5747.3849   4.0  1  1
		  1   40  3784.44  5748.74304   5748.7412   4.0  1  1
		  1   40  3798.92  5749.38967   5749.3883   4.0  1  1
		  1   40  3807.80  5749.78597   5749.7862   4.0  1  1
		  1   40  3880.82  5753.02977   5753.0265   4.0  1  1
		  2   41    13.14  5417.48253   5417.4858   4.0  1  1
		  2   41    81.84   5421.3504   5421.3517   4.0  1  1
		  2   41   129.16  5424.00843   5424.0079   4.0  1  1
		  2   41   158.92  5425.67746   5425.6783   4.0  1  1
		  2   41   171.83  5426.40087   5426.4075   4.0  1  1
		  2   41   256.10  5431.11415    5431.112   4.0  1  1
		  2   41   310.58  5434.15254   5434.1514   4.0  1  1
		  2   41   328.00  5435.12278   5435.1229   4.0  1  1
		  2   41   341.80  5435.89083   5435.8925   4.0  1  1
		  2   41   368.70   5437.3864   5437.3877   4.0  1  1
		  2   41   382.33  5438.14389   5438.1374   4.0  1  1
		  2   41   415.45  5439.98152   5439.9891   4.0  1  1
		  2   41   426.65  5440.60272   5440.6015   4.0  1  1
		  2   41   437.64  5441.21155   5441.2145   4.0  1  1
		  2   41   472.27  5443.12892   5443.1187   4.0  1  0
		  2   41   482.49  5443.69425   5443.6893   4.0  1  1
		  2   41   545.19  5447.15609   5447.1536   4.0  1  1
		  2   41   565.49   5448.2751   5448.2719   4.0  1  1
		  2   41   587.42  5449.48236   5449.4788   4.0  1  1
		  2   41   626.90  5451.65272    5451.652   4.0  1  1
		  2   41   637.24  5452.22057   5452.2187   4.0  1  1
		  2   41   690.64   5455.1489   5455.1524   4.0  1  1
		  2   41   760.54  5458.96987   5458.9676   4.0  1  1
		  2   41   811.29  5461.73606   5461.7358   4.0  1  1
		  2   41   827.44  5462.61508   5462.6129   4.0  1  1
		  2   41   856.72  5464.20616   5464.2055   4.0  1  1
		  2   41   911.30  5467.16662   5467.1704   4.0  1  1
		  2   41   977.74  5470.75874   5470.7591   4.0  1  1
		  2   41  1104.01  5477.55044   5477.5522   4.0  1  1
		  2   41  1132.42  5479.07219   5479.0751   4.0  1  1
		  2   41  1166.26  5480.88173   5480.8907   4.0  1  1
		  2   41  1227.42  5484.14304   5484.1467   4.0  1  1
		  2   41  1297.12  5487.84623   5487.8414   4.0  1  1
		  2   41  1311.96   5488.6326   5488.6287   4.0  1  1
		  2   41  1317.69  5488.93635   5488.9254   4.0  1  0
		  2   41  1339.96  5490.11524   5490.1194   4.0  1  1
		  2   41  1387.75  5492.63892   5492.6435   4.0  1  1
		  2   41  1398.42  5493.20166    5493.204   4.0  1  1
		  2   41  1419.81  5494.32827   5494.3306   4.0  1  1
		  2   41  1449.17  5495.87272    5495.872   4.0  1  1
		  2   41  1454.18  5496.13589    5496.137   4.0  1  1
		  2   41  1493.19  5498.18243   5498.1841   4.0  1  1
		  2   41  1514.00  5499.27212   5499.2554   4.0  1  0
		  2   41  1521.08  5499.64261   5499.6478   4.0  1  1
		  2   41  1552.40  5501.27955   5501.2814   4.0  1  1
		  2   41  1565.11  5501.94297   5501.9439   4.0  1  1
		  2   41  1610.32  5504.29837   5504.3018   4.0  1  1
		  2   41  1645.22   5506.1122   5506.1128   4.0  1  1
		  2   41  1660.75  5506.91789   5506.9196   4.0  1  1
		  2   41  1672.74  5507.53935   5507.5385   4.0  1  1
		  2   41  1692.42  5508.55853   5508.5585   4.0  1  1
		  2   41  1720.01  5509.98539   5509.9938   4.0  1  1
		  2   41  1805.28  5514.37837    5514.376   4.0  1  1
		  2   41  1814.91  5514.87254   5514.8731   4.0  1  1
		  2   41  1895.33   5518.9907   5518.9893   4.0  1  1
		  2   41  1900.19  5519.23882   5519.2353   4.0  1  1
		  2   41  1949.55  5521.75376   5521.7532   4.0  1  1
		  2   41  2005.37  5524.58827   5524.5824   4.0  1  1
		  2   41  2012.67  5524.95843    5524.957   4.0  1  1
		  2   41  2058.88  5527.29495   5527.2953   4.0  1  1
		  2   41  2077.41  5528.23006   5528.2272   4.0  1  1
		  2   41  2094.59  5529.09601   5529.0972   4.0  1  1
		  2   41  2114.08  5530.07647   5530.0763   4.0  1  1
		  2   41  2126.44  5530.69803   5530.6977   4.0  1  1
		  2   41  2231.80  5535.97176    5535.971   4.0  1  1
		  2   41  2263.63  5537.55716   5537.5563   4.0  1  1
		  2   41  2284.71  5538.60514   5538.6087   4.0  1  1
		  2   41  2311.06  5539.91277   5539.9106   4.0  1  1
		  2   41  2335.99  5541.14733   5541.1466   4.0  1  1
		  2   41  2344.77  5541.58161   5541.5815   4.0  1  1
		  2   41  2351.95  5541.93665   5541.9357   4.0  1  1
		  2   41  2371.38  5542.89633     5542.89   4.0  1  1
		  2   41  2415.15  5545.05239   5545.0495   4.0  1  1
		  2   41  2430.50  5545.80723   5545.8058   4.0  1  1
		  2   41  2436.90  5546.12113   5546.1204   4.0  1  1
		  2   41  2457.58  5547.13599   5547.1339   4.0  1  1
		  2   41  2479.04  5548.18709   5548.1758   4.0  1  0
		  2   41  2544.31  5551.37362   5551.3719   4.0  1  1
		  2   41  2570.01  5552.62365   5552.6229   4.0  1  1
		  2   41  2629.99  5555.53191   5555.5312   4.0  1  1
		  2   41  2642.77  5556.14933   5556.1487   4.0  1  1
		  2   41  2679.50  5557.92164   5557.9214   4.0  1  1
		  2   41  2688.35  5558.34768   5558.3422   4.0  1  1
		  2   41  2695.67  5558.69979    5558.702   4.0  1  1
		  2   41  2720.45  5559.89108   5559.8912   4.0  1  1
		  2   41  2810.59  5564.20309   5564.2011   4.0  1  1
		  2   41  2890.59   5568.0028   5567.9986   4.0  1  1
		  2   41  2952.53  5570.92748   5570.9268   4.0  1  1
		  2   41  2958.14  5571.19151   5571.1913   4.0  1  1
		  2   41  2977.34  5572.09467   5572.0951   4.0  1  1
		  2   41  2985.40  5572.47295   5572.4649   4.0  1  1
		  2   41  3037.46  5574.91243   5574.9153   4.0  1  1
		  2   41  3065.20  5576.20756   5576.2045   4.0  1  1
		  2   41  3096.78  5577.67824   5577.6845   4.0  1  1
		  2   41  3132.97  5579.35855   5579.3583   4.0  1  1
		  2   41  3148.42  5580.07422   5580.0771   4.0  1  1
		  2   41  3163.07  5580.75232   5580.7547   4.0  1  1
		  2   41  3208.81  5582.86253   5582.8665   4.0  1  1
		  2   41  3228.30  5583.75941   5583.7621   4.0  1  1
		  2   41  3273.94  5585.85269   5585.8472   4.0  1  1
		  2   41  3315.13  5587.73471   5587.7351   4.0  1  1
		  2   41  3444.68   5593.6074   5593.6129   4.0  1  1
		  2   41  3463.60  5594.45918   5594.4604   4.0  1  1
		  2   41  3476.99  5595.06089   5595.0635   4.0  1  1
		  2   41  3530.78  5597.47101   5597.4756   4.0  1  1
		  2   41  3553.44  5598.48244   5598.4794   4.0  1  1
		  2   41  3579.67  5599.65078   5599.6548   4.0  1  1
		  2   41  3612.83   5601.1233   5601.1216   4.0  1  1
		  2   41  3623.69  5601.60469   5601.6032   4.0  1  1
		  2   41  3652.06  5602.85946    5602.863   4.0  1  1
		  2   41  3689.54  5604.51234   5604.5154   4.0  1  1
		  2   41  3732.18  5606.38453   5606.3861   4.0  1  1
		  2   41  3740.14  5606.73321    5606.733   4.0  1  1
		  2   41  3805.22   5609.5742   5609.5735   4.0  1  1
		  2   41  3830.67  5610.67994   5610.6809   4.0  1  1
		  2   41  3862.69  5612.06717   5612.0679   4.0  1  1
		  2   41  3875.40  5612.61666   5612.6174   4.0  1  1
		  2   41  3938.24  5615.32248   5615.3195   4.0  1  1
		  2   41  3970.26  5616.69447   5616.6908   4.0  1  1
		  2   41  3984.24  5617.29202   5617.2897   4.0  1  1
		  2   41  3992.51  5617.64532   5617.6417   4.0  1  1
		  2   41  4047.54  5619.98735   5619.9755   4.0  1  0
		  3   42    71.76  5291.81044   5291.8163   4.0  1  1
		  3   42   118.83  5294.39329   5294.3971   4.0  1  1
		  3   42   153.29  5296.28146   5296.2787   4.0  1  1
		  3   42   180.09  5297.74778   5297.7431   4.0  1  1
		  3   42   189.84  5298.28142   5298.2824   4.0  1  1
		  3   42   230.87  5300.52254   5300.5234   4.0  1  1
		  3   42   247.00  5301.40263   5301.4043   4.0  1  1
		  3   42   349.62  5306.98808   5306.9864   4.0  1  1
		  3   42   358.46  5307.46789   5307.4655   4.0  1  1
		  3   42   397.95  5309.61049   5309.6093   4.0  1  1
		  3   42   410.11  5310.26916   5310.2665   4.0  1  1
		  3   42   442.19  5312.00543   5312.0018   4.0  1  1
		  3   42   451.95  5312.53328   5312.5288   4.0  1  1
		  3   42   458.81  5312.90446   5312.9045   4.0  1  1
		  3   42   501.74  5315.22275   5315.2278   4.0  1  1
		  3   42   543.92  5317.49596   5317.4944   4.0  1  1
		  3   42   561.28  5318.43024   5318.4268   4.0  1  1
		  3   42   604.82  5320.77091   5320.7699   4.0  1  1
		  3   42   644.52  5322.90028   5322.8988   4.0  1  1
		  3   42   686.44  5325.14459   5325.1438   4.0  1  1
		  3   42   691.83  5325.43275   5325.4317   4.0  1  1
		  3   42   707.58  5326.27487   5326.2774   4.0  1  1
		  3   42   720.72  5326.97666   5326.9756   4.0  1  1
		  3   42   765.88  5329.38546   5329.3745   4.0  1  0
		  3   42   778.90    5330.079   5330.0804   4.0  1  1
		  3   42   909.68  5337.01945   5337.0154   4.0  1  1
		  3   42   975.61  5340.50033   5340.4982   4.0  1  1
		  3   42  1034.01  5343.57385   5343.5812   4.0  1  1
		  3   42  1067.07  5345.30957   5345.3117   4.0  1  1
		  3   42  1087.42  5346.37619   5346.3778   4.0  1  1
		  3   42  1117.84  5347.96869   5347.9714   4.0  1  1
		  3   42  1137.58  5349.00052   5349.0054   4.0  1  1
		  3   42  1146.27  5349.45447   5349.4608   4.0  1  1
		  3   42  1178.28  5351.12504   5351.1265   4.0  1  1
		  3   42  1191.94  5351.83641   5351.8365   4.0  1  1
		  3   42  1245.07  5354.60006   5354.6016   4.0  1  1
		  3   42  1264.99  5355.63413   5355.6365   4.0  1  1
		  3   42  1324.33   5358.7069   5358.7059   4.0  1  1
		  3   42  1345.98  5359.82519   5359.8269   4.0  1  1
		  3   42  1352.25   5360.1488   5360.1501   4.0  1  1
		  3   42  1371.73  5361.15349   5361.1556   4.0  1  1
		  3   42  1399.31  5362.57415   5362.5751   4.0  1  1
		  3   42  1455.95  5365.48453   5365.4705   4.0  1  0
		  3   42  1530.27  5369.28756   5369.2819   4.0  1  1
		  3   42  1533.23  5369.43862    5369.447   4.0  1  1
		  3   42  1558.12  5370.70808   5370.7096   4.0  1  1
		  3   42  1597.29  5372.70217   5372.7027   4.0  1  1
		  3   42  1612.65  5373.48283   5373.4943   4.0  1  0
		  3   42  1639.01  5374.82076   5374.8219   4.0  1  1
		  3   42  1649.49  5375.35171   5375.3526   4.0  1  1
		  3   42  1657.69  5375.76744   5375.7688   4.0  1  1
		  3   42  1664.84  5376.12933   5376.1304   4.0  1  1
		  3   42  1677.64  5376.77716   5376.7809   4.0  1  1
		  3   42  1718.38  5378.83548   5378.8356   4.0  1  1
		  3   42  1723.83  5379.10991   5379.1105   4.0  1  1
		  3   42  1768.59  5381.36439   5381.3709   4.0  1  1
		  3   42  1799.71  5382.92757   5382.9276   4.0  1  1
		  3   42  1821.79   5384.0347   5384.0356   4.0  1  1
		  3   42  1873.04  5386.59829   5386.6107   4.0  1  0
		  3   42  1902.18  5388.05198   5388.0507   4.0  1  1
		  3   42  1993.20  5392.57444   5392.5726   4.0  1  1
		  3   42  2013.92  5393.59979   5393.5995   4.0  1  1
		  3   42  2021.34  5393.96665   5393.9719   4.0  1  1
		  3   42  2093.29  5397.51401    5397.516   4.0  1  1
		  3   42  2117.46  5398.70193   5398.7015   4.0  1  1
		  3   42  2121.84  5398.91688   5398.9219   4.0  1  1
		  3   42  2127.10  5399.17502   5399.1745   4.0  1  1
		  3   42  2136.22  5399.62187   5399.6218   4.0  1  1
		  3   42  2146.89  5400.14522   5400.1455   4.0  1  1
		  3   42  2155.44  5400.56384   5400.5617   4.0  1  1
		  3   42  2197.22  5402.60616   5402.6048   4.0  1  1
		  3   42  2209.41  5403.20106   5403.1993   4.0  1  1
		  3   42  2282.51  5406.75637   5406.7553   4.0  1  1
		  3   42  2294.64  5407.34446   5407.3439   4.0  1  1
		  3   42  2300.96  5407.65101   5407.6535   4.0  1  1
		  3   42  2365.49  5410.76919   5410.7687   4.0  1  1
		  3   42  2464.44  5415.52139   5415.5226   4.0  1  1
		  3   42  2540.05  5419.12833   5419.1285   4.0  1  1
		  3   42  2586.90  5421.35239   5421.3517   4.0  1  1
		  3   42  2593.51  5421.66547   5421.6628   4.0  1  1
		  3   42  2597.13  5421.83695   5421.8359   4.0  1  1
		  3   42  2643.12  5424.01034   5424.0079   4.0  1  1
		  3   42  2678.55  5425.67936   5425.6783   4.0  1  1
		  3   42  2694.06  5426.40859   5426.4075   4.0  1  1
		  3   42  2751.60   5429.1056   5429.1048   4.0  1  1
		  3   42  2794.58  5431.11179    5431.112   4.0  1  1
		  3   42  2830.04  5432.76199    5432.765   4.0  1  1
		  3   42  2841.46   5433.2923   5433.2919   4.0  1  1
		  3   42  2850.25  5433.69993   5433.7005   4.0  1  1
		  3   42  2860.03  5434.15316   5434.1514   4.0  1  1
		  3   42  2881.01  5435.12459   5435.1229   4.0  1  1
		  3   42  2897.63  5435.89302   5435.8925   4.0  1  1
		  3   42  2930.06   5437.3892   5437.3877   4.0  1  1
		  3   42  2946.38   5438.1403   5438.1374   4.0  1  1
		  3   42  2986.53  5439.98437   5439.9891   4.0  1  1
		  3   42  3000.02   5440.6026   5440.6015   4.0  1  1
		  3   42  3013.39  5441.21453   5441.2145   4.0  1  1
		  3   42  3036.14  5442.25396   5442.2477   4.0  1  1
		  3   42  3055.23  5443.12468   5443.1187   4.0  1  1
		  3   42  3067.65  5443.69025   5443.6893   4.0  1  1
		  3   42  3143.93  5447.15157   5447.1536   4.0  1  1
		  3   42  3168.66  5448.26849   5448.2719   4.0  1  1
		  3   42  3195.47   5449.4769   5449.4788   4.0  1  1
		  3   42  3243.83  5451.64893    5451.652   4.0  1  1
		  3   42  3256.48  5452.21522   5452.2187   4.0  1  1
		  3   42  3322.15  5455.14638   5455.1524   4.0  1  1
		  3   42  3408.31  5458.96515   5458.9676   4.0  1  1
		  3   42  3471.21  5461.73362   5461.7358   4.0  1  1
		  3   42  3491.22  5462.61084   5462.6129   4.0  1  1
		  3   42  3527.63  5464.20276   5464.2055   4.0  1  1
		  3   42  3595.68  5467.16347   5467.1704   4.0  1  1
		  3   42  3678.89   5470.7577   5470.7591   4.0  1  1
		  3   42  3838.29  5477.56046   5477.5522   4.0  1  1
		  3   42  3874.23  5479.07928   5479.0751   4.0  1  1
		  4   43   161.88  5173.66861   5173.6715   4.0  1  1
		  4   43   183.05  5174.80012   5174.7988   4.0  1  1
		  4   43   192.83  5175.32245   5175.3248   4.0  1  1
		  4   43   203.79  5175.90771   5175.9115   4.0  1  1
		  4   43   213.08  5176.40382   5176.4037   4.0  1  1
		  4   43   223.56   5176.9628    5176.961   4.0  1  1
		  4   43   235.84  5177.61785   5177.6228   4.0  1  1
		  4   43   252.00   5178.4793     5178.48   4.0  1  1
		  4   43   294.00  5180.71514   5180.7209   4.0  1  1
		  4   43   328.12   5182.5288   5182.5269   4.0  1  1
		  4   43   338.67  5183.08869   5183.0897   4.0  1  1
		  4   43   355.59   5183.9871   5183.9896   4.0  1  1
		  4   43   364.44  5184.45636   5184.4534   4.0  1  1
		  4   43   401.40  5186.41511   5186.4132   4.0  1  1
		  4   43   418.88  5187.34026   5187.3374   4.0  1  1
		  4   43   426.60  5187.74844   5187.7462   4.0  1  1
		  4   43   485.75  5190.87281    5190.872   4.0  1  1
		  4   43   541.96  5193.83429   5193.8256   4.0  1  1
		  4   43   553.82  5194.45827   5194.4576   4.0  1  1
		  4   43   579.63   5195.8147   5195.8136   4.0  1  1
		  4   43   606.70  5197.23536    5197.236   4.0  1  1
		  4   43   636.59  5198.80256   5198.7999   4.0  1  1
		  4   43   643.52  5199.16522   5199.1637   4.0  1  1
		  4   43   697.93  5202.01086   5202.0087   4.0  1  1
		  4   43   733.15  5203.84889   5203.8479   4.0  1  1
		  4   43   758.20  5205.15464   5205.1522   4.0  1  1
		  4   43   809.05  5207.79943   5207.8015   4.0  1  1
		  4   43   846.17  5209.72586   5209.7246   4.0  1  1
		  4   43   875.17  5211.22834   5211.2305   4.0  1  1
		  4   43   916.26  5213.35328   5213.3492   4.0  1  1
		  4   43   979.21  5216.59998   5216.5966   4.0  1  1
		  4   43  1016.71  5218.52881   5218.5271   4.0  1  1
		  4   43  1028.00  5219.10889   5219.1099   4.0  1  1
		  4   43  1059.15  5220.70743   5220.7068   4.0  1  1
		  4   43  1063.40  5220.92543   5220.9263   4.0  1  1
		  4   43  1070.18  5221.27282     5221.27   4.0  1  1
		  4   43  1206.36  5228.22469   5228.2246   4.0  1  1
		  4   43  1221.49  5228.99349   5228.9951   4.0  1  1
		  4   43  1304.96  5233.22447   5233.2254   4.0  1  1
		  4   43  1322.49  5234.11062   5234.1069   4.0  1  1
		  4   43  1415.82   5238.8121   5238.8137   4.0  1  1
		  4   43  1430.50  5239.54904    5239.552   4.0  1  1
		  4   43  1443.40   5240.1964   5240.1968   4.0  1  1
		  4   43  1592.78  5247.65363   5247.6547   4.0  1  1
		  4   43  1657.68  5250.87183   5250.8727   4.0  1  1
		  4   43  1696.48  5252.78938    5252.788   4.0  1  1
		  4   43  1709.74  5253.44339   5253.4441   4.0  1  1
		  4   43  1730.44  5254.46381   5254.4648   4.0  1  1
		  4   43  1809.92  5258.36834   5258.3602   4.0  1  1
		  4   43  1845.40  5260.10471   5260.1041   4.0  1  1
		  4   43  1873.45  5261.47405    5261.472   4.0  1  1
		  4   43  1957.28  5265.55219   5265.5514   4.0  1  1
		  4   43  1981.25  5266.71436   5266.7103   4.0  1  1
		  4   43  2044.83  5269.78619   5269.7927   4.0  1  1
		  4   43  2054.75  5270.26465    5270.266   4.0  1  1
		  4   43  2104.24  5272.64453   5272.6439   4.0  1  1
		  4   43  2110.13  5272.92743    5272.927   4.0  1  1
		  4   43  2114.44   5273.1343   5273.1317   4.0  1  1
		  4   43  2134.98  5274.11877   5274.1188   4.0  1  1
		  4   43  2182.88  5276.40944   5276.4089   4.0  1  1
		  4   43  2198.35  5277.14769    5277.146   4.0  1  1
		  4   43  2205.75  5277.50048   5277.5002   4.0  1  1
		  4   43  2260.21  5280.09092   5280.0855   4.0  1  1
		  4   43  2265.55  5280.34426   5280.3441   4.0  1  1
		  4   43  2280.85  5281.06976   5281.0687   4.0  1  1
		  4   43  2292.66  5281.62907   5281.6285   4.0  1  1
		  4   43  2404.20  5286.88922    5286.887   4.0  1  1
		  4   43  2468.56  5289.90365   5289.8974   4.0  1  1
		  4   43  2509.59  5291.81812   5291.8163   4.0  1  1
		  4   43  2565.11  5294.39814   5294.3971   4.0  1  1
		  4   43  2580.02  5295.08918   5295.0886   4.0  1  1
		  4   43  2605.74  5296.27931   5296.2787   4.0  1  1
		  4   43  2637.52  5297.74661   5297.7431   4.0  1  1
		  4   43  2649.19  5298.28436   5298.2824   4.0  1  1
		  4   43  2697.90  5300.52378   5300.5234   4.0  1  1
		  4   43  2717.12  5301.40535   5301.4043   4.0  1  1
		  4   43  2839.58   5306.9872   5306.9864   4.0  1  1
		  4   43  2850.15  5307.46663   5307.4655   4.0  1  1
		  4   43  2897.51  5309.60841   5309.6093   4.0  1  1
		  4   43  2912.12  5310.26741   5310.2665   4.0  1  1
		  4   43  2962.42  5312.52983   5312.5288   4.0  1  1
		  4   43  2970.74  5312.90311   5312.9045   4.0  1  1
		  4   43  3022.58   5315.2232   5315.2278   4.0  1  1
		  4   43  3073.56   5317.4944   5317.4944   4.0  1  1
		  4   43  3094.50  5318.42463   5318.4268   4.0  1  1
		  4   43  3147.43  5320.76784   5320.7699   4.0  1  1
		  4   43  3195.73  5322.89644   5322.8988   4.0  1  1
		  4   43  3246.91  5325.14191   5325.1438   4.0  1  1
		  4   43  3253.51  5325.43072   5325.4317   4.0  1  1
		  4   43  3272.78  5326.27336   5326.2774   4.0  1  1
		  4   43  3288.88  5326.97601   5326.9756   4.0  1  1
		  4   43  3344.17  5329.38121   5329.3745   4.0  1  1
		  4   43  3360.25  5330.07816   5330.0804   4.0  1  1
		  4   43  3521.66    5337.019   5337.0154   4.0  1  1
		  5   44    40.10  5049.80275    5049.796   4.0  1  1
		  5   44    58.71  5050.77981   5050.7842   4.0  1  1
		  5   44    79.73   5051.8827   5051.8887   4.0  1  1
		  5   44   145.72   5055.3393   5055.3473   4.0  1  1
		  5   44   196.41  5057.98816   5057.9866   4.0  1  1
		  5   44   232.32  5059.86108   5059.8611   4.0  1  1
		  5   44   266.71   5061.6528   5061.6562   4.0  1  1
		  5   44   274.12  5062.03846   5062.0371   4.0  1  1
		  5   44   302.51  5063.51498   5063.5157   4.0  1  1
		  5   44   311.97  5064.00696   5063.9988   4.0  1  1
		  5   44   323.45   5064.6033    5064.602   4.0  1  1
		  5   44   330.06  5064.94618   5064.9454   4.0  1  1
		  5   44   353.00  5066.13661   5066.1355   4.0  1  1
		  5   44   365.43  5066.78157   5066.7773   4.0  1  1
		  5   44   372.41  5067.14322   5067.1379   4.0  1  1
		  5   44   388.47  5067.97507   5067.9737   4.0  1  1
		  5   44   414.86  5069.34122   5069.3384   4.0  1  1
		  5   44   517.62  5074.64527   5074.6465   4.0  1  1
		  5   44   620.30  5079.92016   5079.9079   4.0  1  0
		  5   44   650.12  5081.44745   5081.4462   4.0  1  1
		  5   44   719.54  5084.99445   5084.9935   4.0  1  1
		  5   44   742.70  5086.17521   5086.1774   4.0  1  1
		  5   44   818.92  5090.05143   5090.0513   4.0  1  1
		  5   44   917.99  5095.06764   5095.0639   4.0  1  1
		  5   44   946.11  5096.48643   5096.4848   4.0  1  1
		  5   44   977.04  5098.04503   5098.0432   4.0  1  1
		  5   44  1028.19  5100.61693   5100.6211   4.0  1  1
		  5   44  1038.38  5101.12798   5101.1299   4.0  1  1
		  5   44  1210.65  5109.73202   5109.7331   4.0  1  1
		  5   44  1241.75  5111.27627   5111.2781   4.0  1  1
		  5   44  1317.98  5115.04977   5115.0448   4.0  1  1
		  5   44  1363.52  5117.29608   5117.2923   4.0  1  1
		  5   44  1381.77  5118.19499   5118.2023   4.0  1  1
		  5   44  1469.46  5122.49875   5122.4995   4.0  1  1
		  5   44  1530.63  5125.48721   5125.4895   4.0  1  1
		  5   44  1540.09  5125.94826   5125.9502   4.0  1  1
		  5   44  1592.35  5128.49082   5128.4897   4.0  1  1
		  5   44  1628.25  5130.23282   5130.2338   4.0  1  1
		  5   44  1645.72   5131.0792    5131.072   4.0  1  1
		  5   44  1687.87   5133.1169   5133.1051   4.0  1  0
		  5   44  1721.63  5134.74495    5134.746   4.0  1  1
		  5   44  1750.18  5136.11894    5136.121   4.0  1  1
		  5   44  1778.40  5137.47469   5137.4733   4.0  1  1
		  5   44  1847.12  5140.76526   5140.7736   4.0  1  1
		  5   44  1868.45  5141.78335   5141.7827   4.0  1  1
		  5   44  1899.69  5143.27214   5143.2673   4.0  1  1
		  5   44  1913.24  5143.91723   5143.9165   4.0  1  1
		  5   44  1942.54  5145.30924   5145.3083   4.0  1  1
		  5   44  1958.32  5146.05774   5146.0557   4.0  1  1
		  5   44  2003.85  5148.21296   5148.2115   4.0  1  1
		  5   44  2024.93   5149.2086   5149.2069   4.0  1  1
		  5   44  2075.95  5151.61199    5151.612   4.0  1  1
		  5   44  2132.26  5154.25476    5154.243   4.0  1  0
		  5   44  2288.64  5161.53722   5161.5396   4.0  1  1
		  5   44  2304.85   5162.2873   5162.2846   4.0  1  1
		  5   44  2330.05  5163.45139   5163.4584   4.0  1  1
		  5   44  2380.43  5165.77264   5165.7728   4.0  1  1
		  5   44  2399.59  5166.65281   5166.6553   4.0  1  1
		  5   44  2449.15  5168.92413   5168.9225   4.0  1  1
		  5   44  2477.84  5170.23517   5170.2227   4.0  1  0
		  5   44  2553.40  5173.67351   5173.6715   4.0  1  1
		  5   44  2578.23  5174.79903   5174.7988   4.0  1  1
		  5   44  2589.83  5175.32414   5175.3248   4.0  1  1
		  5   44  2602.80  5175.91072   5175.9115   4.0  1  1
		  5   44  2610.00  5176.23611   5176.2292   4.0  1  1
		  5   44  2613.68  5176.40196   5176.4037   4.0  1  1
		  5   44  2626.02  5176.95927    5176.961   4.0  1  1
		  5   44  2640.63  5177.61767   5177.6228   4.0  1  1
		  5   44  2659.68  5178.47537     5178.48   4.0  1  1
		  5   44  2709.66  5180.71979   5180.7209   4.0  1  1
		  5   44  2750.04  5182.52616   5182.5269   4.0  1  1
		  5   44  2762.69  5183.09079   5183.0897   4.0  1  1
		  5   44  2774.34  5183.61032   5183.6044   4.0  1  1
		  5   44  2782.86  5183.98972   5183.9896   4.0  1  1
		  5   44  2793.29  5184.45415   5184.4534   4.0  1  1
		  5   44  2799.37  5184.72472   5184.7315   4.0  1  1
		  5   44  2837.39  5186.41344   5186.4132   4.0  1  1
		  5   44  2858.29  5187.33929   5187.3374   4.0  1  1
		  5   44  2867.51   5187.7472   5187.7462   4.0  1  1
		  5   44  2938.37  5190.87213    5190.872   4.0  1  1
		  5   44  3005.87  5193.83108   5193.8256   4.0  1  1
		  5   44  3020.25  5194.45954   5194.4576   4.0  1  1
		  5   44  3051.17   5195.8075   5195.8136   4.0  1  1
		  5   44  3083.98   5197.2341    5197.236   4.0  1  1
		  5   44  3120.18  5198.80341   5198.7999   4.0  1  1
		  5   44  3194.48   5202.0088   5202.0087   4.0  1  1
		  6   45    78.29  4939.64486   4939.6422   4.0  1  1
		  6   45   145.02  4943.06314   4943.0642   4.0  1  1
		  6   45   191.84  4945.45592   4945.4587   4.0  1  1
		  6   45   215.48  4946.66294   4946.6637   4.0  1  1
		  6   45   285.92  4950.25178   4950.2513   4.0  1  1
		  6   45   293.36  4950.63008   4950.6264   4.0  1  1
		  6   45   334.00   4952.6952   4952.6908   4.0  1  1
		  6   45   424.73  4957.29314   4957.2963   4.0  1  1
		  6   45   440.57   4958.0937   4958.0988   4.0  1  1
		  6   45   512.54  4961.72542    4961.726   4.0  1  1
		  6   45   541.59  4963.18837   4963.1881   4.0  1  1
		  6   45   579.21  4965.07965   4965.0795   4.0  1  1
		  6   45   592.20  4965.73159   4965.7315   4.0  1  1
		  6   45   652.50  4968.75421   4968.7556   4.0  1  1
		  6   45   678.85   4970.0724   4970.0785   4.0  1  1
		  6   45   720.59  4972.15702   4972.1597   4.0  1  1
		  6   45   779.72  4975.10308   4975.0917   4.0  1  0
		  6   45   796.67  4975.94603   4975.9485   4.0  1  1
		  6   45   825.80  4977.39269   4977.3906   4.0  1  1
		  6   45   882.18  4980.18697   4980.1859   4.0  1  1
		  6   45   893.79  4980.76144   4980.7561   4.0  1  1
		  6   45   897.59  4980.94908   4980.9513   4.0  1  1
		  6   45   928.72  4982.48756   4982.4875   4.0  1  1
		  6   45   949.99  4983.53686   4983.5324   4.0  1  1
		  6   45   987.27  4985.37371   4985.3725   4.0  1  1
		  6   45   998.99  4985.95013   4985.9486   4.0  1  1
		  6   45  1023.36  4987.14822    4987.147   4.0  1  1
		  6   45  1031.69  4987.55694   4987.5582   4.0  1  1
		  6   45  1067.37   4989.3074   4989.3086   4.0  1  1
		  6   45  1124.93  4992.12373   4992.1257   4.0  1  1
		  6   45  1135.37   4992.6334   4992.6372   4.0  1  1
		  6   45  1158.25  4993.74977   4993.7488   4.0  1  1
		  6   45  1165.51  4994.10377   4994.1058   4.0  1  1
		  6   45  1285.60  4999.93686   4999.9398   4.0  1  1
		  6   45  1291.97  5000.24496   5000.2463   4.0  1  1
		  6   45  1330.13  5002.08936   5002.0972   4.0  1  1
		  6   45  1361.40   5003.5979   5003.5981   4.0  1  1
		  6   45  1372.31  5004.12319   5004.1279   4.0  1  1
		  6   45  1456.98  5008.19035   5008.1897   4.0  1  1
		  6   45  1480.86  5009.33392   5009.3344   4.0  1  1
		  6   45  1493.64  5009.94509   5009.9367   4.0  1  1
		  6   45  1503.52  5010.41685   5010.4174   4.0  1  1
		  6   45  1525.71  5011.47631   5011.4774   4.0  1  1
		  6   45  1561.18   5013.1667   5013.1647   4.0  1  1
		  6   45  1594.59  5014.75565   5014.7539   4.0  1  1
		  6   45  1618.56  5015.89305   5015.8893   4.0  1  1
		  6   45  1632.10  5016.53537   5016.5356   4.0  1  1
		  6   45  1652.71  5017.51141   5017.5084   4.0  1  1
		  6   45  1664.19  5018.05428   5018.0535   4.0  1  1
		  6   45  1701.30  5019.80706   5019.8062   4.0  1  1
		  6   45  1716.81  5020.53867   5020.5458   4.0  1  1
		  6   45  1731.98  5021.25306   5021.2531   4.0  1  1
		  6   45  1748.03  5022.00846   5022.0051   4.0  1  1
		  6   45  1751.29  5022.16149    5022.174   4.0  1  0
		  6   45  1784.26  5023.71012   5023.7084   4.0  1  1
		  6   45  1890.03  5028.65557   5028.6556   4.0  1  1
		  6   45  1897.67  5029.01127   5029.0119   4.0  1  1
		  6   45  1910.96  5029.62992   5029.6295   4.0  1  1
		  6   45  1916.60  5029.89203   5029.8916   4.0  1  1
		  6   45  2034.14  5035.33585   5035.3375   4.0  1  1
		  6   45  2064.36  5036.72845   5036.7284   4.0  1  1
		  6   45  2098.64   5038.3041   5038.3018   4.0  1  1
		  6   45  2118.92  5039.23443   5039.2303   4.0  1  1
		  6   45  2125.26  5039.52526   5039.5265   4.0  1  1
		  6   45  2150.41  5040.67665   5040.6805   4.0  1  1
		  6   45  2160.16  5041.12257   5041.1224   4.0  1  1
		  6   45  2170.57  5041.59829   5041.5998   4.0  1  1
		  6   45  2212.58  5043.51413   5043.5145   4.0  1  1
		  6   45  2239.31   5044.7299   5044.7195   4.0  1  0
		  6   45  2250.68  5045.24679   5045.2481   4.0  1  1
		  6   45  2275.06   5046.3525   5046.3527   4.0  1  1
		  6   45  2281.33  5046.63698   5046.6372   4.0  1  1
		  6   45  2290.33  5047.04429   5047.0434   4.0  1  1
		  6   45  2332.13  5048.93375   5048.9366   4.0  1  1
		  6   45  2351.35  5049.80078    5049.796   4.0  1  1
		  6   45  2373.21  5050.78539   5050.7842   4.0  1  1
		  6   45  2397.73  5051.88734   5051.8887   4.0  1  1
		  6   45  2474.94  5055.34462   5055.3473   4.0  1  1
		  6   45  2534.24  5057.98623   5057.9866   4.0  1  1
		  6   45  2576.48  5059.86001   5059.8611   4.0  1  1
		  6   45  2617.08   5061.6554   5061.6562   4.0  1  1
		  6   45  2625.70  5062.03594   5062.0371   4.0  1  1
		  6   45  2645.94  5062.92829   5062.9325   4.0  1  1
		  6   45  2659.27  5063.51513   5063.5157   4.0  1  1
		  6   45  2670.44  5064.00614   5063.9988   4.0  1  1
	offset	39
	niterate 3
	lowreject 3.
	highreject 3.
	coefficients	23
		1.
		5.
		3.
		1.
		1.
		4090.
		40.
		45.
		226448.9176316789
		4212.732732051082
		-150.1883551011123
		-8.31923737272158
		0.5920530523768878
		13.55218039212613
		3.254944712174621
		-0.04749599203355804
		0.2276659741271907
		0.127287635808779
		0.3906590050302805
		0.211125914349979
		0.1891384815118198
		0.1184114319134663
		0.0618829131686027

