# Fri 15:11:05 14-Mar-2003
begin	ecidentify refThAr_564_l_2148x4096
	id	refThAr_564_l_2148x4096
	task	ecidentify
	image	refThAr_564_l_2148x4096
	units	angstroms
	features	498
		  1   92   863.16   6666.3584   6666.3588   4.0  1  1
		  1   92   961.01  6664.05117    6664.051   4.0  1  1
		  1   92   975.94  6663.69653   6663.6966   4.0  1  1
		  1   92  1035.76  6662.26909   6662.2686   4.0  1  1
		  1   92  1101.98  6660.67621   6660.6761   4.0  1  1
		  1   92  1184.35  6658.67637   6658.6774   4.0  1  1
		  1   92  1313.91  6655.48934   6655.4892   4.0  1  1
		  1   92  1359.05  6654.36716   6654.3675   4.0  1  1
		  1   92  1591.38  6648.49482   6648.4954   4.0  1  1
		  1   92  1667.34  6646.53997   6646.5407   4.0  1  1
		  1   92  1776.61  6643.69756   6643.6976   4.0  1  1
		  1   92  1926.53  6639.74035   6639.7403   4.0  1  1
		  1   92  1957.60  6638.91199   6638.9119   4.0  1  1
		  1   92  1983.47  6638.22012   6638.2207   4.0  1  1
		  1   92  2159.55  6633.45825   6633.4579   4.0  1  1
		  1   92  2209.73  6632.08448   6632.0837   4.0  1  1
		  1   92  2606.45  6620.96581   6620.9665   4.0  1  1
		  1   92  2642.06  6619.94545   6619.9458   4.0  1  1
		  1   92  2703.84  6618.16632   6618.1668   4.0  1  1
		  1   92  2726.39  6617.51426   6617.5154   4.0  1  1
		  1   92  2742.14  6617.05801    6617.058   4.0  1  1
		  1   92  3135.94  6605.41766   6605.4165   4.0  1  1
		  1   92  3154.63  6604.85421   6604.8534   4.0  1  1
		  1   92  3195.43  6603.62072   6603.6209   4.0  1  1
		  1   92  3223.74  6602.76208    6602.762   4.0  1  1
		  1   92  3331.21  6599.48179   6599.4824   4.0  1  1
		  1   92  3440.44    6596.114   6596.1141   4.0  1  1
		  1   92  3510.41  6593.93918   6593.9391   4.0  1  1
		  1   92  3525.69   6593.4625   6593.4628   4.0  1  1
		  2   93   387.37  6605.41593   6605.4165   4.0  1  1
		  2   93   413.21  6604.85279   6604.8534   4.0  1  1
		  2   93   469.47  6603.61985   6603.6209   4.0  1  1
		  2   93   508.33  6602.76248    6602.762   4.0  1  1
		  2   93   599.54  6600.73221   6600.7311   4.0  1  1
		  2   93   655.14  6599.48237   6599.4824   4.0  1  1
		  2   93   690.75  6598.67685   6598.6778   4.0  1  1
		  2   93   802.91  6596.11481   6596.1141   4.0  1  1
		  2   93   896.82  6593.94047   6593.9391   4.0  1  1
		  2   93   917.26  6593.46365   6593.4628   4.0  1  1
		  2   93  1001.52  6591.48491   6591.4845   4.0  1  1
		  2   93  1125.30   6588.5397   6588.5396   4.0  1  1
		  2   93  1243.09  6585.69432   6585.6945   4.0  1  1
		  2   93  1287.39  6584.61356    6584.613   4.0  1  1
		  2   93  1316.28  6583.90557    6583.906   4.0  1  1
		  2   93  1464.67  6580.22999   6580.2299   4.0  1  1
		  2   93  1567.06  6577.65577   6577.6552   4.0  1  1
		  2   93  1584.50  6577.21422   6577.2146   4.0  1  1
		  2   93  1627.46  6576.12267   6576.1221   4.0  1  1
		  2   93  2074.49  6564.44335   6564.4445   4.0  1  1
		  2   93  2280.11  6558.87525   6558.8756   4.0  1  1
		  2   93  2450.77  6554.16097   6554.1603   4.0  1  1
		  2   93  2538.50  6551.70488   6551.7055   4.0  1  1
		  2   93  2749.09  6545.71894   6545.7186   4.0  1  1
		  2   93  2876.00  6542.05056   6542.0498   4.0  1  1
		  2   93  3027.39  6537.61448   6537.6139   4.0  1  1
		  2   93  3077.07  6536.14466   6536.1441   4.0  1  1
		  2   93  3237.75   6531.3427   6531.3418   4.0  1  1
		  2   93  3542.26  6522.04358   6522.0432   4.0  1  1
		  3   94   274.17  6537.61446   6537.6139   4.0  1  1
		  3   94   564.17  6531.34185   6531.3418   4.0  1  1
		  3   94   974.13  6522.04381   6522.0432   4.0  1  1
		  3   94  1318.49   6513.8475   6513.8462   4.0  1  1
		  3   94  1379.33  6512.36316   6512.3639   4.0  1  1
		  3   94  1513.47   6509.0517   6509.0503   4.0  1  1
		  3   94  1541.22   6508.3602   6508.3605   4.0  1  1
		  3   94  1596.09    6506.986   6506.9868   4.0  1  1
		  3   94  1733.31    6503.511   6503.5111   4.0  1  1
		  3   94  1792.64  6501.99154   6501.9919   4.0  1  1
		  3   94  1817.14  6501.36107   6501.3608   4.0  1  1
		  3   94  1883.46  6499.64562   6499.6456   4.0  1  1
		  3   94  2021.66  6496.03017   6496.0292   4.0  1  1
		  3   94  2050.97  6495.25632   6495.2573   4.0  1  1
		  3   94  2099.49  6493.96976   6493.9694   4.0  1  1
		  3   94  2106.70  6493.77802   6493.7777   4.0  1  1
		  3   94  2128.50  6493.19736   6493.1975   4.0  1  1
		  3   94  2220.32  6490.73644   6490.7372   4.0  1  1
		  3   94  2288.87  6488.88348   6488.8832   4.0  1  1
		  3   94  2500.34  6483.08232   6483.0825   4.0  1  1
		  3   94  2919.33  6471.21249   6471.2131   4.0  1  1
		  3   94  3040.91  6467.67525   6467.6754   4.0  1  1
		  3   94  3284.17  6460.47365    6460.475   4.0  1  1
		  3   94  3390.27  6457.28084   6457.2824   4.0  1  1
		  3   94  3456.71  6455.26556   6455.2647   4.0  1  1
		  3   94  3561.60  6452.05908   6452.0591   4.0  1  1
		  3   94  3597.50  6450.95448   6450.9557   4.0  1  1
		  3   94  3628.22   6450.0065    6450.006   4.0  1  1
		  4   95   329.75  6467.67662   6467.6754   4.0  1  1
		  4   95   662.46  6460.47526    6460.475   4.0  1  1
		  4   95   805.33  6457.28212   6457.2824   4.0  1  1
		  4   95   894.20  6455.26546   6455.2647   4.0  1  1
		  4   95  1033.49  6452.05758   6452.0591   4.0  1  1
		  4   95  1080.78  6450.95558   6450.9557   4.0  1  1
		  4   95  1121.30  6450.00605    6450.006   4.0  1  1
		  4   95  1257.82  6446.77162   6446.7712   4.0  1  1
		  4   95  1305.03   6445.6404   6445.6407   4.0  1  1
		  4   95  1378.77  6443.86059   6443.8598   4.0  1  1
		  4   95  1459.26  6441.89974   6441.8994   4.0  1  1
		  4   95  1580.33  6438.91496    6438.916   4.0  1  1
		  4   95  1604.74  6438.30793   6438.3095   4.0  1  1
		  4   95  1626.66  6437.76141   6437.7613   4.0  1  1
		  4   95  1670.30  6436.66912   6436.6699   4.0  1  1
		  4   95  1871.78  6431.55556    6431.555   4.0  1  1
		  4   95  1979.51  6428.77351   6428.7733   4.0  1  1
		  4   95  2202.91  6422.89816   6422.8969   4.0  1  1
		  4   95  2232.57  6422.10752   6422.1075   4.0  1  1
		  4   95  2371.46  6418.37132   6418.3703   4.0  1  1
		  4   95  2447.34  6416.30716   6416.3071   4.0  1  1
		  4   95  2475.47  6415.53774   6415.5374   4.0  1  1
		  4   95  2545.43  6413.61457   6413.6145   4.0  1  1
		  4   95  2607.43  6411.89871   6411.8991   4.0  1  1
		  4   95  2801.88  6406.44662   6406.4462   4.0  1  1
		  4   95  2922.43  6403.01357   6403.0128   4.0  1  1
		  4   95  3054.46  6399.20691   6399.2065   4.0  1  1
		  4   95  3131.93  6396.95068   6396.9499   4.0  1  1
		  4   95  3207.64   6394.7296   6394.7289   4.0  1  1
		  4   95  3230.71  6394.04972   6394.0498   4.0  1  1
		  4   95  3362.80  6390.12811   6390.1289   4.0  1  1
		  4   95  3406.77  6388.81218   6388.8134   4.0  1  1
		  4   95  3453.94  6387.39445   6387.3957   4.0  1  1
		  4   95  3542.48  6384.71667   6384.7169   4.0  1  1
		  4   95  3639.41  6381.76036   6381.7588   4.0  1  1
		  5   96   201.55  6403.01215   6403.0128   4.0  1  1
		  5   96   384.28  6399.20587   6399.2065   4.0  1  1
		  5   96   490.46  6396.94876   6396.9499   4.0  1  1
		  5   96   593.39  6394.72898   6394.7289   4.0  1  1
		  5   96   624.65  6394.04874   6394.0498   4.0  1  1
		  5   96   701.33  6392.36774   6392.3685   4.0  1  1
		  5   96   802.32  6390.12732   6390.1289   4.0  1  1
		  5   96   860.89   6388.8145   6388.8134   4.0  1  1
		  5   96   923.66  6387.39619   6387.3957   4.0  1  1
		  5   96  1040.86  6384.71755   6384.7169   4.0  1  1
		  5   96  1168.27  6381.76003   6381.7588   4.0  1  1
		  5   96  1185.40  6381.35885   6381.3598   4.0  1  1
		  5   96  1256.94  6379.67404   6379.6733   4.0  1  1
		  5   96  1295.53  6378.75926   6378.7604   4.0  1  1
		  5   96  1372.13  6376.93028   6376.9305   4.0  1  1
		  5   96  1577.52  6371.94291   6371.9436   4.0  1  1
		  5   96  1673.34  6369.57477   6369.5748   4.0  1  1
		  5   96  1859.67  6364.89433   6364.8937   4.0  1  1
		  5   96  2062.99  6359.67455   6359.6744   4.0  1  1
		  5   96  2083.76  6359.13464   6359.1345   4.0  1  1
		  5   96  2103.48  6358.62097   6358.6211   4.0  1  1
		  5   96  2139.56  6357.67836   6357.6779   4.0  1  1
		  5   96  2164.55  6357.02328   6357.0229   4.0  1  1
		  5   96  2206.80  6355.91173   6355.9108   4.0  1  1
		  5   96  2217.47   6355.6301     6355.63   4.0  1  1
		  5   96  2475.03  6348.73763   6348.7375   4.0  1  1
		  5   96  2571.04  6346.12079   6346.1209   4.0  1  1
		  5   96  2689.39  6342.85932   6342.8595   4.0  1  1
		  5   96  2803.78  6339.66992   6339.6684   4.0  1  1
		  5   96  2876.59  6337.62097   6337.6201   4.0  1  1
		  5   96  3094.06  6331.41372   6331.4137   4.0  1  1
		  5   96  3236.50  6327.27742   6327.2778   4.0  1  1
		  5   96  3267.60  6326.36688   6326.3669   4.0  1  1
		  6   97    71.65  6339.66766   6339.6684   4.0  1  1
		  6   97   173.41  6337.61981   6337.6201   4.0  1  1
		  6   97   281.77  6335.40561    6335.406   4.0  1  1
		  6   97   390.60   6333.1471   6333.1459   4.0  1  1
		  6   97   473.01  6331.41379   6331.4137   4.0  1  1
		  6   97   665.94  6327.27832   6327.2778   4.0  1  1
		  6   97   707.77  6326.36747   6326.3669   4.0  1  1
		  6   97   913.26   6321.8188   6321.8199   4.0  1  1
		  6   97   936.32  6321.30075   6321.3004   4.0  1  1
		  6   97  1117.21  6317.18344   6317.1824   4.0  1  1
		  6   97  1178.16  6315.77495    6315.775   4.0  1  1
		  6   97  1389.46  6310.80945   6310.8101   4.0  1  1
		  6   97  1458.47  6309.16007     6309.16   4.0  1  1
		  6   97  1520.83  6307.65794    6307.657   4.0  1  1
		  6   97  1701.25   6303.2497   6303.2507   4.0  1  1
		  6   97  1795.29   6300.9154   6300.9165   4.0  1  1
		  6   97  1875.62  6298.90161   6298.9027   4.0  1  1
		  6   97  1955.85  6296.87226   6296.8722   4.0  1  1
		  6   97  2097.55  6293.24352   6293.2424   4.0  1  1
		  6   97  2111.20  6292.89102   6292.8909   4.0  1  1
		  6   97  2143.34  6292.05886   6292.0601   4.0  1  1
		  6   97  2176.70  6291.19217   6291.1915   4.0  1  1
		  6   97  2241.91  6289.48887   6289.4882   4.0  1  1
		  6   97  2326.74  6287.25539   6287.2554   4.0  1  1
		  6   97  2401.27  6285.27658    6285.278   4.0  1  1
		  6   97  2627.86  6279.16541    6279.166   4.0  1  1
		  6   97  2698.20  6277.23942   6277.2385   4.0  1  1
		  6   97  2811.23  6274.11593   6274.1166   4.0  1  1
		  6   97  3258.32  6261.41732   6261.4181   4.0  1  1
		  6   97  3628.69  6250.48572   6250.4858   4.0  1  1
		  7   98   245.24   6271.5454   6271.5444   4.0  1  1
		  7   98   727.79  6261.41865   6261.4181   4.0  1  1
		  7   98   909.81  6257.42427   6257.4237   4.0  1  1
		  7   98  1305.81  6248.40681   6248.4055   4.0  1  1
		  7   98  1448.81  6245.04105   6245.0409   4.0  1  1
		  7   98  1529.38  6243.11911   6243.1201   4.0  1  1
		  7   98  1670.38  6239.71166   6239.7121   4.0  1  1
		  7   98  1867.50  6234.85445   6234.8554   4.0  1  1
		  7   98  1893.86  6234.19658   6234.1962   4.0  1  1
		  7   98  1942.64  6232.97424   6232.9745   4.0  1  1
		  7   98  2201.75  6226.37021   6226.3697   4.0  1  1
		  7   98  2272.75  6224.52795   6224.5272   4.0  1  1
		  7   98  2395.20  6221.31831   6221.3192   4.0  1  1
		  7   98  2444.60  6220.01153   6220.0112   4.0  1  1
		  7   98  2596.97  6215.93894   6215.9383   4.0  1  1
		  7   98  2862.57  6208.68778   6208.6869   4.0  1  1
		  7   98  2896.43  6207.74953   6207.7504   4.0  1  1
		  7   98  2915.48  6207.22031   6207.2201   4.0  1  1
		  7   98  2964.30  6205.85941   6205.8599   4.0  1  1
		  7   98  3048.64  6203.49334   6203.4925   4.0  1  1
		  7   98  3133.26  6201.10005   6201.1002   4.0  1  1
		  7   98  3156.73  6200.43267   6200.4325   4.0  1  1
		  7   98  3234.11  6198.22221   6198.2227   4.0  1  1
		  7   98  3546.15  6189.14466   6189.1449   4.0  1  1
		  7   98  3580.63  6188.12568   6188.1251   4.0  1  1
		  7   98  3614.01  6187.13609    6187.135   4.0  1  1
		  8   99   222.93  6208.68623   6208.6869   4.0  1  1
		  8   99   269.50   6207.7506   6207.7504   4.0  1  1
		  8   99   295.77  6207.21994   6207.2201   4.0  1  1
		  8   99   362.65  6205.86017   6205.8599   4.0  1  1
		  8   99   477.63  6203.49236   6203.4925   4.0  1  1
		  8   99   591.95  6201.10051   6201.1002   4.0  1  1
		  8   99   623.54  6200.43297   6200.4325   4.0  1  1
		  8   99   727.20  6198.22247   6198.2227   4.0  1  1
		  8   99   927.87  6193.85622   6193.8563   4.0  1  1
		  8   99  1015.86  6191.90558   6191.9053   4.0  1  1
		  8   99  1138.72  6189.14548   6189.1449   4.0  1  1
		  8   99  1183.66  6188.12508   6188.1251   4.0  1  1
		  8   99  1227.04  6187.13489    6187.135   4.0  1  1
		  8   99  1421.87  6182.62186   6182.6217   4.0  1  1
		  8   99  1503.32  6180.70364    6180.705   4.0  1  1
		  8   99  1598.80  6178.43137   6178.4315   4.0  1  1
		  8   99  1818.86  6173.09745   6173.0964   4.0  1  1
		  8   99  1852.26  6172.27627   6172.2778   4.0  1  1
		  8   99  1937.18  6170.17408    6170.174   4.0  1  1
		  8   99  1951.39  6169.82048   6169.8221   4.0  1  1
		  8   99  2138.00  6165.12365   6165.1232   4.0  1  1
		  8   99  2163.34  6164.47848   6164.4796   4.0  1  1
		  8   99  2222.30  6162.97052   6162.9699   4.0  1  1
		  8   99  2253.46  6162.16966     6162.17   4.0  1  1
		  8   99  2285.14  6161.35274   6161.3534   4.0  1  1
		  8   99  2448.82  6157.08821   6157.0878   4.0  1  1
		  8   99  2506.03  6155.58041    6155.581   4.0  1  1
		  8   99  2563.04   6154.0689   6154.0682   4.0  1  1
		  8   99  2640.78  6151.99373   6151.9929   4.0  1  1
		  8   99  2689.55  6150.68346    6150.683   4.0  1  1
		  8   99  2882.30  6145.44187   6145.4411   4.0  1  1
		  8   99  2907.20  6144.75733   6144.7581   4.0  1  1
		  8   99  3152.48  6137.92591    6137.926   4.0  1  1
		  8   99  3519.08  6127.41547    6127.416   4.0  1  1
		  8   99  3619.26  6124.48095   6124.4805   4.0  1  1
		  9  100   283.13  6145.44112   6145.4411   4.0  1  1
		  9  100   317.20  6144.75781   6144.7581   4.0  1  1
		  9  100   842.12  6133.81398   6133.8143   4.0  1  1
		  9  100  1132.88  6127.41712    6127.416   4.0  1  1
		  9  100  1207.38  6125.73985   6125.7396   4.0  1  1
		  9  100  1262.85  6124.48098   6124.4805   4.0  1  1
		  9  100  1291.25  6123.83336   6123.8331   4.0  1  1
		  9  100  1311.85  6123.36193   6123.3619   4.0  1  1
		  9  100  1433.43  6120.55628   6120.5564   4.0  1  1
		  9  100  1672.39  6114.92222   6114.9234   4.0  1  1
		  9  100  1688.42  6114.53854   6114.5392   4.0  1  1
		  9  100  1733.07  6113.46631   6113.4657   4.0  1  1
		  9  100  1759.21  6112.83606   6112.8375   4.0  1  1
		  9  100  1976.17  6107.53239   6107.5337   4.0  1  1
		  9  100  2052.51  6105.63551   6105.6351   4.0  1  1
		  9  100  2207.91  6101.72501   6101.7251   4.0  1  1
		  9  100  2276.07  6099.98896   6099.9886   4.0  1  1
		  9  100  2311.47  6099.08263   6099.0831   4.0  1  1
		  9  100  2322.33  6098.80366   6098.8031   4.0  1  1
		  9  100  2348.90  6098.12024   6098.1205   4.0  1  1
		  9  100  2384.81  6097.19348   6097.1945   4.0  1  1
		  9  100  2642.27   6090.4469   6090.4482   4.0  1  1
		  9  100  2732.83  6088.03128   6088.0305   4.0  1  1
		  9  100  2761.47  6087.26281   6087.2622   4.0  1  1
		  9  100  2831.48  6085.37483   6085.3748   4.0  1  1
		  9  100  3056.35  6079.22245   6079.2227   4.0  1  1
		  9  100  3085.29  6078.42085   6078.4212   4.0  1  1
		  9  100  3105.03   6077.8728   6077.8728   4.0  1  1
		  9  100  3132.59   6077.1059   6077.1057   4.0  1  1
		  9  100  3418.90  6069.01983   6069.0207   4.0  1  1
		  9  100  3486.49  6067.07944   6067.0803   4.0  1  1
		  9  100  3531.49  6065.78072   6065.7799   4.0  1  1
		 10  101   149.24  6087.26161   6087.2622   4.0  1  1
		 10  101   245.69  6085.37393   6085.3748   4.0  1  1
		 10  101   551.09  6079.22296   6079.2227   4.0  1  1
		 10  101   589.95   6078.4215   6078.4212   4.0  1  1
		 10  101   616.44   6077.8728   6077.8728   4.0  1  1
		 10  101   653.30  6077.10576   6077.1057   4.0  1  1
		 10  101   842.74  6073.10403   6073.1036   4.0  1  1
		 10  101   970.81   6070.3418   6070.3412   4.0  1  1
		 10  101  1031.35  6069.02021   6069.0207   4.0  1  1
		 10  101  1177.87  6065.77938   6065.7799   4.0  1  1
		 10  101  1365.82  6061.53525   6061.5361   4.0  1  1
		 10  101  1459.96  6059.37279   6059.3725   4.0  1  1
		 10  101  1622.02   6055.5931   6055.5937   4.0  1  1
		 10  101  1715.50  6053.38014   6053.3808   4.0  1  1
		 10  101  1743.09  6052.72255   6052.7229   4.0  1  1
		 10  101  1815.69  6050.98182   6050.9818   4.0  1  1
		 10  101  1895.53  6049.05104    6049.051   4.0  1  1
		 10  101  1983.73  6046.89784   6046.8977   4.0  1  1
		 10  101  2132.31  6043.22315   6043.2233   4.0  1  1
		 10  101  2157.68  6042.58973   6042.5898   4.0  1  1
		 10  101  2312.72   6038.6809   6038.6805   4.0  1  1
		 10  101  2351.36  6037.69664   6037.6975   4.0  1  1
		 10  101  2387.88  6036.76263   6036.7622   4.0  1  1
		 10  101  2448.96   6035.1926   6035.1923   4.0  1  1
		 10  101  2538.52  6032.87249   6032.8726   4.0  1  1
		 10  101  2567.10  6032.12756   6032.1274   4.0  1  1
		 10  101  2631.38   6030.4442    6030.445   4.0  1  1
		 10  101  2661.55  6029.65024     6029.65   4.0  1  1
		 10  101  2797.41  6026.04508   6026.0448   4.0  1  1
		 10  101  2902.46  6023.22384   6023.2242   4.0  1  1
		 10  101  2969.38  6021.41141   6021.4113   4.0  1  1
		 10  101  2983.21  6021.03536   6021.0357   4.0  1  1
		 10  101  3011.20  6020.27282   6020.2715   4.0  1  1
		 10  101  3057.99  6018.99328   6018.9934   4.0  1  1
		 10  101  3187.52  6015.42111   6015.4218   4.0  1  1
		 10  101  3250.16  6013.67793   6013.6777   4.0  1  1
		 10  101  3326.70  6011.53373   6011.5337   4.0  1  1
		 10  101  3375.48  6010.15937   6010.1606   4.0  1  1
		 10  101  3550.88  6005.16575    6005.165   4.0  1  1
		 11  102    65.37  6029.22574   6029.2257   4.0  1  1
		 11  102   230.59  6026.04567   6026.0448   4.0  1  1
		 11  102   276.39  6025.15053     6025.15   4.0  1  1
		 11  102   373.88  6023.22554   6023.2242   4.0  1  1
		 11  102   464.53  6021.41161   6021.4113   4.0  1  1
		 11  102   483.19  6021.03553   6021.0357   4.0  1  1
		 11  102   520.93  6020.27164   6020.2715   4.0  1  1
		 11  102   583.65  6018.99327   6018.9934   4.0  1  1
		 11  102   711.28  6016.35814   6016.3589   4.0  1  1
		 11  102   756.06   6015.4229   6015.4218   4.0  1  1
		 11  102   838.87  6013.67873   6013.6777   4.0  1  1
		 11  102   939.54  6011.53276   6011.5337   4.0  1  1
		 11  102  1003.24   6010.1604   6010.1606   4.0  1  1
		 11  102  1144.69  6007.07292   6007.0722   4.0  1  1
		 11  102  1230.83  6005.16588    6005.165   4.0  1  1
		 11  102  1383.56  6001.73449   6001.7339   4.0  1  1
		 11  102  1406.96  6001.20316   6001.2033   4.0  1  1
		 11  102  1503.33  5998.99901   5998.9987   4.0  1  1
		 11  102  1605.71  5996.62974   5996.6297   4.0  1  1
		 11  102  1712.51  5994.12788   5994.1287   4.0  1  1
		 11  102  1843.94  5991.00662   5991.0071   4.0  1  1
		 11  102  1925.58   5989.0442   5989.0447   4.0  1  1
		 11  102  1997.46  5987.30159   5987.3016   4.0  1  1
		 11  102  2039.89  5986.26641   5986.2665   4.0  1  1
		 11  102  2442.67  5976.19977   5976.2005   4.0  1  1
		 11  102  2487.01  5975.06502   5975.0648   4.0  1  1
		 11  102  2541.46  5973.66453   5973.6649   4.0  1  1
		 11  102  2588.96  5972.43634   5972.4351   4.0  1  1
		 11  102  2621.12  5971.60147   5971.6008   4.0  1  1
		 11  102  2692.54  5969.73754   5969.7373   4.0  1  1
		 11  102  2746.46   5968.3214   5968.3199   4.0  1  1
		 11  102  3194.52  5956.25808   5956.2588   4.0  1  1
		 11  102  3219.77  5955.56273   5955.5616   4.0  1  1
		 11  102  3688.24  5942.35981   5942.3585   4.0  1  1
		 12  103    18.89  5971.59993   5971.6008   4.0  1  1
		 12  103   117.80  5969.73591   5969.7373   4.0  1  1
		 12  103   191.95  5968.32061   5968.3199   4.0  1  1
		 12  103   574.23  5960.78137   5960.7806   4.0  1  1
		 12  103   827.60  5955.56169   5955.5616   4.0  1  1
		 12  103  1143.85   5948.7994   5948.7991   4.0  1  1
		 12  103  1260.52  5946.23582   5946.2347   4.0  1  1
		 12  103  1331.98  5944.64726   5944.6472   4.0  1  1
		 12  103  1433.85  5942.35885   5942.3585   4.0  1  1
		 12  103  1512.82  5940.56547   5940.5653   4.0  1  1
		 12  103  1588.77  5938.82495   5938.8252   4.0  1  1
		 12  103  1604.74  5938.45697    5938.457   4.0  1  1
		 12  103  1639.14  5937.66201   5937.6634   4.0  1  1
		 12  103  1660.69  5937.16241   5937.1619   4.0  1  1
		 12  103  1966.66  5929.93414   5929.9343   4.0  1  1
		 12  103  2013.17  5928.81346    5928.813   4.0  1  1
		 12  103  2082.72  5927.12687   5927.1258   4.0  1  1
		 12  103  2153.26  5925.40314   5925.4036   4.0  1  1
		 12  103  2412.89  5918.94512   5918.9442   4.0  1  1
		 12  103  2592.01  5914.38607   5914.3856   4.0  1  1
		 12  103  2631.72  5913.36383   5913.3638   4.0  1  1
		 12  103  2681.17  5912.08524   5912.0853   4.0  1  1
		 12  103  2929.38  5905.57047   5905.5707   4.0  1  1
		 12  103  3040.47  5902.60266   5902.6021   4.0  1  1
		 12  103  3309.58  5895.28095   5895.2818   4.0  1  1
		 12  103  3447.70  5891.45052    5891.451   4.0  1  1
		 12  103  3561.33  5888.26259   5888.2622   4.0  1  1
		 13  104     9.87  5914.38465   5914.3856   4.0  1  1
		 13  104   133.00   5912.0847   5912.0853   4.0  1  1
		 13  104   178.25  5911.22892   5911.2296   4.0  1  1
		 13  104   470.25  5905.57067   5905.5707   4.0  1  1
		 13  104   618.74  5902.60332   5902.6021   4.0  1  1
		 13  104   754.17  5899.84446   5899.8441   4.0  1  1
		 13  104   921.64  5896.36372   5896.3631   4.0  1  1
		 13  104   972.95    5895.282   5895.2818   4.0  1  1
		 13  104  1152.00  5891.45143    5891.451   4.0  1  1
		 13  104  1283.41  5888.58497   5888.5841   4.0  1  1
		 13  104  1376.30  5886.53079   5886.5314   4.0  1  1
		 13  104  1413.50  5885.70153   5885.7016   4.0  1  1
		 13  104  1550.15   5882.6238   5882.6242   4.0  1  1
		 13  104  1702.85  5879.12552   5879.1265   4.0  1  1
		 13  104  1880.15  5874.98566   5874.9865   4.0  1  1
		 13  104  1907.08  5874.34967   5874.3513   4.0  1  1
		 13  104  1980.63  5872.60253   5872.6028   4.0  1  1
		 13  104  2039.98  5871.18254   5871.1828   4.0  1  1
		 13  104  2156.23  5868.37385   5868.3745   4.0  1  1
		 13  104  2220.27  5866.81141   5866.8119   4.0  1  1
		 13  104  2345.74  5863.71893   5863.7184   4.0  1  1
		 13  104  2482.13  5860.31047   5860.3103   4.0  1  1
		 13  104  2595.13  5857.44991   5857.4491   4.0  1  1
		 13  104  2671.47  5855.49847   5855.4986   4.0  1  1
		 13  104  2725.02  5854.12064   5854.1207   4.0  1  1
		 13  104  2750.01  5853.47505   5853.4745   4.0  1  1
		 13  104  2780.63  5852.68179   5852.6806   4.0  1  1
		 13  104  3037.97  5845.91972   5845.9188   4.0  1  1
		 13  104  3182.37  5842.05071     5842.05   4.0  1  1
		 13  104  3234.51  5840.64047   5840.6404   4.0  1  1
		 13  104  3263.58  5839.85097   5839.8514   4.0  1  1
		 13  104  3296.66  5838.95033   5838.9502   4.0  1  1
		 13  104  3467.21  5834.26189   5834.2633   4.0  1  1
		 13  104  3535.31  5832.36902   5832.3705   4.0  1  1
		 13  104  3590.43  5830.82848   5830.8272   4.0  1  1
		 14  105   223.09  5854.12058   5854.1207   4.0  1  1
		 14  105   257.14  5853.47463   5853.4745   4.0  1  1
		 14  105   298.75  5852.68097   5852.6806   4.0  1  1
		 14  105   643.71  5845.91947   5845.9188   4.0  1  1
		 14  105   834.09  5842.04953     5842.05   4.0  1  1
		 14  105   902.25  5840.64033   5840.6404   4.0  1  1
		 14  105   940.21  5839.85006   5839.8514   4.0  1  1
		 14  105   983.16  5838.95109   5838.9502   4.0  1  1
		 14  105  1203.44  5834.26347   5834.2633   4.0  1  1
		 14  105  1290.69  5832.37075   5832.3705   4.0  1  1
		 14  105  1361.17  5830.82706   5830.8272   4.0  1  1
		 14  105  1718.71  5822.79255   5822.7933   4.0  1  1
		 14  105  1856.61  5819.60337   5819.6027   4.0  1  1
		 14  105  1906.00  5818.44898   5818.4495   4.0  1  1
		 14  105  2034.26  5815.42124   5815.4219   4.0  1  1
		 14  105  2136.67  5812.97272   5812.9725   4.0  1  1
		 14  105  2496.95  5804.14182   5804.1412   4.0  1  1
		 14  105  2579.11   5802.0808   5802.0798   4.0  1  1
		 14  105  2628.63  5800.83015   5800.8297   4.0  1  1
		 14  105  2721.11  5798.47771    5798.478   4.0  1  1
		 14  105  2766.33  5797.31927   5797.3194   4.0  1  1
		 14  105  2814.90  5796.06914   5796.0683   4.0  1  1
		 14  105  2954.94  5792.43109   5792.4304   4.0  1  1
		 14  105  3060.86  5789.64613   5789.6451   4.0  1  1
		 15  106    52.81  5802.08049   5802.0798   4.0  1  1
		 15  106   120.86  5800.82958   5800.8297   4.0  1  1
		 15  106   247.03  5798.47696    5798.478   4.0  1  1
		 15  106   308.25  5797.31988   5797.3194   4.0  1  1
		 15  106   373.87  5796.06837   5796.0683   4.0  1  1
		 15  106   561.28  5792.43005   5792.4304   4.0  1  1
		 15  106   701.54  5789.64526   5789.6451   4.0  1  1
		 15  106  1175.93  5779.83644   5779.8352   4.0  1  1
		 15  106  1289.49  5777.39972   5777.4006   4.0  1  1
		 15  106  1530.50  5772.11512   5772.1143   4.0  1  1
		 15  106  1546.50  5771.75888   5771.7601   4.0  1  1
		 15  106  1705.56  5768.18073   5768.1812   4.0  1  1
		 15  106  1723.29  5767.77778   5767.7785   4.0  1  1
		 15  106  1908.14  5763.52795    5763.529   4.0  1  1
		 15  106  2035.41  5760.55013   5760.5508   4.0  1  1
		 15  106  2349.30  5753.02609   5753.0265   4.0  1  1
		 15  106  2481.33  5749.78536   5749.7862   4.0  1  1
		 15  106  2497.37  5749.38856   5749.3883   4.0  1  1
		 15  106  2523.49  5748.74109   5748.7412   4.0  1  1
		 15  106  2577.95  5747.38529   5747.3849   4.0  1  1
		 15  106  2585.65  5747.19309   5747.1931   4.0  1  1
		 15  106  2788.07  5742.08355   5742.0838   4.0  1  1
		 15  106  2798.04  5741.82918    5741.829   4.0  1  1
		 15  106  2823.78  5741.17137   5741.1705   4.0  1  1
		 15  106  2888.07  5739.52067   5739.5196   4.0  1  1
		 15  106  3022.69  5736.03072   5736.0297   4.0  1  1
		 15  106  3251.96  5729.98081   5729.9823   4.0  1  1
		 15  106  3336.72  5727.71069   5727.7103   4.0  1  1
		 15  106  3422.77  5725.38766   5725.3885   4.0  1  1
		 15  106  3456.84  5724.46264   5724.4638   4.0  1  1
		 15  106  3465.16  5724.23637   5724.2374   4.0  1  1
		 15  106  3613.09  5720.18338   5720.1828   4.0  1  1
		 15  106  3633.35  5719.62393   5719.6227   4.0  1  1
		 16  107     5.74  5748.73993   5748.7412   4.0  1  1
		 16  107   365.82  5742.08401   5742.0838   4.0  1  1
		 16  107   379.25  5741.82903    5741.829   4.0  1  1
		 16  107   413.77  5741.17146   5741.1705   4.0  1  1
		 16  107   499.70  5739.52059   5739.5196   4.0  1  1
		 16  107   678.12  5736.03013   5736.0297   4.0  1  1
		 16  107   977.51   5729.9831   5729.9823   4.0  1  1
		 16  107  1087.12  5727.70994   5727.7103   4.0  1  1
		 16  107  1197.52  5725.38832   5725.3885   4.0  1  1
		 16  107  1241.07  5724.46379   5724.4638   4.0  1  1
		 16  107  1251.69  5724.23752   5724.2374   4.0  1  1
		 16  107  1439.73  5720.18301   5720.1828   4.0  1  1
		 16  107  1465.41  5719.62205   5719.6227   4.0  1  1
		 16  107  1576.73  5717.17094   5717.1711   4.0  1  1
		 16  107  1641.80  5715.72312   5715.7244   4.0  1  1
		 16  107  2019.47  5707.10306   5707.1033   4.0  1  1
		 16  107  2082.11  5705.63772   5705.6371   4.0  1  1
		 16  107  2208.49   5702.6506   5702.6511   4.0  1  1
		 16  107  2389.75  5698.29473   5698.2937   4.0  1  1
		 16  107  2659.32  5691.66163   5691.6612   4.0  1  1
		 16  107  2698.03  5690.69408   5690.6934   4.0  1  1
		 16  107  2830.70  5687.34883   5687.3489   4.0  1  1
		 16  107  2915.32   5685.1918   5685.1921   4.0  1  1
		 16  107  3154.26   5679.0039    5679.005   4.0  1  1
		 16  107  3228.50  5677.05205   5677.0529   4.0  1  1
		 16  107  3306.45  5674.98758   5674.9864   4.0  1  1
		 16  107  3349.70  5673.83582   5673.8358   4.0  1  1
		 16  107  3598.21  5667.12685   5667.1281   4.0  1  1
		 16  107  3669.24  5665.18107   5665.1799   4.0  1  1
	offset	91
	niterate 3
	lowreject 3.
	highreject 3.
	coefficients	24
		1.
		4.
		4.
		1.
		1.
		3801.000000000001
		91.99999999999999
		107.
		610689.2491742518
		-4653.440836570037
		-247.4417515476171
		2.042515770576511
		15.32551142379743
		-19.31474174397588
		-2.161962837209776
		-0.1587067610484631
		-0.5392259925839837
		1.30366942286115
		0.07452020309486568
		0.0225461707969124
		-0.003994216732731669
		-0.2293728258220918
		-0.04291149378454178
		-0.05753814155726621

