# Wed 23:32:11 28-Jul-2004
begin	ecidentify refThAr_UVES_860_l_2048x4006
	id	refThAr_UVES_860_l_2048x4006
	task	ecidentify
	image	refThAr_UVES_860_l_2048x4006
	units	angstroms
	features	191
		  1   59  1568.90  10369.5183   10369.526   4.0  1  1
		  1   59  2074.91  10349.0555   10349.048   4.0  1  1
		  1   59  3546.16  10283.1121   10283.116   4.0  1  1
		  2   60   134.32  10247.5537   10247.557   4.0  1  1
		  2   60   484.30    10236.03   10236.028   4.0  1  1
		  2   60   988.48  10218.4368   10218.433   4.0  1  1
		  2   60  2028.44  10178.5165    10178.52   4.0  1  1
		  2   60  2114.24  10175.0078   10175.008   4.0  1  1
		  2   60  2899.70  10141.3914   10141.397   4.0  1  1
		  2   60  2921.25  10140.4314   10140.431   4.0  1  1
		  2   60  3074.11   10133.565   10133.566   4.0  1  1
		  2   60  3412.73  10117.9987    10117.99   4.0  1  1
		  3   61    30.89  10082.8812   10082.879   4.0  1  1
		  3   61  1309.74  10039.3631   10039.364   4.0  1  1
		  3   61  1474.78  10033.2123   10033.222   4.0  1  0
		  3   61  2036.15  10011.3942   10011.396   4.0  1  1
		  3   61  2492.46  9992.64904    9992.648   4.0  1  1
		  3   61  2610.92  9987.63616    9987.635   4.0  1  1
		  3   61  2671.50  9985.04937     9985.05   4.0  1  1
		  3   61  2910.59  9974.68786    9974.689   4.0  1  1
		  3   61  3006.53   9970.4617    9970.463   4.0  1  1
		  3   61  3162.84  9963.49349    9963.491   4.0  1  1
		  3   61  3608.46  9943.06495    9943.064   4.0  1  1
		  4   62   593.94  9902.36781    9902.356   4.0  1  0
		  4   62   782.18  9896.04678    9896.048   4.0  1  1
		  4   62  1410.27  9873.82283    9873.815   4.0  1  1
		  4   62  1569.99  9867.89553    9867.891   4.0  1  1
		  4   62  1888.64  9855.74068    9855.742   4.0  1  1
		  4   62  2446.23  9833.42259    9833.423   4.0  1  1
		  4   62  2614.00  9826.44889    9826.449   4.0  1  1
		  4   62  2785.92  9819.17975    9819.178   4.0  1  1
		  4   62  2936.78  9812.69901    9812.697   4.0  1  1
		  4   62  3287.61   9797.2617    9797.245   4.0  1  0
		  4   62  3311.30  9796.20109      9796.2   4.0  1  1
		  4   62  3459.55  9789.51022    9789.511   4.0  1  1
		  5   63   556.72  9746.46364    9746.463   4.0  1  1
		  5   63   865.87  9736.21228    9736.213   4.0  1  1
		  5   63  1372.96  9718.49636    9718.492   4.0  1  1
		  5   63  1438.13  9716.13881    9716.142   4.0  1  1
		  5   63  2509.58  9674.79267    9674.791   4.0  1  1
		  5   63  2753.72  9664.69772   9664.6983   4.0  1  1
		  5   63  3252.32  9643.31757    9643.319   4.0  1  1
		  5   63  3271.48  9642.47563    9642.478   4.0  1  1
		  5   63  3492.79  9632.64337   9632.6439   4.0  1  1
		  5   63  3561.13  9629.56699   9629.5693   4.0  1  1
		  5   63  3657.50  9625.19714    9625.198   4.0  1  1
		  6   64    81.24  9608.95187    9608.936   4.0  1  0
		  6   64    96.71  9608.48858    9608.486   4.0  1  1
		  6   64   520.74  9595.38383   9595.3906   4.0  1  1
		  6   64  1067.36  9577.34103   9577.3475   4.0  1  1
		  6   64  1340.90  9567.83132    9567.829   4.0  1  1
		  6   64  1405.05  9565.55509    9565.559   4.0  1  1
		  6   64  1525.18  9561.24583   9561.2452   4.0  1  1
		  6   64  1883.65  9548.02513   9548.0303   4.0  1  1
		  6   64  2206.61  9535.65463   9535.6566   4.0  1  1
		  6   64  2880.61  9508.45196   9508.4513   4.0  1  1
		  6   64  2899.70  9507.65461   9507.6525   4.0  1  1
		  6   64  2953.62  9505.39381    9505.393   4.0  1  1
		  6   64  3074.10  9500.30039   9500.2999   4.0  1  1
		  6   64  3146.99   9497.1904   9497.1891   4.0  1  1
		  6   64  3186.44  9495.49806   9495.4979   4.0  1  1
		  6   64  3225.50  9493.81669   9494.0442   4.0  1  0
		  6   64  3384.10  9486.92565   9486.9256   4.0  1  1
		  6   64  3655.95  9474.88078   9474.8793   4.0  1  1
		  7   65    86.54  9461.02736   9461.0279   4.0  1  1
		  7   65   281.29  9455.20384   9455.2023   4.0  1  1
		  7   65   863.81  9436.81484   9436.8127   4.0  1  1
		  7   65  1000.70  9432.28382   9432.2827   4.0  1  1
		  7   65  1021.13  9431.60097   9431.5996   4.0  1  1
		  7   65  1432.93  9417.46068    9417.457   4.0  1  1
		  7   65  1528.17  9414.08943   9414.0886   4.0  1  1
		  7   65  1660.30  9409.35013   9409.3488   4.0  1  1
		  7   65  2164.96  9390.58464   9390.5852   4.0  1  1
		  7   65  2208.09  9388.93219   9388.9308   4.0  1  1
		  7   65  2354.37  9383.27209   9383.2722   4.0  1  1
		  7   65  3390.97  9340.69257   9340.7053   4.0  1  0
		  7   65  3495.61  9336.15674   9336.1624   4.0  1  1
		  8   66    86.92  9317.72554   9317.7296   4.0  1  1
		  8   66   333.22  9310.44253    9310.444   4.0  1  1
		  8   66   417.33  9307.89654   9307.8956   4.0  1  1
		  8   66   829.99  9294.97409    9294.974   4.0  1  1
		  8   66   936.18   9291.5335   9291.5313   4.0  1  1
		  8   66   996.30   9289.5648   9289.5624   4.0  1  1
		  8   66  1390.91   9276.2704   9276.2732   4.0  1  1
		  8   66  1566.45  9270.15039   9270.1501   4.0  1  1
		  8   66  1636.09  9267.68731   9267.6895   4.0  1  1
		  8   66  1657.69  9266.91932   9266.9198   4.0  1  1
		  8   66  1677.71  9266.20584    9266.207   4.0  1  1
		  8   66  1841.15  9260.31998   9260.3254   4.0  1  1
		  8   66  2105.38  9250.57516   9250.5782   4.0  1  1
		  8   66  2401.30  9239.32777   9239.3261   4.0  1  1
		  8   66  2542.03  9233.85561   9233.8574   4.0  1  1
		  8   66  2576.67  9232.49644    9232.496   4.0  1  1
		  8   66  2702.83  9227.50652   9227.5119   4.0  1  1
		  8   66  2989.79  9215.92164   9215.9197   4.0  1  1
		  8   66  3167.53  9208.58332   9208.5811   4.0  1  1
		  8   66  3277.96  9203.96171   9203.9617   4.0  1  1
		  8   66  3379.25  9199.68114   9199.6841   4.0  1  1
		  8   66  3497.38  9194.63814   9194.6385   4.0  1  1
		  8   66  3521.79  9193.58918   9193.5928   4.0  1  1
		  8   66  3660.95  9187.56586   9187.5654   4.0  1  1
		  9   67    84.49  9178.77854   9178.7795   4.0  1  1
		  9   67   357.05  9170.82502    9170.822   4.0  1  1
		  9   67   520.86  9165.89589    9165.895   4.0  1  1
		  9   67   742.99  9159.03413   9159.0346   4.0  1  1
		  9   67  1311.23  9140.55751   9140.5559   4.0  1  1
		  9   67  1483.63  9134.69157   9134.6919   4.0  1  1
		  9   67  1553.79  9132.26983   9132.2739   4.0  1  1
		  9   67  2133.09  9111.51929   9111.5314   4.0  1  0
		  9   67  2248.52  9107.22431   9107.2269   4.0  1  1
		  9   67  2411.13  9101.08484    9101.083   4.0  1  1
		  9   67  2574.01   9094.8305   9094.8289   4.0  1  1
		  9   67  2677.07  9090.81933   9090.8186   4.0  1  1
		  9   67  3063.85  9075.39586   9075.3945   4.0  1  1
		  9   67  3205.81  9069.58917   9069.5817   4.0  1  1
		  9   67  3243.77  9068.02325    9068.023   4.0  1  1
		  9   67  3289.78  9066.11792   9066.1115   4.0  1  1
		  9   67  3341.68   9063.9588     9063.96   4.0  1  1
		  9   67  3375.06  9062.56484   9062.5631   4.0  1  1
		  9   67  3528.87  9056.08605   9056.0813   4.0  1  1
		  9   67  3712.14  9048.24817   9048.2501   4.0  1  1
		 10   68    30.95  9045.35063   9045.3532   4.0  1  1
		 10   68   215.40   9040.1203   9040.1229   4.0  1  1
		 10   68   264.62  9038.70095   9038.6911   4.0  1  0
		 10   68   292.35   9037.8967   9037.8938   4.0  1  1
		 10   68   360.07  9035.91992   9035.9195   4.0  1  1
		 10   68   498.43   9031.8222   9031.8194   4.0  1  1
		 10   68   959.84  9017.59276   9017.5912   4.0  1  1
		 10   68   991.27  9016.59229   9016.5903   4.0  1  1
		 10   68  1117.71  9012.52631   9012.5263   4.0  1  1
		 10   68  1198.83  9009.88382   9009.8832   4.0  1  1
		 10   68  1636.04  8995.18797   8995.1893   4.0  1  1
		 10   68  1759.62  8990.89644   8990.8935   4.0  1  1
		 10   68  2341.85  8969.86631   8969.8667   4.0  1  1
		 10   68  2401.42  8967.64007   8967.6403   4.0  1  1
		 10   68  2546.80  8962.14863   8962.1468   4.0  1  1
		 10   68  2655.57  8957.98629    8957.986   4.0  1  1
		 10   68  2711.05  8955.84558   8955.8467   4.0  1  1
		 10   68  2883.34   8949.1226   8949.1227   4.0  1  1
		 10   68  3071.17  8941.66328   8941.6608   4.0  1  1
		 10   68  3404.62  8928.08938   8928.0925   4.0  1  1
		 10   68  3593.79  8920.20173   8920.2012   4.0  1  1
		 10   68  3813.80  8910.85849   8910.8566   4.0  1  1
		 11   69   154.83  8910.85802   8910.8566   4.0  1  1
		 11   69   337.63  8905.65717   8905.6581   4.0  1  1
		 11   69   554.90  8899.29954   8899.2971   4.0  1  1
		 11   69   764.48  8892.98705   8892.9865   4.0  1  1
		 11   69   887.68  8889.19418   8889.1939   4.0  1  1
		 11   69  1325.32  8875.23201   8875.2324   4.0  1  1
		 11   69  1518.35  8868.83293   8868.8334   4.0  1  1
		 11   69  1924.08  8854.90648   8854.9079   4.0  1  1
		 11   69  2282.42  8842.07481   8842.0744   4.0  1  1
		 11   69  2306.82  8841.18296   8841.1822   4.0  1  1
		 11   69  2615.80  8829.69286   8829.6938   4.0  1  1
		 11   69  2927.27  8817.74193   8817.7431   4.0  1  1
		 11   69  2967.45   8816.1734   8816.1728   4.0  1  1
		 11   69  3117.75  8810.25213    8810.254   4.0  1  1
		 11   69  3259.55  8804.58798   8804.5894   4.0  1  1
		 11   69  3395.53  8799.08535   8799.0875   4.0  1  1
		 11   69  3417.87  8798.17451    8798.172   4.0  1  1
		 11   69  3607.42  8790.37357   8790.3761   4.0  1  1
		 11   69  3746.67  8784.55745   8784.5621   4.0  1  1
		 12   70   439.09  8775.57168   8775.5733   4.0  1  1
		 12   70   534.47  8772.80475   8772.8052   4.0  1  1
		 12   70   566.76  8771.85992   8771.8602   4.0  1  1
		 12   70   739.18  8766.74442    8766.745   4.0  1  1
		 12   70   905.90  8761.68642   8761.6862   4.0  1  1
		 12   70   946.12   8760.4498   8760.4496   4.0  1  1
		 12   70  1017.38  8758.24338   8758.2434   4.0  1  1
		 12   70  1240.44  8751.20774   8751.2062   4.0  1  1
		 12   70  1303.95  8749.16899   8749.1697   4.0  1  1
		 12   70  1339.20  8748.03069   8748.0309   4.0  1  1
		 12   70  1590.38   8739.7794   8739.7816   4.0  1  1
		 12   70  1761.37  8734.02274   8734.0234   4.0  1  1
		 12   70  1808.34  8732.42181    8732.424   4.0  1  1
		 12   70  2040.74   8724.3755   8724.3761   4.0  1  1
		 12   70  2059.46  8723.71843   8723.7177   4.0  1  1
		 12   70  2095.28  8722.45735   8722.4577   4.0  1  1
		 12   70  2117.67  8721.66638   8721.6595   4.0  1  1
		 12   70  2175.14  8719.62798    8719.629   4.0  1  1
		 12   70  2430.62  8710.41415   8710.4142   4.0  1  1
		 12   70  2462.85  8709.23417   8709.2341   4.0  1  1
		 12   70  2513.84  8707.35971   8707.3592   4.0  1  1
		 12   70  2581.45  8704.85875   8704.8601   4.0  1  1
		 12   70  2612.55  8703.70228   8703.7025   4.0  1  1
		 12   70  2681.74  8701.11702   8701.1209   4.0  1  1
		 12   70  3029.58  8687.84814    8687.848   4.0  1  1
		 12   70  3270.13  8678.40864   8678.4083   4.0  1  1
		 12   70  3345.53  8675.40559   8675.3983   4.0  1  1
		 12   70  3672.72  8662.13236   8662.1372   4.0  1  1
		 12   70  3823.60   8655.8792    8655.876   4.0  1  1
	offset	58
	niterate 3
	lowreject 3.
	highreject 3.
	coefficients	24
		1.
		4.
		4.
		1.
		1.
		3881.
		59.
		70.
		610684.7235426742
		-4694.817916142548
		-251.0149339541607
		2.264781857698899
		13.21587000743941
		-10.28965484890752
		-1.455918581843567
		-0.109709003952338
		-0.4144323097731245
		1.254159099309185
		0.2380152733152199
		-0.02601755987344076
		-0.01626121304437478
		-0.006071622926900076
		-0.04506235722081711
		0.01541797305252115

# Thu 12:44:03 29-Jul-2004
begin	ecidentify refThAr_UVES_860_l_2048x4006
	id	refThAr_UVES_860_l_2048x4006
	task	ecidentify
	image	refThAr_UVES_860_l_2048x4006
	units	angstroms
	features	123
		  1   59  1566.90  10369.5744   10369.526   4.0  1  1
		  1   59  2073.91  10348.9775   10349.048   4.0  1  1
		  2   60   486.03  10235.9898   10236.028   4.0  1  1
		  2   60  2914.71  10140.6368   10140.431   4.0  1  1
		  2   60  3413.40  10118.0135    10117.99   4.0  1  1
		  3   61  2035.19  10011.4757   10011.396   4.0  1  1
		  3   61  2495.75  9992.48676    9992.648   4.0  1  1
		  3   61  2608.28  9987.71437    9987.635   4.0  1  1
		  3   61  2670.12  9985.06969     9985.05   4.0  1  1
		  3   61  2911.71  9974.59519    9974.689   4.0  1  1
		  3   61  3002.99  9970.57876    9970.463   4.0  1  1
		  3   61  3166.47  9963.30782    9963.491   4.0  1  1
		  4   62   595.79  9902.40584    9902.356   4.0  1  1
		  4   62   784.14  9896.11344    9896.048   4.0  1  1
		  4   62  1415.20  9873.79066    9873.815   4.0  1  1
		  4   62  1575.51  9867.82505    9867.891   4.0  1  1
		  4   62  1891.36  9855.73442    9855.742   4.0  1  1
		  4   62  2447.72  9833.38798    9833.423   4.0  1  1
		  4   62  2789.66  9819.01762    9819.178   4.0  1  1
		  4   62  3464.56  9789.31502    9789.511   4.0  1  1
		  5   63  1376.00  9718.53044    9718.492   4.0  1  1
		  5   63  1441.12  9716.17202    9716.142   4.0  1  1
		  5   63  2514.55  9674.63954    9674.791   4.0  1  1
		  5   63  3253.46   9643.2846    9643.319   4.0  1  1
		  5   63  3267.32  9642.67592    9642.478   4.0  1  1
		  5   63  3488.96   9632.8445   9632.6439   4.0  1  1
		  6   64    96.67  9608.46096    9608.486   4.0  1  1
		  6   64   521.92   9595.4072   9595.3906   4.0  1  1
		  6   64  1530.45  9561.17434   9561.2452   4.0  1  1
		  6   64  2208.89  9535.65297   9535.6566   4.0  1  1
		  6   64  2895.61  9507.86919   9507.6525   4.0  1  1
		  6   64  2953.42  9505.44285    9505.393   4.0  1  1
		  6   64  3074.87  9500.30304   9500.2999   4.0  1  1
		  6   64  3187.04  9495.50407   9495.4979   4.0  1  1
		  6   64  3220.66  9494.05627   9494.0442   4.0  1  1
		  6   64  3380.37  9487.11706   9486.9256   4.0  1  1
		  6   64  3662.75  9474.60701   9474.8793   4.0  1  1
		  7   65   283.49  9455.14924   9455.2023   4.0  1  1
		  7   65   863.66  9436.88719   9436.8127   4.0  1  1
		  7   65  1007.64  9432.12821   9432.2827   4.0  1  1
		  7   65  1022.57  9431.62941   9431.5996   4.0  1  1
		  7   65  1434.71  9417.48767    9417.457   4.0  1  1
		  7   65  1528.92  9414.15353   9414.0886   4.0  1  1
		  7   65  2164.96  9390.66844   9390.5852   4.0  1  1
		  7   65  2209.97  9388.94254   9388.9308   4.0  1  1
		  7   65  2355.81  9383.29398   9383.2722   4.0  1  1
		  7   65  3391.74  9340.69438   9340.7053   4.0  1  1
		  7   65  3493.75  9336.26869   9336.1624   4.0  1  1
		  8   66    90.27  9317.62383   9317.7296   4.0  1  1
		  8   66   327.42  9310.62569    9310.444   4.0  1  1
		  8   66   417.74  9307.89771   9307.8956   4.0  1  1
		  8   66   831.27  9294.96658    9294.974   4.0  1  1
		  8   66   998.72  9289.52563   9289.5624   4.0  1  1
		  8   66  1636.79  9267.72348   9267.6895   4.0  1  1
		  8   66  1839.53  9260.44387   9260.3254   4.0  1  1
		  8   66  2105.31  9250.64615   9250.5782   4.0  1  1
		  8   66  2403.49  9239.31151   9239.3261   4.0  1  1
		  8   66  2543.39  9233.86977   9233.8574   4.0  1  1
		  8   66  2583.92   9232.2786    9232.496   4.0  1  1
		  8   66  2992.39  9215.87329   9215.9197   4.0  1  1
		  8   66  3169.85  9208.53879   9208.5811   4.0  1  1
		  8   66  3380.03  9199.69023   9199.6841   4.0  1  1
		  8   66  3661.38  9187.57287   9187.5654   4.0  1  1
		  9   67   357.08  9170.82813    9170.822   4.0  1  1
		  9   67   523.21  9165.82864    9165.895   4.0  1  1
		  9   67   743.13  9159.03664   9159.0346   4.0  1  1
		  9   67  1310.78  9140.59387   9140.5559   4.0  1  1
		  9   67  1560.92  9132.05205   9132.2739   4.0  1  1
		  9   67  2251.62  9107.15803   9107.2269   4.0  1  1
		  9   67  2414.10   9101.0246    9101.083   4.0  1  1
		  9   67  2581.96  9094.57796   9094.8289   4.0  1  1
		  9   67  2675.89  9090.92197   9090.8186   4.0  1  1
		  9   67  3059.13  9075.64247   9075.3945   4.0  1  1
		  9   67  3210.12  9069.46325   9069.5817   4.0  1  1
		  9   67  3289.59   9066.1754   9066.1115   4.0  1  1
		  9   67  3346.09  9063.82246     9063.96   4.0  1  1
		  9   67  3376.86  9062.53588   9062.5631   4.0  1  1
		  9   67  3528.11   9056.1579   9056.0813   4.0  1  1
		 10   68    28.95  9045.42996   9045.3532   4.0  1  1
		 10   68   297.34  9037.76042   9037.8938   4.0  1  1
		 10   68   358.29  9035.97828   9035.9195   4.0  1  1
		 10   68   962.16  9017.51551   9017.5912   4.0  1  1
		 10   68   988.43  9016.67918   9016.5903   4.0  1  1
		 10   68  1112.69   9012.6861   9012.5263   4.0  1  1
		 10   68  1205.23  9009.67244   9009.8832   4.0  1  1
		 10   68  1631.48  8995.35299   8995.1893   4.0  1  1
		 10   68  2343.67  8969.82814   8969.8667   4.0  1  1
		 10   68  2403.16  8967.60598   8967.6403   4.0  1  1
		 10   68  2655.59  8958.02359    8957.986   4.0  1  1
		 10   68  3073.36  8941.62095   8941.6608   4.0  1  1
		 10   68  3405.85  8928.08388   8928.0925   4.0  1  1
		 10   68  3597.58  8920.08474   8920.2012   4.0  1  1
		 11   69   557.15    8899.245   8899.2971   4.0  1  1
		 11   69   761.28   8893.0897   8892.9865   4.0  1  1
		 11   69   886.11  8889.24401   8889.1939   4.0  1  1
		 11   69  1322.44  8875.32053   8875.2324   4.0  1  1
		 11   69  1518.68  8868.81542   8868.8334   4.0  1  1
		 11   69  1925.53  8854.85197   8854.9079   4.0  1  1
		 11   69  2284.79  8841.99082   8842.0744   4.0  1  1
		 11   69  2303.49  8841.30799   8841.1822   4.0  1  1
		 11   69  2616.87   8829.6641   8829.6938   4.0  1  1
		 11   69  2963.37  8816.35576   8816.1728   4.0  1  1
		 11   69  3115.63  8810.36466    8810.254   4.0  1  1
		 11   69  3261.30  8804.55158   8804.5894   4.0  1  1
		 11   69  3410.53   8798.5143    8798.172   4.0  1  0
		 11   69  3607.58  8790.41505   8790.3761   4.0  1  1
		 12   70   440.56  8775.57954   8775.5733   4.0  1  1
		 12   70   536.38  8772.79537   8772.8052   4.0  1  1
		 12   70  1021.85  8758.12748   8758.2434   4.0  1  1
		 12   70  1305.23  8749.13677   8749.1697   4.0  1  1
		 12   70  1586.36  8739.90991   8739.7816   4.0  1  1
		 12   70  1762.62  8733.96978   8734.0234   4.0  1  1
		 12   70  1806.57  8732.47034    8732.424   4.0  1  1
		 12   70  2043.39  8724.26386   8724.3761   4.0  1  1
		 12   70  2092.00  8722.55311   8722.4577   4.0  1  1
		 12   70  2117.28  8721.65996   8721.6595   4.0  1  1
		 12   70  2175.48  8719.59472    8719.629   4.0  1  1
		 12   70  2513.71   8707.3422   8707.3592   4.0  1  1
		 12   70  2583.02   8704.7791   8704.8601   4.0  1  1
		 12   70  2678.56  8701.21706   8701.1209   4.0  1  1
		 12   70  3349.01  8675.28791   8675.3983   4.0  1  1
		 12   70  3674.17  8662.13347   8662.1372   4.0  1  1
		 12   70  3824.79  8655.91448    8655.876   4.0  1  1
	offset	58
	niterate 3
	lowreject 3.
	highreject 3.
	coefficients	24
		1.
		4.
		4.
		1.
		1.
		3881.
		59.
		70.
		610686.635869361
		-4691.209830821751
		-250.546399402022
		6.324081626193136
		13.60045878782321
		-15.37494449023093
		-1.568113255378793
		-6.181829644090976
		-1.410021681998979
		4.239820327903768
		4.062653759097891
		2.386410883280588
		0.8768834484897787
		-1.645974212951926
		-0.8983118280500789
		0.830525689643847

# Thu 13:14:04 29-Jul-2004
begin	ecidentify refThAr_UVES_860_l_2048x4006
	id	refThAr_UVES_860_l_2048x4006
	task	ecidentify
	image	refThAr_UVES_860_l_2048x4006
	units	angstroms
	features	137
		  1   59  1566.77   10369.586   10369.526   4.0  1  1
		  1   59  2074.19  10349.0352   10349.048   4.0  1  1
		  1   59  3544.91  10283.1219   10283.116   4.0  1  1
		  2   60   135.49   10247.558   10247.557   4.0  1  1
		  2   60   487.32  10236.0201   10236.028   4.0  1  1
		  2   60  2033.48   10178.319    10178.52   4.0  1  1
		  2   60  2914.71  10140.6755   10140.431   4.0  1  1
		  2   60  3075.70  10133.4503   10133.566   4.0  1  1
		  2   60  3413.36  10117.9608    10117.99   4.0  1  1
		  3   61    31.43    10082.84   10082.879   4.0  1  1
		  3   61  2035.01  10011.4859   10011.396   4.0  1  1
		  3   61  2495.73  9992.50849    9992.648   4.0  1  1
		  3   61  2608.27   9987.7382    9987.635   4.0  1  1
		  3   61  2670.12  9985.09455     9985.05   4.0  1  1
		  3   61  2909.37   9974.7224    9974.689   4.0  1  1
		  3   61  3002.83   9970.6085    9970.463   4.0  1  1
		  3   61  3166.47  9963.32379    9963.491   4.0  1  1
		  4   62   595.82  9902.41372    9902.356   4.0  1  1
		  4   62   784.14  9896.10993    9896.048   4.0  1  1
		  4   62  1415.17  9873.77212    9873.815   4.0  1  1
		  4   62  1891.29  9855.72338    9855.742   4.0  1  1
		  4   62  2447.68  9833.39225    9833.423   4.0  1  1
		  4   62  2789.65  9819.03153    9819.178   4.0  1  1
		  4   62  3288.38  9797.25805    9797.245   4.0  1  1
		  4   62  3464.48  9789.34233    9789.511   4.0  1  1
		  5   63   868.49  9736.23999    9736.213   4.0  1  1
		  5   63  1375.94  9718.51123    9718.492   4.0  1  1
		  5   63  1441.02  9716.15424    9716.142   4.0  1  1
		  5   63  2514.53  9674.63912    9674.791   4.0  1  1
		  5   63  3253.29  9643.31915    9643.319   4.0  1  1
		  5   63  3267.32  9642.70395    9642.478   4.0  1  1
		  5   63  3488.96   9632.8811   9632.6439   4.0  1  1
		  5   63  3561.36  9629.63246   9629.5693   4.0  1  1
		  6   64    96.66  9608.47998    9608.486   4.0  1  1
		  6   64   521.80  9595.40556   9595.3906   4.0  1  1
		  6   64  1066.84  9577.45276   9577.3475   4.0  1  1
		  6   64  1410.06  9565.47516    9565.559   4.0  1  1
		  6   64  1530.44   9561.1532   9561.2452   4.0  1  1
		  6   64  1886.52  9548.00639   9548.0303   4.0  1  1
		  6   64  2208.84  9535.64542   9535.6566   4.0  1  1
		  6   64  2895.60  9507.88175   9507.6525   4.0  1  1
		  6   64  2953.27  9505.46386    9505.393   4.0  1  1
		  6   64  3074.85   9500.3228   9500.2999   4.0  1  1
		  6   64  3186.96  9495.53034   9495.4979   4.0  1  1
		  6   64  3220.69  9494.07907   9494.0442   4.0  1  1
		  6   64  3390.82  9486.68981   9486.9256   4.0  1  1
		  6   64  3662.75  9474.64656   9474.8793   4.0  1  1
		  7   65   283.45  9455.15496   9455.2023   4.0  1  1
		  7   65   863.64  9436.86922   9436.8127   4.0  1  1
		  7   65  1022.65  9431.60595   9431.5996   4.0  1  1
		  7   65  1434.70  9417.46739    9417.457   4.0  1  1
		  7   65  1528.95  9414.13304   9414.0886   4.0  1  1
		  7   65  2165.02  9390.66007   9390.5852   4.0  1  1
		  7   65  2209.83  9388.94345   9388.9308   4.0  1  1
		  7   65  2356.01  9383.28574   9383.2722   4.0  1  1
		  7   65  3391.71   9340.7153   9340.7053   4.0  1  1
		  7   65  3493.81    9336.286   9336.1624   4.0  1  1
		  8   66    90.33   9317.6449   9317.7296   4.0  1  1
		  8   66   327.45   9310.6282    9310.444   4.0  1  1
		  8   66   417.72  9307.89591   9307.8956   4.0  1  1
		  8   66   831.28  9294.94783    9294.974   4.0  1  1
		  8   66   998.81  9289.50241   9289.5624   4.0  1  1
		  8   66  1636.67  9267.71412   9267.6895   4.0  1  1
		  8   66  2105.22  9250.64821   9250.5782   4.0  1  1
		  8   66  2403.50  9239.31774   9239.3261   4.0  1  1
		  8   66  2543.40  9233.87878   9233.8574   4.0  1  1
		  8   66  2583.86  9232.29076    9232.496   4.0  1  1
		  8   66  2992.38  9215.88657   9215.9197   4.0  1  1
		  8   66  3169.89  9208.54814   9208.5811   4.0  1  1
		  8   66  3380.07  9199.69376   9199.6841   4.0  1  1
		  8   66  3661.38  9187.56454   9187.5654   4.0  1  1
		  9   67    92.44  9178.58283   9178.7795   4.0  1  1
		  9   67   357.23  9170.82649    9170.822   4.0  1  1
		  9   67   523.06  9165.82666    9165.895   4.0  1  1
		  9   67   740.91  9159.09192   9159.0346   4.0  1  1
		  9   67  1310.78  9140.57836   9140.5559   4.0  1  1
		  9   67  1560.93  9132.04124   9132.2739   4.0  1  1
		  9   67  2251.62   9107.1659   9107.2269   4.0  1  1
		  9   67  2414.01  9101.03904    9101.083   4.0  1  1
		  9   67  2581.96  9094.59066   9094.8289   4.0  1  1
		  9   67  2675.89  9090.93485   9090.8186   4.0  1  1
		  9   67  3059.15  9075.64868   9075.3945   4.0  1  1
		  9   67  3210.08  9069.46574   9069.5817   4.0  1  1
		  9   67  3289.58  9066.17212   9066.1115   4.0  1  1
		  9   67  3345.89  9063.82403     9063.96   4.0  1  1
		  9   67  3376.92  9062.52446   9062.5631   4.0  1  1
		  9   67  3528.10  9056.13708   9056.0813   4.0  1  1
		 10   68    28.89  9045.45709   9045.3532   4.0  1  1
		 10   68   213.22  9040.20622   9040.1229   4.0  1  1
		 10   68   297.33  9037.76637   9037.8938   4.0  1  1
		 10   68   358.27  9035.98097   9035.9195   4.0  1  1
		 10   68   495.32  9031.91304   9031.8194   4.0  1  1
		 10   68   962.28  9017.49966   9017.5912   4.0  1  1
		 10   68   988.44  9016.66671   9016.5903   4.0  1  1
		 10   68  1112.69  9012.67477   9012.5263   4.0  1  1
		 10   68  1205.21  9009.66253   9009.8832   4.0  1  1
		 10   68  1631.47  8995.35027   8995.1893   4.0  1  1
		 10   68  2343.46  8969.84618   8969.8667   4.0  1  1
		 10   68  2403.15  8967.61708   8967.6403   4.0  1  1
		 10   68  2655.56  8958.03487    8957.986   4.0  1  1
		 10   68  3405.85  8928.06052   8928.0925   4.0  1  1
		 10   68  3597.59  8920.04178   8920.2012   4.0  1  1
		 11   69   557.22  8899.23865   8899.2971   4.0  1  1
		 11   69   761.27  8893.08576   8892.9865   4.0  1  1
		 11   69   886.45  8889.22985   8889.1939   4.0  1  1
		 11   69  1322.40  8875.32159   8875.2324   4.0  1  1
		 11   69  1518.68  8868.81688   8868.8334   4.0  1  1
		 11   69  1925.39  8854.86118   8854.9079   4.0  1  1
		 11   69  2284.78  8841.99588   8842.0744   4.0  1  1
		 11   69  2303.48  8841.31306   8841.1822   4.0  1  1
		 11   69  2616.77  8829.66894   8829.6938   4.0  1  1
		 11   69  2929.32  8817.67704   8817.7431   4.0  1  1
		 11   69  2963.27  8816.35218   8816.1728   4.0  1  1
		 11   69  3115.58  8810.35297    8810.254   4.0  1  1
		 11   69  3261.29  8804.53127   8804.5894   4.0  1  1
		 11   69  3410.52   8798.4853    8798.172   4.0  1  1
		 11   69  3607.57  8790.37247   8790.3761   4.0  1  1
		 12   70   440.55  8775.56956   8775.5733   4.0  1  1
		 12   70   536.42  8772.78928   8772.8052   4.0  1  1
		 12   70  1021.84  8758.13802   8758.2434   4.0  1  1
		 12   70  1243.99  8751.11765   8751.2062   4.0  1  1
		 12   70  1305.32  8749.14517   8749.1697   4.0  1  1
		 12   70  1586.42  8739.91586   8739.7816   4.0  1  1
		 12   70  1762.64  8733.97402   8734.0234   4.0  1  1
		 12   70  1806.58  8732.47355    8732.424   4.0  1  1
		 12   70  2055.74  8723.82767   8723.7177   4.0  1  1
		 12   70  2091.92  8722.55274   8722.4577   4.0  1  1
		 12   70  2117.30  8721.65533   8721.6595   4.0  1  1
		 12   70  2175.42  8719.59119    8719.629   4.0  1  1
		 12   70  2431.29  8710.35437   8710.4142   4.0  1  1
		 12   70  2515.11  8707.27568   8707.3592   4.0  1  1
		 12   70  2583.13  8704.75852   8704.8601   4.0  1  1
		 12   70  2613.08  8703.64464   8703.7025   4.0  1  1
		 12   70  2678.56  8701.19826   8701.1209   4.0  1  1
		 12   70  3348.97   8675.2642   8675.3983   4.0  1  1
		 12   70  3674.17  8662.11441   8662.1372   4.0  1  1
		 12   70  3824.80  8655.90023    8655.876   4.0  1  1
	offset	58
	niterate 3
	lowreject 3.
	highreject 3.
	coefficients	24
		1.
		4.
		4.
		1.
		1.
		3881.
		59.
		70.
		610686.6949171277
		-4695.155700868924
		-250.8308239107932
		3.617807310212379
		12.63517202746164
		-9.611799499827908
		-1.741102109209027
		-2.260263127435394
		-1.830902644126686
		-0.5895232935969336
		2.395227833418589
		0.2951017703753417
		1.196586173701158
		1.445555615673374
		0.1783657145527417
		2.883885906904378

# Thu 15:38:48 29-Jul-2004
begin	ecidentify refThAr_UVES_860_l_2048x4006
	id	refThAr_UVES_860_l_2048x4006
	task	ecidentify
	image	refThAr_UVES_860_l_2048x4006
	units	angstroms
	features	134
		  1   59  1566.78  10369.5752   10369.526   4.0  1  1
		  1   59  2074.16  10349.0457   10349.048   4.0  1  1
		  1   59  3544.96  10283.1287   10283.116   4.0  1  1
		  2   60   135.48  10247.5466   10247.557   4.0  1  1
		  2   60   990.19  10218.4503   10218.433   4.0  1  1
		  2   60  2033.67  10178.3142    10178.52   4.0  1  1
		  2   60  2914.71   10140.695   10140.431   4.0  1  1
		  2   60  3075.63  10133.4707   10133.566   4.0  1  1
		  2   60  3413.27  10117.9701    10117.99   4.0  1  1
		  3   61    31.42  10082.8526   10082.879   4.0  1  1
		  3   61  2035.06  10011.4845   10011.396   4.0  1  1
		  3   61  2495.73  9992.51999    9992.648   4.0  1  1
		  3   61  2608.28  9987.75084    9987.635   4.0  1  1
		  3   61  2670.12  9985.10801     9985.05   4.0  1  1
		  3   61  2909.36  9974.73636    9974.689   4.0  1  1
		  3   61  3166.46  9963.33316    9963.491   4.0  1  1
		  4   62   595.82  9902.40301    9902.356   4.0  1  1
		  4   62   784.14  9896.09559    9896.048   4.0  1  1
		  4   62  1415.17  9873.75882    9873.815   4.0  1  1
		  4   62  1891.30  9855.71917    9855.742   4.0  1  1
		  4   62  2447.68   9833.3989    9833.423   4.0  1  1
		  4   62  2789.65  9819.04017    9819.178   4.0  1  1
		  4   62  3288.38  9797.25941    9797.245   4.0  1  1
		  4   62  3464.48  9789.33676    9789.511   4.0  1  1
		  5   63  1375.97  9718.50101    9718.492   4.0  1  1
		  5   63  1441.02  9716.14554    9716.142   4.0  1  1
		  5   63  2514.53  9674.64251    9674.791   4.0  1  1
		  5   63  3253.24  9643.32201    9643.319   4.0  1  1
		  5   63  3267.32  9642.70443    9642.478   4.0  1  1
		  5   63  3488.96  9632.87608   9632.6439   4.0  1  1
		  5   63  3561.40  9629.62333   9629.5693   4.0  1  1
		  6   64    96.66   9608.4884    9608.486   4.0  1  1
		  6   64   521.90  9595.40243   9595.3906   4.0  1  1
		  6   64  1066.81  9577.44944   9577.3475   4.0  1  1
		  6   64  1530.44  9561.14916   9561.2452   4.0  1  1
		  6   64  1886.45  9548.00667   9548.0303   4.0  1  1
		  6   64  2208.89  9535.64257   9535.6566   4.0  1  1
		  6   64  2895.60  9507.88343   9507.6525   4.0  1  1
		  6   64  2953.27  9505.46519    9505.393   4.0  1  1
		  6   64  3074.86  9500.32362   9500.2999   4.0  1  1
		  6   64  3186.97  9495.53112   9495.4979   4.0  1  1
		  6   64  3220.67  9494.08045   9494.0442   4.0  1  1
		  6   64  3390.80  9486.69052   9486.9256   4.0  1  1
		  6   64  3662.75  9474.64324   9474.8793   4.0  1  1
		  7   65   283.46  9455.15695   9455.2023   4.0  1  1
		  7   65   863.64  9436.86982   9436.8127   4.0  1  1
		  7   65  1022.65  9431.60622   9431.5996   4.0  1  1
		  7   65  1434.70  9417.46666    9417.457   4.0  1  1
		  7   65  1528.94   9414.1324   9414.0886   4.0  1  1
		  7   65  2165.02  9390.65882   9390.5852   4.0  1  1
		  7   65  2209.81  9388.94282   9388.9308   4.0  1  1
		  7   65  2356.03  9383.28362   9383.2722   4.0  1  1
		  7   65  3391.71  9340.71894   9340.7053   4.0  1  1
		  7   65  3493.82  9336.28968   9336.1624   4.0  1  1
		  8   66    90.41   9317.6407   9317.7296   4.0  1  1
		  8   66   327.43  9310.62931    9310.444   4.0  1  1
		  8   66   417.74  9307.89647   9307.8956   4.0  1  1
		  8   66   831.28  9294.95058    9294.974   4.0  1  1
		  8   66   998.81  9289.50494   9289.5624   4.0  1  1
		  8   66  1636.69   9267.7138   9267.6895   4.0  1  1
		  8   66  2105.23  9250.64655   9250.5782   4.0  1  1
		  8   66  2403.49  9239.31648   9239.3261   4.0  1  1
		  8   66  2543.42  9233.87685   9233.8574   4.0  1  1
		  8   66  2583.87  9232.28939    9232.496   4.0  1  1
		  8   66  2992.38  9215.88865   9215.9197   4.0  1  1
		  8   66  3169.88  9208.55251   9208.5811   4.0  1  1
		  8   66  3380.08  9199.70169   9199.6841   4.0  1  1
		  8   66  3661.37  9187.58017   9187.5654   4.0  1  1
		  9   67    92.44   9178.5801   9178.7795   4.0  1  1
		  9   67   357.25  9170.82629    9170.822   4.0  1  1
		  9   67   523.12  9165.82628    9165.895   4.0  1  1
		  9   67   740.98  9159.09204   9159.0346   4.0  1  1
		  9   67  1310.78  9140.57958   9140.5559   4.0  1  1
		  9   67  1560.91  9132.04199   9132.2739   4.0  1  1
		  9   67  2251.62  9107.16466   9107.2269   4.0  1  1
		  9   67  2414.03  9101.03733    9101.083   4.0  1  1
		  9   67  2581.96  9094.59064   9094.8289   4.0  1  1
		  9   67  2675.89  9090.93561   9090.8186   4.0  1  1
		  9   67  3059.14  9075.65471   9075.3945   4.0  1  1
		  9   67  3210.09  9069.47473   9069.5817   4.0  1  1
		  9   67  3289.58  9066.18318   9066.1115   4.0  1  1
		  9   67  3345.81  9063.83993     9063.96   4.0  1  1
		  9   67  3376.94  9062.53695   9062.5631   4.0  1  1
		  9   67  3528.10  9056.15533   9056.0813   4.0  1  1
		 10   68    28.87   9045.4605   9045.3532   4.0  1  1
		 10   68   213.22  9040.20822   9040.1229   4.0  1  1
		 10   68   297.33  9037.76791   9037.8938   4.0  1  1
		 10   68   358.27  9035.98229   9035.9195   4.0  1  1
		 10   68   495.32  9031.91372   9031.8194   4.0  1  1
		 10   68   962.28  9017.49808   9017.5912   4.0  1  1
		 10   68   988.45  9016.66475   9016.5903   4.0  1  1
		 10   68  1112.69  9012.67256   9012.5263   4.0  1  1
		 10   68  1205.21  9009.66011   9009.8832   4.0  1  1
		 10   68  1631.47  8995.34735   8995.1893   4.0  1  1
		 10   68  2343.46  8969.84637   8969.8667   4.0  1  1
		 10   68  2403.15   8967.6178   8967.6403   4.0  1  1
		 10   68  2655.57  8958.03841    8957.986   4.0  1  1
		 10   68  3073.31  8941.63277   8941.6608   4.0  1  1
		 10   68  3405.85  8928.08063   8928.0925   4.0  1  1
		 10   68  3597.59  8920.06805   8920.2012   4.0  1  1
		 11   69   557.23  8899.23694   8899.2971   4.0  1  1
		 11   69   761.27  8893.07985   8892.9865   4.0  1  1
		 11   69   886.45  8889.22202   8889.1939   4.0  1  1
		 11   69  1322.40  8875.31104   8875.2324   4.0  1  1
		 11   69  1518.71  8868.80605   8868.8334   4.0  1  1
		 11   69  1925.39  8854.85603   8854.9079   4.0  1  1
		 11   69  2284.78  8841.99704   8842.0744   4.0  1  1
		 11   69  2303.47  8841.31464   8841.1822   4.0  1  1
		 11   69  2616.77  8829.67708   8829.6938   4.0  1  1
		 11   69  2929.32  8817.69229   8817.7431   4.0  1  1
		 11   69  2963.25  8816.36881   8816.1728   4.0  1  1
		 11   69  3115.58  8810.37268    8810.254   4.0  1  1
		 11   69  3261.29  8804.55387   8804.5894   4.0  1  1
		 11   69  3410.52  8798.51088    8798.172   4.0  1  0
		 11   69  3607.57  8790.40161   8790.3761   4.0  1  1
		 12   70   440.55  8775.57437   8775.5733   4.0  1  1
		 12   70   536.42  8772.78721   8772.8052   4.0  1  1
		 12   70  1021.84  8758.11652   8758.2434   4.0  1  1
		 12   70  1305.32  8749.12217   8749.1697   4.0  1  1
		 12   70  1586.42  8739.89662   8739.7816   4.0  1  1
		 12   70  1762.64  8733.95913   8734.0234   4.0  1  1
		 12   70  1806.58  8732.45996    8732.424   4.0  1  1
		 12   70  2055.74  8723.82237   8723.7177   4.0  1  1
		 12   70  2091.92  8722.54861   8722.4577   4.0  1  1
		 12   70  2117.30  8721.65229   8721.6595   4.0  1  1
		 12   70  2175.42  8719.59032    8719.629   4.0  1  1
		 12   70  2431.29  8710.36307   8710.4142   4.0  1  1
		 12   70  2515.13  8707.28703   8707.3592   4.0  1  1
		 12   70  2583.13  8704.77283   8704.8601   4.0  1  1
		 12   70  2613.07  8703.66044   8703.7025   4.0  1  1
		 12   70  2678.56  8701.21571   8701.1209   4.0  1  1
		 12   70  3348.97   8675.2945   8675.3983   4.0  1  1
		 12   70  3674.17  8662.14062   8662.1372   4.0  1  1
		 12   70  3824.80  8655.92144    8655.876   4.0  1  1
	offset	58
	niterate 3
	lowreject 3.
	highreject 3.
	coefficients	24
		1.
		4.
		4.
		1.
		1.
		4006.
		59.
		70.
		610518.9463062398
		-4878.676571987815
		-266.3683119016124
		3.262626940384047
		12.85583403275087
		-10.3571406985475
		-1.13037834797747
		-2.118563626349524
		-1.657144643129228
		0.1804648859815583
		2.58747846773137
		-0.2618812726464266
		1.486409515476178
		1.301449974370973
		0.8486589114501125
		2.534372535245859

# Thu 15:43:49 29-Jul-2004
begin	ecidentify refThAr_UVES_860_l_2048x4006
	id	refThAr_UVES_860_l_2048x4006
	task	ecidentify
	image	refThAr_UVES_860_l_2048x4006
	units	angstroms
	features	134
		  1   59  1566.78  10369.5752   10369.526   4.0  1  1
		  1   59  2074.16  10349.0457   10349.048   4.0  1  1
		  1   59  3544.96  10283.1287   10283.116   4.0  1  1
		  2   60   135.48  10247.5466   10247.557   4.0  1  1
		  2   60   990.19  10218.4503   10218.433   4.0  1  1
		  2   60  2033.67  10178.3142    10178.52   4.0  1  1
		  2   60  2914.71   10140.695   10140.431   4.0  1  1
		  2   60  3075.63  10133.4707   10133.566   4.0  1  1
		  2   60  3413.27  10117.9701    10117.99   4.0  1  1
		  3   61    31.42  10082.8526   10082.879   4.0  1  1
		  3   61  2035.06  10011.4845   10011.396   4.0  1  1
		  3   61  2495.73  9992.51999    9992.648   4.0  1  1
		  3   61  2608.28  9987.75084    9987.635   4.0  1  1
		  3   61  2670.12  9985.10801     9985.05   4.0  1  1
		  3   61  2909.36  9974.73636    9974.689   4.0  1  1
		  3   61  3166.46  9963.33316    9963.491   4.0  1  1
		  4   62   595.82  9902.40301    9902.356   4.0  1  1
		  4   62   784.14  9896.09559    9896.048   4.0  1  1
		  4   62  1415.17  9873.75882    9873.815   4.0  1  1
		  4   62  1891.30  9855.71917    9855.742   4.0  1  1
		  4   62  2447.68   9833.3989    9833.423   4.0  1  1
		  4   62  2789.65  9819.04017    9819.178   4.0  1  1
		  4   62  3288.38  9797.25941    9797.245   4.0  1  1
		  4   62  3464.48  9789.33676    9789.511   4.0  1  1
		  5   63  1375.97  9718.50101    9718.492   4.0  1  1
		  5   63  1441.02  9716.14554    9716.142   4.0  1  1
		  5   63  2514.53  9674.64251    9674.791   4.0  1  1
		  5   63  3253.24  9643.32201    9643.319   4.0  1  1
		  5   63  3267.32  9642.70443    9642.478   4.0  1  1
		  5   63  3488.96  9632.87608   9632.6439   4.0  1  1
		  5   63  3561.40  9629.62333   9629.5693   4.0  1  1
		  6   64    96.66   9608.4884    9608.486   4.0  1  1
		  6   64   521.90  9595.40243   9595.3906   4.0  1  1
		  6   64  1066.81  9577.44944   9577.3475   4.0  1  1
		  6   64  1530.44  9561.14916   9561.2452   4.0  1  1
		  6   64  1886.45  9548.00667   9548.0303   4.0  1  1
		  6   64  2208.89  9535.64257   9535.6566   4.0  1  1
		  6   64  2895.60  9507.88343   9507.6525   4.0  1  1
		  6   64  2953.27  9505.46519    9505.393   4.0  1  1
		  6   64  3074.86  9500.32362   9500.2999   4.0  1  1
		  6   64  3186.97  9495.53112   9495.4979   4.0  1  1
		  6   64  3220.67  9494.08045   9494.0442   4.0  1  1
		  6   64  3390.80  9486.69052   9486.9256   4.0  1  1
		  6   64  3662.75  9474.64324   9474.8793   4.0  1  1
		  7   65   283.46  9455.15695   9455.2023   4.0  1  1
		  7   65   863.64  9436.86982   9436.8127   4.0  1  1
		  7   65  1022.65  9431.60622   9431.5996   4.0  1  1
		  7   65  1434.70  9417.46666    9417.457   4.0  1  1
		  7   65  1528.94   9414.1324   9414.0886   4.0  1  1
		  7   65  2165.02  9390.65882   9390.5852   4.0  1  1
		  7   65  2209.81  9388.94282   9388.9308   4.0  1  1
		  7   65  2356.03  9383.28362   9383.2722   4.0  1  1
		  7   65  3391.71  9340.71894   9340.7053   4.0  1  1
		  7   65  3493.82  9336.28968   9336.1624   4.0  1  1
		  8   66    90.41   9317.6407   9317.7296   4.0  1  1
		  8   66   327.43  9310.62931    9310.444   4.0  1  1
		  8   66   417.74  9307.89647   9307.8956   4.0  1  1
		  8   66   831.28  9294.95058    9294.974   4.0  1  1
		  8   66   998.81  9289.50494   9289.5624   4.0  1  1
		  8   66  1636.69   9267.7138   9267.6895   4.0  1  1
		  8   66  2105.23  9250.64655   9250.5782   4.0  1  1
		  8   66  2403.49  9239.31648   9239.3261   4.0  1  1
		  8   66  2543.42  9233.87685   9233.8574   4.0  1  1
		  8   66  2583.87  9232.28939    9232.496   4.0  1  1
		  8   66  2992.38  9215.88865   9215.9197   4.0  1  1
		  8   66  3169.88  9208.55251   9208.5811   4.0  1  1
		  8   66  3380.08  9199.70169   9199.6841   4.0  1  1
		  8   66  3661.37  9187.58017   9187.5654   4.0  1  1
		  9   67    92.44   9178.5801   9178.7795   4.0  1  1
		  9   67   357.25  9170.82629    9170.822   4.0  1  1
		  9   67   523.12  9165.82628    9165.895   4.0  1  1
		  9   67   740.98  9159.09204   9159.0346   4.0  1  1
		  9   67  1310.78  9140.57958   9140.5559   4.0  1  1
		  9   67  1560.91  9132.04199   9132.2739   4.0  1  1
		  9   67  2251.62  9107.16466   9107.2269   4.0  1  1
		  9   67  2414.03  9101.03733    9101.083   4.0  1  1
		  9   67  2581.96  9094.59064   9094.8289   4.0  1  1
		  9   67  2675.89  9090.93561   9090.8186   4.0  1  1
		  9   67  3059.14  9075.65471   9075.3945   4.0  1  1
		  9   67  3210.09  9069.47473   9069.5817   4.0  1  1
		  9   67  3289.58  9066.18318   9066.1115   4.0  1  1
		  9   67  3345.81  9063.83993     9063.96   4.0  1  1
		  9   67  3376.94  9062.53695   9062.5631   4.0  1  1
		  9   67  3528.10  9056.15533   9056.0813   4.0  1  1
		 10   68    28.87   9045.4605   9045.3532   4.0  1  1
		 10   68   213.22  9040.20822   9040.1229   4.0  1  1
		 10   68   297.33  9037.76791   9037.8938   4.0  1  1
		 10   68   358.27  9035.98229   9035.9195   4.0  1  1
		 10   68   495.32  9031.91372   9031.8194   4.0  1  1
		 10   68   962.28  9017.49808   9017.5912   4.0  1  1
		 10   68   988.45  9016.66475   9016.5903   4.0  1  1
		 10   68  1112.69  9012.67256   9012.5263   4.0  1  1
		 10   68  1205.21  9009.66011   9009.8832   4.0  1  1
		 10   68  1631.47  8995.34735   8995.1893   4.0  1  1
		 10   68  2343.46  8969.84637   8969.8667   4.0  1  1
		 10   68  2403.15   8967.6178   8967.6403   4.0  1  1
		 10   68  2655.57  8958.03841    8957.986   4.0  1  1
		 10   68  3073.31  8941.63277   8941.6608   4.0  1  1
		 10   68  3405.85  8928.08063   8928.0925   4.0  1  1
		 10   68  3597.59  8920.06805   8920.2012   4.0  1  1
		 11   69   557.23  8899.23694   8899.2971   4.0  1  1
		 11   69   761.27  8893.07985   8892.9865   4.0  1  1
		 11   69   886.45  8889.22202   8889.1939   4.0  1  1
		 11   69  1322.40  8875.31104   8875.2324   4.0  1  1
		 11   69  1518.71  8868.80605   8868.8334   4.0  1  1
		 11   69  1925.39  8854.85603   8854.9079   4.0  1  1
		 11   69  2284.78  8841.99704   8842.0744   4.0  1  1
		 11   69  2303.47  8841.31464   8841.1822   4.0  1  1
		 11   69  2616.77  8829.67708   8829.6938   4.0  1  1
		 11   69  2929.32  8817.69229   8817.7431   4.0  1  1
		 11   69  2963.25  8816.36881   8816.1728   4.0  1  1
		 11   69  3115.58  8810.37268    8810.254   4.0  1  1
		 11   69  3261.29  8804.55387   8804.5894   4.0  1  1
		 11   69  3410.52  8798.51088    8798.172   4.0  1  0
		 11   69  3607.57  8790.40161   8790.3761   4.0  1  1
		 12   70   440.55  8775.57437   8775.5733   4.0  1  1
		 12   70   536.42  8772.78721   8772.8052   4.0  1  1
		 12   70  1021.84  8758.11652   8758.2434   4.0  1  1
		 12   70  1305.32  8749.12217   8749.1697   4.0  1  1
		 12   70  1586.42  8739.89662   8739.7816   4.0  1  1
		 12   70  1762.64  8733.95913   8734.0234   4.0  1  1
		 12   70  1806.58  8732.45996    8732.424   4.0  1  1
		 12   70  2055.74  8723.82237   8723.7177   4.0  1  1
		 12   70  2091.92  8722.54861   8722.4577   4.0  1  1
		 12   70  2117.30  8721.65229   8721.6595   4.0  1  1
		 12   70  2175.42  8719.59032    8719.629   4.0  1  1
		 12   70  2431.29  8710.36307   8710.4142   4.0  1  1
		 12   70  2515.13  8707.28703   8707.3592   4.0  1  1
		 12   70  2583.13  8704.77283   8704.8601   4.0  1  1
		 12   70  2613.07  8703.66044   8703.7025   4.0  1  1
		 12   70  2678.56  8701.21571   8701.1209   4.0  1  1
		 12   70  3348.97   8675.2945   8675.3983   4.0  1  1
		 12   70  3674.17  8662.14062   8662.1372   4.0  1  1
		 12   70  3824.80  8655.92144    8655.876   4.0  1  1
	offset	58
	niterate 3
	lowreject 3.
	highreject 3.
	coefficients	24
		1.
		4.
		4.
		1.
		1.
		4006.
		59.
		70.
		610518.9463062398
		-4878.676571987815
		-266.3683119016124
		3.262626940384047
		12.85583403275087
		-10.3571406985475
		-1.13037834797747
		-2.118563626349524
		-1.657144643129228
		0.1804648859815583
		2.58747846773137
		-0.2618812726464266
		1.486409515476178
		1.301449974370973
		0.8486589114501125
		2.534372535245859

# Thu 15:59:09 29-Jul-2004
begin	ecidentify refThAr_UVES_860_l_2048x4006
	id	refThAr_UVES_860_l_2048x4006
	task	ecidentify
	image	refThAr_UVES_860_l_2048x4006
	units	angstroms
	features	16
		  1   59  1885.01  1889.01196   10358.168   4.0  1  1
		  1   59  2089.90   2093.8999   10349.048   4.0  1  1
		  1   59  3005.62  3009.61621   10308.544   4.0  1  1
		  1   59  3561.15  3565.15259   10283.116   4.0  1  1
		  2   60   149.26  153.256714   10247.557   4.0  1  1
		  2   60   499.31  503.311462   10236.028   4.0  1  1
		  2   60  1003.48  1007.47913   10218.433   4.0  1  1
		  2   60  2043.44  2047.44421    10178.52   4.0  1  1
		  2   60  2129.24  2133.24072   10175.008   4.0  1  1
		  2   60  3564.02  3568.01758   10111.874   4.0  1  1
		  3   61    16.47  20.4692764   10083.785   4.0  1  1
		  3   61  1324.74  1328.74036   10039.364   4.0  1  1
		  3   61  2051.13  2055.12573   10011.396   4.0  1  1
		  3   61  3021.52  3025.51953    9970.463   4.0  1  1
		  3   61  3623.46  3627.45557    9943.064   4.0  1  1
		  4   62  3326.30   3330.2981      9796.2   4.0  1  1
	offset	58

# Thu 16:14:07 29-Jul-2004
begin	ecidentify refThAr_UVES_860_l_2048x4006
	id	refThAr_UVES_860_l_2048x4006
	task	ecidentify
	image	refThAr_UVES_860_l_2048x4006
	units	angstroms
	features	40
		  1   59  1885.01  1889.01196   10358.168   4.0  1  1
		  1   59  2089.90   2093.8999   10349.048   4.0  1  1
		  1   59  3005.62  3009.61621   10308.544   4.0  1  1
		  1   59  3561.15  3565.15259   10283.116   4.0  1  1
		  2   60   149.26  153.256714   10247.557   4.0  1  1
		  2   60   499.31  503.311462   10236.028   4.0  1  1
		  2   60  1003.48  1007.47913   10218.433   4.0  1  1
		  2   60  2043.44  2047.44421    10178.52   4.0  1  1
		  2   60  2129.24  2133.24072   10175.008   4.0  1  1
		  2   60  3564.02  3568.01758   10111.874   4.0  1  1
		  3   61    16.47  20.4692764   10083.785   4.0  1  1
		  3   61  1324.74  1328.74036   10039.364   4.0  1  1
		  3   61  2051.13  2055.12573   10011.396   4.0  1  1
		  3   61  3021.52  3025.51953    9970.463   4.0  1  1
		  3   61  3623.46  3627.45557    9943.064   4.0  1  1
		  4   62   180.66  184.658875     9916.12   4.0  1  1
		  4   62   609.05  613.049011    9902.356   4.0  1  1
		  4   62  1425.27  1429.27295    9873.815   4.0  1  1
		  4   62  1903.63  1907.62817    9855.742   4.0  1  1
		  4   62  2800.95  2804.94507    9819.178   4.0  1  1
		  4   62  3326.30   3330.2981      9796.2   4.0  1  1
		  5   63   232.54  236.543655     9757.22   4.0  1  1
		  5   63   348.88  352.876038    9753.592   4.0  1  1
		  5   63   663.24  667.239441    9743.562   4.0  1  1
		  5   63  1387.96  1391.96472    9718.492   4.0  1  1
		  5   63  1453.10  1457.10461    9716.142   4.0  1  1
		  5   63  2254.31  2258.31226    9685.677   4.0  1  1
		  5   63  2524.58  2528.57788    9674.791   4.0  1  1
		  5   63  3267.32  3271.31519    9643.319   4.0  1  1
		  5   63  3672.50  3676.49756    9625.198   4.0  1  1
		  5   63  3795.16  3799.15771    9619.218   4.0  1  1
		  6   64    96.66  100.656235    9608.936   4.0  1  1
		  6   64   111.75  115.754272    9608.486   4.0  1  1
		  6   64   687.63  691.629578    9590.343   4.0  1  1
		  6   64   794.43  798.434509    9587.027   4.0  1  1
		  6   64  1540.17  1544.17432   9561.2452   4.0  1  1
		  6   64  1904.14  1908.14331   9548.0303   4.0  1  1
		  6   64  3089.09  3093.09131   9500.2999   4.0  1  1
		  6   64  3399.09  3403.09473   9486.9256   4.0  1  1
		  6   64  3764.14  3768.14453   9470.6819   4.0  1  1
	offset	58

# Thu 16:23:01 29-Jul-2004
begin	ecidentify refThAr_UVES_860_l_2048x4006
	id	refThAr_UVES_860_l_2048x4006
	task	ecidentify
	image	refThAr_UVES_860_l_2048x4006
	units	angstroms
	features	58
		  1   59  1885.01  1889.01196   10358.168   4.0  1  1
		  1   59  2089.90   2093.8999   10349.048   4.0  1  1
		  1   59  3005.62  3009.61621   10308.544   4.0  1  1
		  1   59  3561.15  3565.15259   10283.116   4.0  1  1
		  2   60   149.26  153.256714   10247.557   4.0  1  1
		  2   60   499.31  503.311462   10236.028   4.0  1  1
		  2   60  1003.48  1007.47913   10218.433   4.0  1  1
		  2   60  2043.44  2047.44421    10178.52   4.0  1  1
		  2   60  2129.24  2133.24072   10175.008   4.0  1  1
		  2   60  3564.02  3568.01758   10111.874   4.0  1  1
		  3   61    16.47  20.4692764   10083.785   4.0  1  1
		  3   61  1324.74  1328.74036   10039.364   4.0  1  1
		  3   61  2051.13  2055.12573   10011.396   4.0  1  1
		  3   61  3021.52  3025.51953    9970.463   4.0  1  1
		  3   61  3623.46  3627.45557    9943.064   4.0  1  1
		  4   62   180.66  184.658875     9916.12   4.0  1  1
		  4   62   609.05  613.049011    9902.356   4.0  1  1
		  4   62  1425.27  1429.27295    9873.815   4.0  1  1
		  4   62  1903.63  1907.62817    9855.742   4.0  1  1
		  4   62  2800.95  2804.94507    9819.178   4.0  1  1
		  4   62  3326.30   3330.2981      9796.2   4.0  1  1
		  5   63   232.54  236.543655     9757.22   4.0  1  1
		  5   63   348.88  352.876038    9753.592   4.0  1  1
		  5   63   663.24  667.239441    9743.562   4.0  1  1
		  5   63  1387.96  1391.96472    9718.492   4.0  1  1
		  5   63  1453.10  1457.10461    9716.142   4.0  1  1
		  5   63  2254.31  2258.31226    9685.677   4.0  1  1
		  5   63  2524.58  2528.57788    9674.791   4.0  1  1
		  5   63  3267.32  3271.31519    9643.319   4.0  1  1
		  5   63  3672.50  3676.49756    9625.198   4.0  1  1
		  5   63  3795.16  3799.15771    9619.218   4.0  1  1
		  6   64    96.66  100.656235    9608.936   4.0  1  1
		  6   64   111.75  115.754272    9608.486   4.0  1  1
		  6   64   687.63  691.629578    9590.343   4.0  1  1
		  6   64   794.43  798.434509    9587.027   4.0  1  1
		  6   64  1540.17  1544.17432   9561.2452   4.0  1  1
		  6   64  1904.14  1908.14331   9548.0303   4.0  1  1
		  6   64  3089.09  3093.09131   9500.2999   4.0  1  1
		  6   64  3399.09  3403.09473   9486.9256   4.0  1  1
		  6   64  3764.14  3768.14453   9470.6819   4.0  1  1
		  7   65   296.29  300.288025   9455.2023   4.0  1  1
		  7   65  1543.17   1547.1665   9414.0886   4.0  1  1
		  7   65  2179.95   2183.9519   9390.5852   4.0  1  1
		  7   65  2223.09  2227.09424   9388.9308   4.0  1  1
		  7   65  3405.96   3409.9585   9340.7053   4.0  1  1
		  7   65  3925.57  3929.57227   9317.7296   4.0  1  1
		  8   66    25.68  29.6828175    9320.071   4.0  1  1
		  8   66   101.91  105.908516   9317.7296   4.0  1  1
		  8   66   432.33  436.331238   9307.8956   4.0  1  1
		  8   66  1552.19  1556.19373    9271.181   4.0  1  1
		  8   66  1581.45  1585.45068   9270.1501   4.0  1  1
		  8   66  3182.54  3186.53784   9208.5811   4.0  1  1
		  8   66  3536.79  3540.78882   9193.5928   4.0  1  1
		  8   66  3675.96  3679.96021   9187.5654   4.0  1  1
		  9   67  1326.23  1330.22656   9140.5559   4.0  1  1
		  9   67  2426.13  2430.12549    9101.083   4.0  1  1
		  9   67  3913.82  3917.81836   9040.1229   4.0  1  1
		  9   67  3964.48  3968.47949   9037.8938   4.0  1  1
	offset	58

# Thu 16:36:47 29-Jul-2004
begin	ecidentify refThAr_UVES_860_l_2048x4006
	id	refThAr_UVES_860_l_2048x4006
	task	ecidentify
	image	refThAr_UVES_860_l_2048x4006
	units	angstroms
	features	85
		  1   59  1584.00  1587.99597   10369.526   4.0  1  1
		  1   59  1885.01  1889.01196   10358.168   4.0  1  1
		  1   59  2089.90   2093.8999   10349.048   4.0  1  1
		  1   59  2832.99  2836.98975   10316.891   4.0  1  1
		  1   59  3005.62  3009.61621   10308.544   4.0  1  1
		  1   59  3561.15  3565.15259   10283.116   4.0  1  1
		  2   60   149.26  153.256714   10247.557   4.0  1  1
		  2   60   499.31  503.311462   10236.028   4.0  1  1
		  2   60  1003.48  1007.47913   10218.433   4.0  1  1
		  2   60  2043.44  2047.44421    10178.52   4.0  1  1
		  2   60  2129.24  2133.24072   10175.008   4.0  1  1
		  2   60  3427.76  3431.75562    10117.99   4.0  1  1
		  2   60  3564.02  3568.01758   10111.874   4.0  1  1
		  3   61    16.47  20.4692764   10083.785   4.0  1  1
		  3   61  1324.74  1328.74036   10039.364   4.0  1  1
		  3   61  2051.13  2055.12573   10011.396   4.0  1  1
		  3   61  3021.52  3025.51953    9970.463   4.0  1  1
		  3   61  3623.46  3627.45557    9943.064   4.0  1  1
		  4   62   180.66  184.658875     9916.12   4.0  1  1
		  4   62   609.05  613.049011    9902.356   4.0  1  1
		  4   62  1425.27  1429.27295    9873.815   4.0  1  1
		  4   62  1903.63  1907.62817    9855.742   4.0  1  1
		  4   62  2800.95  2804.94507    9819.178   4.0  1  1
		  4   62  3326.30   3330.2981      9796.2   4.0  1  1
		  5   63   232.54  236.543655     9757.22   4.0  1  1
		  5   63   348.88  352.876038    9753.592   4.0  1  1
		  5   63   663.24  667.239441    9743.562   4.0  1  1
		  5   63  1387.96  1391.96472    9718.492   4.0  1  1
		  5   63  1453.10  1457.10461    9716.142   4.0  1  1
		  5   63  2254.31  2258.31226    9685.677   4.0  1  1
		  5   63  2524.58  2528.57788    9674.791   4.0  1  1
		  5   63  3267.32  3271.31519    9643.319   4.0  1  1
		  5   63  3672.50  3676.49756    9625.198   4.0  1  1
		  5   63  3795.16  3799.15771    9619.218   4.0  1  1
		  6   64    96.66  100.656235    9608.936   4.0  1  1
		  6   64   111.75  115.754272    9608.486   4.0  1  1
		  6   64   687.63  691.629578    9590.343   4.0  1  1
		  6   64   794.43  798.434509    9587.027   4.0  1  1
		  6   64  1540.17  1544.17432   9561.2452   4.0  1  1
		  6   64  1904.14  1908.14331   9548.0303   4.0  1  1
		  6   64  3089.09  3093.09131   9500.2999   4.0  1  1
		  6   64  3399.09  3403.09473   9486.9256   4.0  1  1
		  6   64  3764.14  3768.14453   9470.6819   4.0  1  1
		  7   65   296.29  300.288025   9455.2023   4.0  1  1
		  7   65  1543.17   1547.1665   9414.0886   4.0  1  1
		  7   65  2179.95   2183.9519   9390.5852   4.0  1  1
		  7   65  2223.09  2227.09424   9388.9308   4.0  1  1
		  7   65  3405.96   3409.9585   9340.7053   4.0  1  1
		  7   65  3925.57  3929.57227   9317.7296   4.0  1  1
		  8   66    25.68  29.6828175    9320.071   4.0  1  1
		  8   66   101.91  105.908516   9317.7296   4.0  1  1
		  8   66   432.33  436.331238   9307.8956   4.0  1  1
		  8   66  1552.19  1556.19373    9271.181   4.0  1  1
		  8   66  1581.45  1585.45068   9270.1501   4.0  1  1
		  8   66  3182.54  3186.53784   9208.5811   4.0  1  1
		  8   66  3536.79  3540.78882   9193.5928   4.0  1  1
		  8   66  3675.96  3679.96021   9187.5654   4.0  1  1
		  9   67    99.49   103.49411   9178.7795   4.0  1  1
		  9   67  1326.23  1330.22656   9140.5559   4.0  1  1
		  9   67  2426.13  2430.12549    9101.083   4.0  1  1
		  9   67  3913.82  3917.81836   9040.1229   4.0  1  1
		  9   67  3964.48  3968.47949   9037.8938   4.0  1  1
		 10   68    45.97  49.9701233   9045.3532   4.0  1  1
		 10   68   230.40  234.401169   9040.1229   4.0  1  1
		 10   68   279.64  283.639008   9038.6911   4.0  1  1
		 10   68   307.35  311.348907   9037.8938   4.0  1  1
		 10   68  1006.27  1010.26935   9016.5903   4.0  1  1
		 10   68  2060.46  2064.46265    8980.739   4.0  1  1
		 10   68  3086.16   3090.1582   8941.6608   4.0  1  1
		 10   68  3828.79  3832.79297   8910.8566   4.0  1  1
		 11   69   169.85  173.846954   8910.8566   4.0  1  1
		 11   69   779.48  783.476196   8892.9865   4.0  1  1
		 11   69  1764.57  1768.56616    8860.976   4.0  1  1
		 11   69  2630.80  2634.79834   8829.6938   4.0  1  1
		 11   69  3432.87  3436.86548    8798.172   4.0  1  1
		 11   69  3581.88  3585.87769   8792.0572   4.0  1  1
		 11   69  3973.15  3977.14746   8775.5733   4.0  1  1
		 12   70   201.89  205.891449   8782.7156   4.0  1  1
		 12   70   961.12  965.121521   8760.4496   4.0  1  1
		 12   70  1823.34  1827.33569   8734.0234   4.0  1  1
		 12   70  2055.74  2059.73926   8724.3761   4.0  1  1
		 12   70  2445.62  2449.61523   8710.4142   4.0  1  1
		 12   70  2477.85  2481.84863   8709.2341   4.0  1  1
		 12   70  3044.58  3048.58008    8687.848   4.0  1  1
		 12   70  3838.60  3842.60156    8655.876   4.0  1  1
	offset	58

# Thu 16:49:42 29-Jul-2004
begin	ecidentify refThAr_UVES_860_l_2048x4006
	id	refThAr_UVES_860_l_2048x4006
	task	ecidentify
	image	refThAr_UVES_860_l_2048x4006
	units	angstroms
	features	105
		  1   59  1584.00  1587.99597   10369.526   4.0  1  1
		  1   59  1885.01  1889.01196   10358.168   4.0  1  1
		  1   59  2089.90   2093.8999   10349.048   4.0  1  1
		  1   59  2832.99  2836.98975   10316.891   4.0  1  1
		  1   59  3005.62  3009.61621   10308.544   4.0  1  1
		  1   59  3561.15  3565.15259   10283.116   4.0  1  1
		  2   60   149.26  153.256714   10247.557   4.0  1  1
		  2   60   499.31  503.311462   10236.028   4.0  1  1
		  2   60  1003.48  1007.47913   10218.433   4.0  1  1
		  2   60  1117.72   1121.7179   10214.438   4.0  1  1
		  2   60  1193.32  1197.31714   10211.533   4.0  1  1
		  2   60  1796.99  1800.98877   10188.416   4.0  1  1
		  2   60  2003.60  2007.60071   10180.594   4.0  1  1
		  2   60  2043.44  2047.44421    10178.52   4.0  1  1
		  2   60  2129.24  2133.24072   10175.008   4.0  1  1
		  2   60  2914.71  2918.70581   10141.397   4.0  1  1
		  2   60  2936.24  2940.24316   10140.431   4.0  1  1
		  2   60  3089.09  3093.09351   10133.566   4.0  1  1
		  2   60  3427.76  3431.75562    10117.99   4.0  1  1
		  2   60  3564.02  3568.01758   10111.874   4.0  1  1
		  3   61    16.47  20.4692764   10083.785   4.0  1  1
		  3   61    45.81  49.8062477   10082.879   4.0  1  1
		  3   61   152.14  156.135605   10079.541   4.0  1  1
		  3   61   854.30    858.2995   10056.209   4.0  1  1
		  3   61  1161.96  1165.95789   10045.313   4.0  1  1
		  3   61  1324.74  1328.74036   10039.364   4.0  1  1
		  3   61  1385.03  1389.02527   10037.119   4.0  1  1
		  3   61  1489.72  1493.72485   10033.222   4.0  1  1
		  3   61  2051.13  2055.12573   10011.396   4.0  1  1
		  3   61  2356.01  2360.01172     9998.96   4.0  1  1
		  3   61  2478.47  2482.47095    9993.863   4.0  1  1
		  3   61  2507.44  2511.43823    9992.648   4.0  1  1
		  3   61  2571.76  2575.76392    9989.938   4.0  1  1
		  3   61  2625.92  2629.91797    9987.635   4.0  1  1
		  3   61  2686.49  2690.49463     9985.05   4.0  1  1
		  3   61  3021.52  3025.51953    9970.463   4.0  1  1
		  3   61  3177.82  3181.82202    9963.491   4.0  1  1
		  3   61  3623.46  3627.45557    9943.064   4.0  1  1
		  4   62   180.66  184.658875     9916.12   4.0  1  1
		  4   62   609.05  613.049011    9902.356   4.0  1  1
		  4   62  1425.27  1429.27295    9873.815   4.0  1  1
		  4   62  1903.63  1907.62817    9855.742   4.0  1  1
		  4   62  2800.95  2804.94507    9819.178   4.0  1  1
		  4   62  3326.30   3330.2981      9796.2   4.0  1  1
		  5   63   232.54  236.543655     9757.22   4.0  1  1
		  5   63   348.88  352.876038    9753.592   4.0  1  1
		  5   63   663.24  667.239441    9743.562   4.0  1  1
		  5   63  1387.96  1391.96472    9718.492   4.0  1  1
		  5   63  1453.10  1457.10461    9716.142   4.0  1  1
		  5   63  2254.31  2258.31226    9685.677   4.0  1  1
		  5   63  2524.58  2528.57788    9674.791   4.0  1  1
		  5   63  3267.32  3271.31519    9643.319   4.0  1  1
		  5   63  3672.50  3676.49756    9625.198   4.0  1  1
		  5   63  3795.16  3799.15771    9619.218   4.0  1  1
		  6   64    96.66  100.656235    9608.936   4.0  1  1
		  6   64   111.75  115.754272    9608.486   4.0  1  1
		  6   64   687.63  691.629578    9590.343   4.0  1  1
		  6   64   794.43  798.434509    9587.027   4.0  1  1
		  6   64  1540.17  1544.17432   9561.2452   4.0  1  1
		  6   64  1904.14  1908.14331   9548.0303   4.0  1  1
		  6   64  3089.09  3093.09131   9500.2999   4.0  1  1
		  6   64  3399.09  3403.09473   9486.9256   4.0  1  1
		  6   64  3764.14  3768.14453   9470.6819   4.0  1  1
		  7   65   296.29  300.288025   9455.2023   4.0  1  1
		  7   65  1543.17   1547.1665   9414.0886   4.0  1  1
		  7   65  2179.95   2183.9519   9390.5852   4.0  1  1
		  7   65  2223.09  2227.09424   9388.9308   4.0  1  1
		  7   65  3405.96   3409.9585   9340.7053   4.0  1  1
		  7   65  3925.57  3929.57227   9317.7296   4.0  1  1
		  8   66    25.68  29.6828175    9320.071   4.0  1  1
		  8   66   101.91  105.908516   9317.7296   4.0  1  1
		  8   66   432.33  436.331238   9307.8956   4.0  1  1
		  8   66  1552.19  1556.19373    9271.181   4.0  1  1
		  8   66  1581.45  1585.45068   9270.1501   4.0  1  1
		  8   66  3182.54  3186.53784   9208.5811   4.0  1  1
		  8   66  3536.79  3540.78882   9193.5928   4.0  1  1
		  8   66  3675.96  3679.96021   9187.5654   4.0  1  1
		  9   67    99.49   103.49411   9178.7795   4.0  1  1
		  9   67  1326.23  1330.22656   9140.5559   4.0  1  1
		  9   67  2426.13  2430.12549    9101.083   4.0  1  1
		  9   67  3913.82  3917.81836   9040.1229   4.0  1  1
		  9   67  3964.48  3968.47949   9037.8938   4.0  1  1
		 10   68    45.97  49.9701233   9045.3532   4.0  1  1
		 10   68   230.40  234.401169   9040.1229   4.0  1  1
		 10   68   279.64  283.639008   9038.6911   4.0  1  1
		 10   68   307.35  311.348907   9037.8938   4.0  1  1
		 10   68  1006.27  1010.26935   9016.5903   4.0  1  1
		 10   68  2060.46  2064.46265    8980.739   4.0  1  1
		 10   68  3086.16   3090.1582   8941.6608   4.0  1  1
		 10   68  3828.79  3832.79297   8910.8566   4.0  1  1
		 11   69   169.85  173.846954   8910.8566   4.0  1  1
		 11   69   779.48  783.476196   8892.9865   4.0  1  1
		 11   69  1764.57  1768.56616    8860.976   4.0  1  1
		 11   69  2630.80  2634.79834   8829.6938   4.0  1  1
		 11   69  3432.87  3436.86548    8798.172   4.0  1  1
		 11   69  3581.88  3585.87769   8792.0572   4.0  1  1
		 11   69  3973.15  3977.14746   8775.5733   4.0  1  1
		 12   70   201.89  205.891449   8782.7156   4.0  1  1
		 12   70   961.12  965.121521   8760.4496   4.0  1  1
		 12   70  1823.34  1827.33569   8734.0234   4.0  1  1
		 12   70  2055.74  2059.73926   8724.3761   4.0  1  1
		 12   70  2445.62  2449.61523   8710.4142   4.0  1  1
		 12   70  2477.85  2481.84863   8709.2341   4.0  1  1
		 12   70  3044.58  3048.58008    8687.848   4.0  1  1
		 12   70  3838.60  3842.60156    8655.876   4.0  1  1
	offset	58

# Thu 16:56:42 29-Jul-2004
begin	ecidentify refThAr_UVES_860_l_2048x4006
	id	refThAr_UVES_860_l_2048x4006
	task	ecidentify
	image	refThAr_UVES_860_l_2048x4006
	units	angstroms
	features	121
		  1   59  1584.00  1587.99597   10369.526   4.0  1  1
		  1   59  1885.01  1889.01196   10358.168   4.0  1  1
		  1   59  2089.90   2093.8999   10349.048   4.0  1  1
		  1   59  2832.99  2836.98975   10316.891   4.0  1  1
		  1   59  3005.62  3009.61621   10308.544   4.0  1  1
		  1   59  3561.15  3565.15259   10283.116   4.0  1  1
		  2   60   149.26  153.256714   10247.557   4.0  1  1
		  2   60   499.31  503.311462   10236.028   4.0  1  1
		  2   60  1003.48  1007.47913   10218.433   4.0  1  1
		  2   60  1117.72   1121.7179   10214.438   4.0  1  1
		  2   60  1193.32  1197.31714   10211.533   4.0  1  1
		  2   60  1796.99  1800.98877   10188.416   4.0  1  1
		  2   60  2003.60  2007.60071   10180.594   4.0  1  1
		  2   60  2043.44  2047.44421    10178.52   4.0  1  1
		  2   60  2129.24  2133.24072   10175.008   4.0  1  1
		  2   60  2914.71  2918.70581   10141.397   4.0  1  1
		  2   60  2936.24  2940.24316   10140.431   4.0  1  1
		  2   60  3089.09  3093.09351   10133.566   4.0  1  1
		  2   60  3427.76  3431.75562    10117.99   4.0  1  1
		  2   60  3564.02  3568.01758   10111.874   4.0  1  1
		  3   61    16.47  20.4692764   10083.785   4.0  1  1
		  3   61    45.81  49.8062477   10082.879   4.0  1  1
		  3   61   152.14  156.135605   10079.541   4.0  1  1
		  3   61   854.30    858.2995   10056.209   4.0  1  1
		  3   61  1161.96  1165.95789   10045.313   4.0  1  1
		  3   61  1324.74  1328.74036   10039.364   4.0  1  1
		  3   61  1385.03  1389.02527   10037.119   4.0  1  1
		  3   61  1489.72  1493.72485   10033.222   4.0  1  1
		  3   61  2051.13  2055.12573   10011.396   4.0  1  1
		  3   61  2356.01  2360.01172     9998.96   4.0  1  1
		  3   61  2478.47  2482.47095    9993.863   4.0  1  1
		  3   61  2507.44  2511.43823    9992.648   4.0  1  1
		  3   61  2571.76  2575.76392    9989.938   4.0  1  1
		  3   61  2625.92  2629.91797    9987.635   4.0  1  1
		  3   61  2686.49  2690.49463     9985.05   4.0  1  1
		  3   61  3021.52  3025.51953    9970.463   4.0  1  1
		  3   61  3177.82  3181.82202    9963.491   4.0  1  1
		  3   61  3623.46  3627.45557    9943.064   4.0  1  1
		  4   62   180.66  184.658875     9916.12   4.0  1  1
		  4   62   305.72  309.724426     9912.12   4.0  1  1
		  4   62   609.05  613.049011    9902.356   4.0  1  1
		  4   62   728.92   732.92157    9898.354   4.0  1  1
		  4   62   797.15  801.154724    9896.048   4.0  1  1
		  4   62  1425.27  1429.27295    9873.815   4.0  1  1
		  4   62  1458.06  1462.06006     9872.63   4.0  1  1
		  4   62  1474.82  1478.82227    9871.995   4.0  1  1
		  4   62  1557.88  1561.88306    9868.921   4.0  1  1
		  4   62  1585.03  1589.03052    9867.891   4.0  1  1
		  4   62  1656.08  1660.07556    9865.449   4.0  1  1
		  4   62  1672.62  1676.62158    9864.598   4.0  1  1
		  4   62  1903.63  1907.62817    9855.742   4.0  1  1
		  4   62  2158.91  2162.91382    9845.684   4.0  1  1
		  4   62  2461.23  2465.22778    9833.423   4.0  1  1
		  4   62  2503.48  2507.48047    9831.669   4.0  1  1
		  4   62  2629.00  2632.99756    9826.449   4.0  1  1
		  4   62  2800.95  2804.94507    9819.178   4.0  1  1
		  4   62  2951.77  2955.77002    9812.697   4.0  1  1
		  4   62  3302.66   3306.6604    9797.245   4.0  1  1
		  4   62  3326.30   3330.2981      9796.2   4.0  1  1
		  4   62  3905.33  3909.33398    9769.535   4.0  1  1
		  5   63   232.54  236.543655     9757.22   4.0  1  1
		  5   63   348.88  352.876038    9753.592   4.0  1  1
		  5   63   663.24  667.239441    9743.562   4.0  1  1
		  5   63  1387.96  1391.96472    9718.492   4.0  1  1
		  5   63  1453.10  1457.10461    9716.142   4.0  1  1
		  5   63  2254.31  2258.31226    9685.677   4.0  1  1
		  5   63  2524.58  2528.57788    9674.791   4.0  1  1
		  5   63  3267.32  3271.31519    9643.319   4.0  1  1
		  5   63  3672.50  3676.49756    9625.198   4.0  1  1
		  5   63  3795.16  3799.15771    9619.218   4.0  1  1
		  6   64    96.66  100.656235    9608.936   4.0  1  1
		  6   64   111.75  115.754272    9608.486   4.0  1  1
		  6   64   687.63  691.629578    9590.343   4.0  1  1
		  6   64   794.43  798.434509    9587.027   4.0  1  1
		  6   64  1540.17  1544.17432   9561.2452   4.0  1  1
		  6   64  1904.14  1908.14331   9548.0303   4.0  1  1
		  6   64  3089.09  3093.09131   9500.2999   4.0  1  1
		  6   64  3399.09  3403.09473   9486.9256   4.0  1  1
		  6   64  3764.14  3768.14453   9470.6819   4.0  1  1
		  7   65   296.29  300.288025   9455.2023   4.0  1  1
		  7   65  1543.17   1547.1665   9414.0886   4.0  1  1
		  7   65  2179.95   2183.9519   9390.5852   4.0  1  1
		  7   65  2223.09  2227.09424   9388.9308   4.0  1  1
		  7   65  3405.96   3409.9585   9340.7053   4.0  1  1
		  7   65  3925.57  3929.57227   9317.7296   4.0  1  1
		  8   66    25.68  29.6828175    9320.071   4.0  1  1
		  8   66   101.91  105.908516   9317.7296   4.0  1  1
		  8   66   432.33  436.331238   9307.8956   4.0  1  1
		  8   66  1552.19  1556.19373    9271.181   4.0  1  1
		  8   66  1581.45  1585.45068   9270.1501   4.0  1  1
		  8   66  3182.54  3186.53784   9208.5811   4.0  1  1
		  8   66  3536.79  3540.78882   9193.5928   4.0  1  1
		  8   66  3675.96  3679.96021   9187.5654   4.0  1  1
		  9   67    99.49   103.49411   9178.7795   4.0  1  1
		  9   67  1326.23  1330.22656   9140.5559   4.0  1  1
		  9   67  2426.13  2430.12549    9101.083   4.0  1  1
		  9   67  3913.82  3917.81836   9040.1229   4.0  1  1
		  9   67  3964.48  3968.47949   9037.8938   4.0  1  1
		 10   68    45.97  49.9701233   9045.3532   4.0  1  1
		 10   68   230.40  234.401169   9040.1229   4.0  1  1
		 10   68   279.64  283.639008   9038.6911   4.0  1  1
		 10   68   307.35  311.348907   9037.8938   4.0  1  1
		 10   68  1006.27  1010.26935   9016.5903   4.0  1  1
		 10   68  2060.46  2064.46265    8980.739   4.0  1  1
		 10   68  3086.16   3090.1582   8941.6608   4.0  1  1
		 10   68  3828.79  3832.79297   8910.8566   4.0  1  1
		 11   69   169.85  173.846954   8910.8566   4.0  1  1
		 11   69   779.48  783.476196   8892.9865   4.0  1  1
		 11   69  1764.57  1768.56616    8860.976   4.0  1  1
		 11   69  2630.80  2634.79834   8829.6938   4.0  1  1
		 11   69  3432.87  3436.86548    8798.172   4.0  1  1
		 11   69  3581.88  3585.87769   8792.0572   4.0  1  1
		 11   69  3973.15  3977.14746   8775.5733   4.0  1  1
		 12   70   201.89  205.891449   8782.7156   4.0  1  1
		 12   70   961.12  965.121521   8760.4496   4.0  1  1
		 12   70  1823.34  1827.33569   8734.0234   4.0  1  1
		 12   70  2055.74  2059.73926   8724.3761   4.0  1  1
		 12   70  2445.62  2449.61523   8710.4142   4.0  1  1
		 12   70  2477.85  2481.84863   8709.2341   4.0  1  1
		 12   70  3044.58  3048.58008    8687.848   4.0  1  1
		 12   70  3838.60  3842.60156    8655.876   4.0  1  1
	offset	58

# Thu 17:02:00 29-Jul-2004
begin	ecidentify refThAr_UVES_860_l_2048x4006
	id	refThAr_UVES_860_l_2048x4006
	task	ecidentify
	image	refThAr_UVES_860_l_2048x4006
	units	angstroms
	features	129
		  1   59  1584.00  1587.99597   10369.526   4.0  1  1
		  1   59  1885.01  1889.01196   10358.168   4.0  1  1
		  1   59  2089.90   2093.8999   10349.048   4.0  1  1
		  1   59  2832.99  2836.98975   10316.891   4.0  1  1
		  1   59  3005.62  3009.61621   10308.544   4.0  1  1
		  1   59  3561.15  3565.15259   10283.116   4.0  1  1
		  2   60   149.26  153.256714   10247.557   4.0  1  1
		  2   60   499.31  503.311462   10236.028   4.0  1  1
		  2   60  1003.48  1007.47913   10218.433   4.0  1  1
		  2   60  1117.72   1121.7179   10214.438   4.0  1  1
		  2   60  1193.32  1197.31714   10211.533   4.0  1  1
		  2   60  1796.99  1800.98877   10188.416   4.0  1  1
		  2   60  2003.60  2007.60071   10180.594   4.0  1  1
		  2   60  2043.44  2047.44421    10178.52   4.0  1  1
		  2   60  2129.24  2133.24072   10175.008   4.0  1  1
		  2   60  2914.71  2918.70581   10141.397   4.0  1  1
		  2   60  2936.24  2940.24316   10140.431   4.0  1  1
		  2   60  3089.09  3093.09351   10133.566   4.0  1  1
		  2   60  3427.76  3431.75562    10117.99   4.0  1  1
		  2   60  3564.02  3568.01758   10111.874   4.0  1  1
		  3   61    16.47  20.4692764   10083.785   4.0  1  1
		  3   61    45.81  49.8062477   10082.879   4.0  1  1
		  3   61   152.14  156.135605   10079.541   4.0  1  1
		  3   61   854.30    858.2995   10056.209   4.0  1  1
		  3   61  1161.96  1165.95789   10045.313   4.0  1  1
		  3   61  1324.74  1328.74036   10039.364   4.0  1  1
		  3   61  1385.03  1389.02527   10037.119   4.0  1  1
		  3   61  1489.72  1493.72485   10033.222   4.0  1  1
		  3   61  2051.13  2055.12573   10011.396   4.0  1  1
		  3   61  2356.01  2360.01172     9998.96   4.0  1  1
		  3   61  2478.47  2482.47095    9993.863   4.0  1  1
		  3   61  2507.44  2511.43823    9992.648   4.0  1  1
		  3   61  2571.76  2575.76392    9989.938   4.0  1  1
		  3   61  2625.92  2629.91797    9987.635   4.0  1  1
		  3   61  2686.49  2690.49463     9985.05   4.0  1  1
		  3   61  3021.52  3025.51953    9970.463   4.0  1  1
		  3   61  3177.82  3181.82202    9963.491   4.0  1  1
		  3   61  3623.46  3627.45557    9943.064   4.0  1  1
		  4   62   180.66  184.658875     9916.12   4.0  1  1
		  4   62   305.72  309.724426     9912.12   4.0  1  1
		  4   62   609.05  613.049011    9902.356   4.0  1  1
		  4   62   728.92   732.92157    9898.354   4.0  1  1
		  4   62   797.15  801.154724    9896.048   4.0  1  1
		  4   62  1425.27  1429.27295    9873.815   4.0  1  1
		  4   62  1458.06  1462.06006     9872.63   4.0  1  1
		  4   62  1474.82  1478.82227    9871.995   4.0  1  1
		  4   62  1557.88  1561.88306    9868.921   4.0  1  1
		  4   62  1585.03  1589.03052    9867.891   4.0  1  1
		  4   62  1656.08  1660.07556    9865.449   4.0  1  1
		  4   62  1672.62  1676.62158    9864.598   4.0  1  1
		  4   62  1903.63  1907.62817    9855.742   4.0  1  1
		  4   62  2158.91  2162.91382    9845.684   4.0  1  1
		  4   62  2461.23  2465.22778    9833.423   4.0  1  1
		  4   62  2503.48  2507.48047    9831.669   4.0  1  1
		  4   62  2629.00  2632.99756    9826.449   4.0  1  1
		  4   62  2800.95  2804.94507    9819.178   4.0  1  1
		  4   62  2951.77  2955.77002    9812.697   4.0  1  1
		  4   62  3302.66   3306.6604    9797.245   4.0  1  1
		  4   62  3326.30   3330.2981      9796.2   4.0  1  1
		  4   62  3905.33  3909.33398    9769.535   4.0  1  1
		  5   63   232.54  236.543655     9757.22   4.0  1  1
		  5   63   348.88  352.876038    9753.592   4.0  1  1
		  5   63   571.72  575.716309    9746.463   4.0  1  1
		  5   63   663.24  667.239441    9743.562   4.0  1  1
		  5   63   880.85  884.852966    9736.213   4.0  1  1
		  5   63  1387.96  1391.96472    9718.492   4.0  1  1
		  5   63  1453.10  1457.10461    9716.142   4.0  1  1
		  5   63  2254.31  2258.31226    9685.677   4.0  1  1
		  5   63  2524.58  2528.57788    9674.791   4.0  1  1
		  5   63  2793.47  2797.47314    9663.644   4.0  1  1
		  5   63  3267.32  3271.31519    9643.319   4.0  1  1
		  5   63  3547.88  3551.87939    9630.744   4.0  1  1
		  5   63  3576.13  3580.12671   9629.5693   4.0  1  1
		  5   63  3672.50  3676.49756    9625.198   4.0  1  1
		  5   63  3795.16  3799.15771    9619.218   4.0  1  1
		  6   64    96.66  100.656235    9608.936   4.0  1  1
		  6   64   111.75  115.754272    9608.486   4.0  1  1
		  6   64   687.63  691.629578    9590.343   4.0  1  1
		  6   64   794.43  798.434509    9587.027   4.0  1  1
		  6   64   920.56   924.56189   9582.8133   4.0  1  1
		  6   64  1540.17  1544.17432   9561.2452   4.0  1  1
		  6   64  1904.14  1908.14331   9548.0303   4.0  1  1
		  6   64  3089.09  3093.09131   9500.2999   4.0  1  1
		  6   64  3161.98  3165.98437   9497.1891   4.0  1  1
		  6   64  3201.44  3205.43945   9495.4979   4.0  1  1
		  6   64  3399.09  3403.09473   9486.9256   4.0  1  1
		  6   64  3764.14  3768.14453   9470.6819   4.0  1  1
		  7   65   296.29  300.288025   9455.2023   4.0  1  1
		  7   65  1543.17   1547.1665   9414.0886   4.0  1  1
		  7   65  2179.95   2183.9519   9390.5852   4.0  1  1
		  7   65  2223.09  2227.09424   9388.9308   4.0  1  1
		  7   65  3405.96   3409.9585   9340.7053   4.0  1  1
		  7   65  3925.57  3929.57227   9317.7296   4.0  1  1
		  8   66    25.68  29.6828175    9320.071   4.0  1  1
		  8   66   101.91  105.908516   9317.7296   4.0  1  1
		  8   66   432.33  436.331238   9307.8956   4.0  1  1
		  8   66  1552.19  1556.19373    9271.181   4.0  1  1
		  8   66  1581.45  1585.45068   9270.1501   4.0  1  1
		  8   66  3182.54  3186.53784   9208.5811   4.0  1  1
		  8   66  3536.79  3540.78882   9193.5928   4.0  1  1
		  8   66  3675.96  3679.96021   9187.5654   4.0  1  1
		  9   67    99.49   103.49411   9178.7795   4.0  1  1
		  9   67  1326.23  1330.22656   9140.5559   4.0  1  1
		  9   67  2426.13  2430.12549    9101.083   4.0  1  1
		  9   67  3913.82  3917.81836   9040.1229   4.0  1  1
		  9   67  3964.48  3968.47949   9037.8938   4.0  1  1
		 10   68    45.97  49.9701233   9045.3532   4.0  1  1
		 10   68   230.40  234.401169   9040.1229   4.0  1  1
		 10   68   279.64  283.639008   9038.6911   4.0  1  1
		 10   68   307.35  311.348907   9037.8938   4.0  1  1
		 10   68  1006.27  1010.26935   9016.5903   4.0  1  1
		 10   68  2060.46  2064.46265    8980.739   4.0  1  1
		 10   68  3086.16   3090.1582   8941.6608   4.0  1  1
		 10   68  3828.79  3832.79297   8910.8566   4.0  1  1
		 11   69   169.85  173.846954   8910.8566   4.0  1  1
		 11   69   779.48  783.476196   8892.9865   4.0  1  1
		 11   69  1764.57  1768.56616    8860.976   4.0  1  1
		 11   69  2630.80  2634.79834   8829.6938   4.0  1  1
		 11   69  3432.87  3436.86548    8798.172   4.0  1  1
		 11   69  3581.88  3585.87769   8792.0572   4.0  1  1
		 11   69  3973.15  3977.14746   8775.5733   4.0  1  1
		 12   70   201.89  205.891449   8782.7156   4.0  1  1
		 12   70   961.12  965.121521   8760.4496   4.0  1  1
		 12   70  1823.34  1827.33569   8734.0234   4.0  1  1
		 12   70  2055.74  2059.73926   8724.3761   4.0  1  1
		 12   70  2445.62  2449.61523   8710.4142   4.0  1  1
		 12   70  2477.85  2481.84863   8709.2341   4.0  1  1
		 12   70  3044.58  3048.58008    8687.848   4.0  1  1
		 12   70  3838.60  3842.60156    8655.876   4.0  1  1
	offset	58

# Thu 17:11:28 29-Jul-2004
begin	ecidentify refThAr_UVES_860_l_2048x4006
	id	refThAr_UVES_860_l_2048x4006
	task	ecidentify
	image	refThAr_UVES_860_l_2048x4006
	units	angstroms
	features	188
		  1   59  1584.00  10369.5176   10369.526   4.0  1  1
		  1   59  2089.90  10349.0529   10349.048   4.0  1  1
		  1   59  2832.99  10316.9229   10316.891   4.0  1  1
		  1   59  3561.15  10283.1034   10283.116   4.0  1  1
		  2   60   149.26  10247.5485   10247.557   4.0  1  1
		  2   60   499.31  10236.0286   10236.028   4.0  1  1
		  2   60  1003.48  10218.4399   10218.433   4.0  1  1
		  2   60  1193.32  10211.5153   10211.533   4.0  1  1
		  2   60  1796.99  10188.4141   10188.416   4.0  1  1
		  2   60  2043.44   10178.515    10178.52   4.0  1  1
		  2   60  2129.24  10175.0056   10175.008   4.0  1  1
		  2   60  2914.71  10141.3837   10141.397   4.0  1  1
		  2   60  2936.24  10140.4246   10140.431   4.0  1  1
		  2   60  3089.09   10133.558   10133.566   4.0  1  1
		  2   60  3427.76  10117.9896    10117.99   4.0  1  1
		  3   61    16.47  10083.7881   10083.785   4.0  1  1
		  3   61    45.81  10082.8774   10082.879   4.0  1  1
		  3   61   152.14  10079.5437   10079.541   4.0  1  1
		  3   61   854.30  10056.2307   10056.209   4.0  1  1
		  3   61  1161.96  10045.3126   10045.313   4.0  1  1
		  3   61  1324.74  10039.3646   10039.364   4.0  1  1
		  3   61  1385.03  10037.1317   10037.119   4.0  1  1
		  3   61  1489.72   10033.216   10033.222   4.0  1  1
		  3   61  2051.13  10011.3945   10011.396   4.0  1  1
		  3   61  2356.01  9998.96831     9998.96   4.0  1  1
		  3   61  2478.47  9993.86418    9993.863   4.0  1  1
		  3   61  2507.44  9992.64729    9992.648   4.0  1  1
		  3   61  2571.76  9989.93265    9989.938   4.0  1  1
		  3   61  2625.92  9987.63309    9987.635   4.0  1  1
		  3   61  2686.49  9985.04652     9985.05   4.0  1  1
		  3   61  3021.52  9970.45775    9970.463   4.0  1  1
		  3   61  3177.82  9963.48943    9963.491   4.0  1  1
		  3   61  3623.46  9943.06013    9943.064   4.0  1  1
		  4   62   609.05   9902.3632    9902.356   4.0  1  1
		  4   62   728.92  9898.35661    9898.354   4.0  1  1
		  4   62   797.15  9896.04749    9896.048   4.0  1  1
		  4   62  1425.27  9873.82335    9873.815   4.0  1  1
		  4   62  1458.06  9872.61562     9872.63   4.0  1  1
		  4   62  1474.82   9871.9965    9871.995   4.0  1  1
		  4   62  1557.88  9868.91018    9868.921   4.0  1  1
		  4   62  1585.03  9867.89484    9867.891   4.0  1  1
		  4   62  1672.62  9864.59739    9864.598   4.0  1  1
		  4   62  1903.63  9855.74145    9855.742   4.0  1  1
		  4   62  2158.91  9845.68801    9845.684   4.0  1  1
		  4   62  2461.23  9833.42215    9833.423   4.0  1  1
		  4   62  2503.48  9831.67706    9831.669   4.0  1  1
		  4   62  2629.00  9826.44812    9826.449   4.0  1  1
		  4   62  2800.95  9819.17729    9819.178   4.0  1  1
		  4   62  2951.77  9812.69789    9812.697   4.0  1  1
		  4   62  3302.66  9797.25671    9797.245   4.0  1  1
		  4   62  3326.30  9796.19808      9796.2   4.0  1  1
		  4   62  3905.33   9769.5525    9769.535   4.0  1  1
		  5   63   232.54  9757.22484     9757.22   4.0  1  1
		  5   63   348.88   9753.5905    9753.592   4.0  1  1
		  5   63   571.72  9746.46215    9746.463   4.0  1  1
		  5   63   880.85  9736.21214    9736.213   4.0  1  1
		  5   63  1387.96  9718.49651    9718.492   4.0  1  1
		  5   63  1453.10  9716.14037    9716.142   4.0  1  1
		  5   63  2254.31  9685.68009    9685.677   4.0  1  1
		  5   63  2524.58  9674.79392    9674.791   4.0  1  1
		  5   63  2768.72   9664.6986   9664.6983   4.0  1  1
		  5   63  2793.47  9663.66124    9663.644   4.0  1  1
		  5   63  3267.32  9643.31638    9643.319   4.0  1  1
		  5   63  3507.78  9632.64079   9632.6439   4.0  1  1
		  5   63  3576.13  9629.56389   9629.5693   4.0  1  1
		  5   63  3672.50  9625.19287    9625.198   4.0  1  1
		  6   64    96.66   9608.9383    9608.936   4.0  1  1
		  6   64   111.75  9608.48638    9608.486   4.0  1  1
		  6   64   794.43  9587.00407    9587.027   4.0  1  1
		  6   64   920.56  9582.81449   9582.8133   4.0  1  1
		  6   64  1540.17  9561.24641   9561.2452   4.0  1  1
		  6   64  2221.60  9535.65702   9535.6566   4.0  1  1
		  6   64  2895.60  9508.45395   9508.4513   4.0  1  1
		  6   64  2968.61  9505.39553    9505.393   4.0  1  1
		  6   64  3089.09  9500.30164   9500.2999   4.0  1  1
		  6   64  3161.98  9497.19105   9497.1891   4.0  1  1
		  6   64  3201.44  9495.49842   9495.4979   4.0  1  1
		  6   64  3399.09  9486.92494   9486.9256   4.0  1  1
		  6   64  3670.95  9474.87674   9474.8793   4.0  1  1
		  6   64  3764.14  9470.67877   9470.6819   4.0  1  1
		  6   64  3840.92   9467.1943   9467.1954   4.0  1  1
		  6   64  3975.24  9461.04225   9461.0279   4.0  1  1
		  7   65   101.59  9461.02543   9461.0279   4.0  1  1
		  7   65   296.29  9455.20279   9455.2023   4.0  1  1
		  7   65  1036.14  9431.59963   9431.5996   4.0  1  1
		  7   65  1361.80   9420.4771   9420.4985   4.0  1  1
		  7   65  1543.17   9414.0902   9414.0886   4.0  1  1
		  7   65  1675.31  9409.35085   9409.3488   4.0  1  1
		  7   65  1954.80  9399.08857   9399.0891   4.0  1  1
		  7   65  2179.95  9390.58749   9390.5852   4.0  1  1
		  7   65  2223.09  9388.93489   9388.9308   4.0  1  1
		  7   65  2369.36  9383.27535   9383.2722   4.0  1  1
		  7   65  3405.96  9340.69184   9340.7053   4.0  1  1
		  7   65  3925.57  9317.73839   9317.7296   4.0  1  1
		  8   66   101.91  9317.72577   9317.7296   4.0  1  1
		  8   66   432.33   9307.8954   9307.8956   4.0  1  1
		  8   66   951.16  9291.53299   9291.5313   4.0  1  1
		  8   66  1011.29  9289.56412   9289.5624   4.0  1  1
		  8   66  1405.90  9276.27092   9276.2732   4.0  1  1
		  8   66  1552.19  9271.18002    9271.181   4.0  1  1
		  8   66  1581.45  9270.15121   9270.1501   4.0  1  1
		  8   66  1672.69  9266.92074   9266.9198   4.0  1  1
		  8   66  1692.70  9266.20754    9266.207   4.0  1  1
		  8   66  2717.83  9227.50949   9227.5119   4.0  1  1
		  8   66  3182.54  9208.58388   9208.5811   4.0  1  1
		  8   66  3292.96  9203.96204   9203.9617   4.0  1  1
		  8   66  3512.36  9194.63659   9194.6385   4.0  1  1
		  8   66  3536.79  9193.58655   9193.5928   4.0  1  1
		  8   66  3675.96  9187.56087   9187.5654   4.0  1  1
		  8   66  3875.79   9178.7777   9178.7795   4.0  1  1
		  9   67    99.49  9178.77897   9178.7795   4.0  1  1
		  9   67   535.86  9165.89496    9165.895   4.0  1  1
		  9   67   757.99  9159.03314   9159.0346   4.0  1  1
		  9   67  1326.23  9140.55779   9140.5559   4.0  1  1
		  9   67  1498.62  9134.69274   9134.6919   4.0  1  1
		  9   67  2263.53  9107.22703   9107.2269   4.0  1  1
		  9   67  2426.13  9101.08773    9101.083   4.0  1  1
		  9   67  2589.01  9094.83343   9094.8289   4.0  1  1
		  9   67  2692.08  9090.82183   9090.8186   4.0  1  1
		  9   67  3078.85  9075.39723   9075.3945   4.0  1  1
		  9   67  3258.77  9068.02344    9068.023   4.0  1  1
		  9   67  3356.68  9063.95792     9063.96   4.0  1  1
		  9   67  3390.06  9062.56368   9062.5631   4.0  1  1
		  9   67  3605.19  9053.47427   9053.4858   4.0  1  1
		  9   67  3727.14  9048.24275   9048.2501   4.0  1  1
		  9   67  3794.05  9045.34822   9045.3532   4.0  1  1
		  9   67  3913.82  9040.12458   9040.1229   4.0  1  1
		  9   67  3964.48  9037.89866   9037.8938   4.0  1  1
		 10   68    45.96  9045.35131   9045.3532   4.0  1  1
		 10   68   230.40  9040.12051   9040.1229   4.0  1  1
		 10   68   279.64  9038.70035   9038.6911   4.0  1  1
		 10   68   307.35  9037.89677   9037.8938   4.0  1  1
		 10   68   375.07  9035.91977   9035.9195   4.0  1  1
		 10   68   513.43  9031.82186   9031.8194   4.0  1  1
		 10   68   974.84  9017.59253   9017.5912   4.0  1  1
		 10   68  1006.27  9016.59197   9016.5903   4.0  1  1
		 10   68  1132.71  9012.52628   9012.5263   4.0  1  1
		 10   68  1257.25  9008.45876   9008.4636   4.0  1  1
		 10   68  1874.04  8987.40146   8987.4079   4.0  1  1
		 10   68  2060.46  8980.74032    8980.739   4.0  1  1
		 10   68  2356.85  8969.86878   8969.8667   4.0  1  1
		 10   68  2416.41  8967.64264   8967.6403   4.0  1  1
		 10   68  2561.79   8962.1511   8962.1468   4.0  1  1
		 10   68  2726.04  8955.84797   8955.8467   4.0  1  1
		 10   68  2898.34  8949.12423   8949.1227   4.0  1  1
		 10   68  3086.16  8941.66429   8941.6608   4.0  1  1
		 10   68  3608.78  8920.19812   8920.2012   4.0  1  1
		 10   68  3828.79  8910.85218   8910.8566   4.0  1  1
		 10   68  3949.15  8905.66224   8905.6581   4.0  1  1
		 11   69   169.85  8910.85856   8910.8566   4.0  1  1
		 11   69   352.61  8905.65828   8905.6581   4.0  1  1
		 11   69   569.90   8899.2998   8899.2971   4.0  1  1
		 11   69   779.48  8892.98724   8892.9865   4.0  1  1
		 11   69   902.67   8889.1944   8889.1939   4.0  1  1
		 11   69  1340.31  8875.23268   8875.2324   4.0  1  1
		 11   69  1533.34  8868.83371   8868.8334   4.0  1  1
		 11   69  1764.57  8860.97615    8860.976   4.0  1  1
		 11   69  2080.52  8849.90224   8849.9165   4.0  1  1
		 11   69  2297.41   8842.0765   8842.0744   4.0  1  1
		 11   69  2321.81  8841.18459   8841.1822   4.0  1  1
		 11   69  2630.80  8829.69403   8829.6938   4.0  1  1
		 11   69  2942.26   8817.7426   8817.7431   4.0  1  1
		 11   69  3274.54  8804.58701   8804.5894   4.0  1  1
		 11   69  3410.52  8799.08347   8799.0875   4.0  1  1
		 11   69  3432.87  8798.17233    8798.172   4.0  1  1
		 11   69  3581.88  8792.04971   8792.0572   4.0  1  1
		 11   69  3761.67  8784.55229   8784.5621   4.0  1  1
		 11   69  3973.15  8775.57964   8775.5733   4.0  1  1
		 12   70   135.33  8784.55709   8784.5621   4.0  1  1
		 12   70   201.89  8782.71471   8782.7156   4.0  1  1
		 12   70   454.09  8775.57292   8775.5733   4.0  1  1
		 12   70   549.46   8772.8061   8772.8052   4.0  1  1
		 12   70   581.76  8771.86091   8771.8602   4.0  1  1
		 12   70   754.18  8766.74508    8766.745   4.0  1  1
		 12   70   920.90  8761.68706   8761.6862   4.0  1  1
		 12   70   961.12   8760.4504   8760.4496   4.0  1  1
		 12   70  1032.38  8758.24393   8758.2434   4.0  1  1
		 12   70  1318.95   8749.1693   8749.1697   4.0  1  1
		 12   70  1354.19  8748.03111   8748.0309   4.0  1  1
		 12   70  1823.34  8732.42202    8732.424   4.0  1  1
		 12   70  2055.74  8724.37558   8724.3761   4.0  1  1
		 12   70  2445.62  8710.41398   8710.4142   4.0  1  1
		 12   70  2477.85  8709.23401   8709.2341   4.0  1  1
		 12   70  3044.58  8687.84697    8687.848   4.0  1  1
		 12   70  3285.13   8678.4067   8678.4083   4.0  1  1
		 12   70  3544.82  8667.97467   8667.9442   4.0  1  1
		 12   70  3606.06  8665.47856   8665.4855   4.0  1  1
		 12   70  3838.60  8655.87463    8655.876   4.0  1  1
	offset	58
	niterate 0
	lowreject 3.
	highreject 3.
	coefficients	20
		1.
		4.
		3.
		1.
		1.
		4006.
		59.
		70.
		610553.0943043872
		-4871.099481687531
		-267.2669240690383
		2.522984063186588
		12.95567058452209
		-10.91331765012901
		-1.552068985393266
		-0.3814484417513524
		-0.4111436462264446
		1.326776469450715
		0.2975513634528388
		0.1607898347666772

# Thu 17:22:01 29-Jul-2004
begin	ecidentify refThAr_UVES_860_l_2048x4006
	id	refThAr_UVES_860_l_2048x4006
	task	ecidentify
	image	refThAr_UVES_860_l_2048x4006
	units	angstroms
	features	185
		  1   59  1584.00  10369.5188   10369.526   4.0  1  1
		  1   59  2089.90  10349.0534   10349.048   4.0  1  1
		  1   59  2832.99  10316.9232   10316.891   4.0  1  1
		  1   59  3561.15  10283.1058   10283.116   4.0  1  1
		  2   60   149.26  10247.5485   10247.557   4.0  1  1
		  2   60   499.31   10236.029   10236.028   4.0  1  1
		  2   60  1003.48  10218.4404   10218.433   4.0  1  1
		  2   60  1193.32  10211.5159   10211.533   4.0  1  1
		  2   60  1796.99  10188.4143   10188.416   4.0  1  1
		  2   60  2043.44  10178.5151    10178.52   4.0  1  1
		  2   60  2129.24  10175.0057   10175.008   4.0  1  1
		  2   60  2914.71  10141.3839   10141.397   4.0  1  1
		  2   60  2936.24  10140.4248   10140.431   4.0  1  1
		  2   60  3089.09  10133.5584   10133.566   4.0  1  1
		  2   60  3427.76  10117.9905    10117.99   4.0  1  1
		  3   61    16.47  10083.7879   10083.785   4.0  1  1
		  3   61    45.81  10082.8772   10082.879   4.0  1  1
		  3   61   152.14  10079.5435   10079.541   4.0  1  1
		  3   61   854.30  10056.2303   10056.209   4.0  1  1
		  3   61  1161.96  10045.3122   10045.313   4.0  1  1
		  3   61  1324.74  10039.3642   10039.364   4.0  1  1
		  3   61  1385.03  10037.1313   10037.119   4.0  1  1
		  3   61  1489.72  10033.2156   10033.222   4.0  1  1
		  3   61  2051.13  10011.3942   10011.396   4.0  1  1
		  3   61  2356.01  9998.96809     9998.96   4.0  1  1
		  3   61  2478.47    9993.864    9993.863   4.0  1  1
		  3   61  2507.44  9992.64712    9992.648   4.0  1  1
		  3   61  2571.76  9989.93251    9989.938   4.0  1  1
		  3   61  2625.92  9987.63297    9987.635   4.0  1  1
		  3   61  2686.49  9985.04643     9985.05   4.0  1  1
		  3   61  3021.52  9970.45783    9970.463   4.0  1  1
		  3   61  3177.82  9963.48959    9963.491   4.0  1  1
		  3   61  3623.46  9943.06061    9943.064   4.0  1  1
		  4   62   609.05  9902.36227    9902.356   4.0  1  1
		  4   62   728.92   9898.3556    9898.354   4.0  1  1
		  4   62   797.15  9896.04645    9896.048   4.0  1  1
		  4   62  1425.27  9873.82235    9873.815   4.0  1  1
		  4   62  1458.06  9872.61464     9872.63   4.0  1  1
		  4   62  1474.82  9871.99553    9871.995   4.0  1  1
		  4   62  1557.88  9868.90925    9868.921   4.0  1  1
		  4   62  1585.03  9867.89393    9867.891   4.0  1  1
		  4   62  1672.62  9864.59653    9864.598   4.0  1  1
		  4   62  1903.63  9855.74075    9855.742   4.0  1  1
		  4   62  2158.91  9845.68751    9845.684   4.0  1  1
		  4   62  2461.23  9833.42186    9833.423   4.0  1  1
		  4   62  2503.48   9831.6768    9831.669   4.0  1  1
		  4   62  2629.00  9826.44794    9826.449   4.0  1  1
		  4   62  2800.95   9819.1772    9819.178   4.0  1  1
		  4   62  2951.77  9812.69785    9812.697   4.0  1  1
		  4   62  3302.66  9797.25669    9797.245   4.0  1  1
		  4   62  3326.30  9796.19805      9796.2   4.0  1  1
		  4   62  3905.33    9769.552    9769.535   4.0  1  1
		  5   63   232.54  9757.22421     9757.22   4.0  1  1
		  5   63   348.88  9753.58959    9753.592   4.0  1  1
		  5   63   571.72  9746.46085    9746.463   4.0  1  1
		  5   63   880.85  9736.21059    9736.213   4.0  1  1
		  5   63  1387.96  9718.49506    9718.492   4.0  1  1
		  5   63  1453.10  9716.13897    9716.142   4.0  1  1
		  5   63  2254.31  9685.67955    9685.677   4.0  1  1
		  5   63  2524.58  9674.79365    9674.791   4.0  1  1
		  5   63  2768.72  9664.69839   9664.6983   4.0  1  1
		  5   63  2793.47  9663.66116    9663.644   4.0  1  1
		  5   63  3267.32  9643.31627    9643.319   4.0  1  1
		  5   63  3507.78  9632.64064   9632.6439   4.0  1  1
		  5   63  3576.13  9629.56327   9629.5693   4.0  1  1
		  5   63  3672.50  9625.19221    9625.198   4.0  1  1
		  6   64    96.66   9608.9381    9608.936   4.0  1  1
		  6   64   111.75  9608.48612    9608.486   4.0  1  1
		  6   64   920.56  9582.81264   9582.8133   4.0  1  1
		  6   64  1540.17  9561.24503   9561.2452   4.0  1  1
		  6   64  2221.60  9535.65656   9535.6566   4.0  1  1
		  6   64  2895.60    9508.454   9508.4513   4.0  1  1
		  6   64  2968.61  9505.39572    9505.393   4.0  1  1
		  6   64  3089.09  9500.30166   9500.2999   4.0  1  1
		  6   64  3161.98  9497.19123   9497.1891   4.0  1  1
		  6   64  3201.44  9495.49839   9495.4979   4.0  1  1
		  6   64  3399.09  9486.92471   9486.9256   4.0  1  1
		  6   64  3670.95  9474.87582   9474.8793   4.0  1  1
		  6   64  3764.14  9470.67771   9470.6819   4.0  1  1
		  6   64  3840.92  9467.19291   9467.1954   4.0  1  1
		  6   64  3975.24  9461.04032   9461.0279   4.0  1  1
		  7   65   101.59  9461.02541   9461.0279   4.0  1  1
		  7   65   296.29   9455.2019   9455.2023   4.0  1  1
		  7   65  1036.14  9431.59778   9431.5996   4.0  1  1
		  7   65  1543.17   9414.0886   9414.0886   4.0  1  1
		  7   65  1675.31  9409.34938   9409.3488   4.0  1  1
		  7   65  1954.80  9399.08745   9399.0891   4.0  1  1
		  7   65  2179.95  9390.58692   9390.5852   4.0  1  1
		  7   65  2223.09  9388.93447   9388.9308   4.0  1  1
		  7   65  2369.36  9383.27514   9383.2722   4.0  1  1
		  7   65  3405.96  9340.69169   9340.7053   4.0  1  1
		  7   65  3925.57  9317.73689   9317.7296   4.0  1  1
		  8   66   101.91  9317.72569   9317.7296   4.0  1  1
		  8   66   432.33  9307.89423   9307.8956   4.0  1  1
		  8   66   951.16  9291.53128   9291.5313   4.0  1  1
		  8   66  1011.29   9289.5623   9289.5624   4.0  1  1
		  8   66  1405.90  9276.26939   9276.2732   4.0  1  1
		  8   66  1552.19  9271.17852    9271.181   4.0  1  1
		  8   66  1581.45  9270.14975   9270.1501   4.0  1  1
		  8   66  1672.69  9266.91931   9266.9198   4.0  1  1
		  8   66  1692.70  9266.20629    9266.207   4.0  1  1
		  8   66  2717.83  9227.50965   9227.5119   4.0  1  1
		  8   66  3182.54  9208.58428   9208.5811   4.0  1  1
		  8   66  3292.96   9203.9622   9203.9617   4.0  1  1
		  8   66  3512.36  9194.63664   9194.6385   4.0  1  1
		  8   66  3536.79  9193.58661   9193.5928   4.0  1  1
		  8   66  3675.96  9187.56066   9187.5654   4.0  1  1
		  8   66  3875.79  9178.77676   9178.7795   4.0  1  1
		  9   67    99.49  9178.77903   9178.7795   4.0  1  1
		  9   67   535.86  9165.89383    9165.895   4.0  1  1
		  9   67   757.99  9159.03175   9159.0346   4.0  1  1
		  9   67  1326.23  9140.55632   9140.5559   4.0  1  1
		  9   67  1498.62  9134.69143   9134.6919   4.0  1  1
		  9   67  2263.53  9107.22662   9107.2269   4.0  1  1
		  9   67  2426.13  9101.08775    9101.083   4.0  1  1
		  9   67  2589.01  9094.83358   9094.8289   4.0  1  1
		  9   67  2692.08  9090.82202   9090.8186   4.0  1  1
		  9   67  3078.85  9075.39775   9075.3945   4.0  1  1
		  9   67  3258.77  9068.02413    9068.023   4.0  1  1
		  9   67  3356.68  9063.95885     9063.96   4.0  1  1
		  9   67  3390.06  9062.56443   9062.5631   4.0  1  1
		  9   67  3605.19  9053.47466   9053.4858   4.0  1  1
		  9   67  3727.14   9048.2431   9048.2501   4.0  1  1
		  9   67  3794.05  9045.34854   9045.3532   4.0  1  1
		  9   67  3913.82  9040.12459   9040.1229   4.0  1  1
		  9   67  3964.48  9037.89855   9037.8938   4.0  1  1
		 10   68    45.96  9045.35173   9045.3532   4.0  1  1
		 10   68   230.40  9040.12035   9040.1229   4.0  1  1
		 10   68   279.64  9038.70007   9038.6911   4.0  1  1
		 10   68   307.35  9037.89643   9037.8938   4.0  1  1
		 10   68   375.07  9035.91917   9035.9195   4.0  1  1
		 10   68   513.43  9031.82109   9031.8194   4.0  1  1
		 10   68   974.84  9017.59147   9017.5912   4.0  1  1
		 10   68  1006.27  9016.59083   9016.5903   4.0  1  1
		 10   68  1132.71  9012.52512   9012.5263   4.0  1  1
		 10   68  1257.25  9008.45768   9008.4636   4.0  1  1
		 10   68  1874.04  8987.40089   8987.4079   4.0  1  1
		 10   68  2060.46  8980.74003    8980.739   4.0  1  1
		 10   68  2356.85  8969.86898   8969.8667   4.0  1  1
		 10   68  2416.41    8967.643   8967.6403   4.0  1  1
		 10   68  2561.79   8962.1516   8962.1468   4.0  1  1
		 10   68  2726.04  8955.84877   8955.8467   4.0  1  1
		 10   68  2898.34  8949.12497   8949.1227   4.0  1  1
		 10   68  3086.16  8941.66539   8941.6608   4.0  1  1
		 10   68  3608.78  8920.19964   8920.2012   4.0  1  1
		 10   68  3828.79  8910.85355   8910.8566   4.0  1  1
		 10   68  3949.15  8905.66358   8905.6581   4.0  1  1
		 11   69   169.85  8910.85881   8910.8566   4.0  1  1
		 11   69   352.61  8905.65827   8905.6581   4.0  1  1
		 11   69   569.90  8899.29958   8899.2971   4.0  1  1
		 11   69   779.48  8892.98671   8892.9865   4.0  1  1
		 11   69   902.67    8889.194   8889.1939   4.0  1  1
		 11   69  1340.31  8875.23216   8875.2324   4.0  1  1
		 11   69  1533.34  8868.83343   8868.8334   4.0  1  1
		 11   69  1764.57  8860.97592    8860.976   4.0  1  1
		 11   69  2080.52  8849.90237   8849.9165   4.0  1  1
		 11   69  2297.41  8842.07677   8842.0744   4.0  1  1
		 11   69  2321.81  8841.18504   8841.1822   4.0  1  1
		 11   69  2630.80  8829.69484   8829.6938   4.0  1  1
		 11   69  2942.26  8817.74384   8817.7431   4.0  1  1
		 11   69  3274.54  8804.58887   8804.5894   4.0  1  1
		 11   69  3410.52  8799.08565   8799.0875   4.0  1  1
		 11   69  3432.87   8798.1745    8798.172   4.0  1  1
		 11   69  3581.88  8792.05204   8792.0572   4.0  1  1
		 11   69  3761.67  8784.55482   8784.5621   4.0  1  1
		 11   69  3973.15  8775.58275   8775.5733   4.0  1  1
		 12   70   135.33  8784.55773   8784.5621   4.0  1  1
		 12   70   201.89  8782.71525   8782.7156   4.0  1  1
		 12   70   454.09  8775.57328   8775.5733   4.0  1  1
		 12   70   549.46   8772.8065   8772.8052   4.0  1  1
		 12   70   581.76  8771.86126   8771.8602   4.0  1  1
		 12   70   754.18  8766.74556    8766.745   4.0  1  1
		 12   70   920.90  8761.68733   8761.6862   4.0  1  1
		 12   70   961.12  8760.45068   8760.4496   4.0  1  1
		 12   70  1032.38  8758.24405   8758.2434   4.0  1  1
		 12   70  1318.95  8749.16946   8749.1697   4.0  1  1
		 12   70  1354.19  8748.03142   8748.0309   4.0  1  1
		 12   70  1823.34   8732.4222    8732.424   4.0  1  1
		 12   70  2055.74  8724.37604   8724.3761   4.0  1  1
		 12   70  2445.62  8710.41484   8710.4142   4.0  1  1
		 12   70  2477.85  8709.23491   8709.2341   4.0  1  1
		 12   70  3044.58  8687.84895    8687.848   4.0  1  1
		 12   70  3285.13  8678.40919   8678.4083   4.0  1  1
		 12   70  3606.06  8665.48218   8665.4855   4.0  1  1
		 12   70  3838.60  8655.87937    8655.876   4.0  1  1
	offset	58
	niterate 0
	lowreject 3.
	highreject 3.
	coefficients	20
		1.
		4.
		3.
		1.
		1.
		4006.
		59.
		70.
		610553.1189593394
		-4871.040585653036
		-267.2291882379539
		2.514639959966655
		12.96957723328471
		-10.88464289567901
		-1.533789690683787
		-0.4133027669262638
		-0.3285412563740089
		1.390143171820277
		0.3328625057466676
		0.2201232520090711

