# Tue 19:28:16 09-Mar-2004
begin	identify refThAr_CES_6150_282x4096 - Ap 1
	id	refThAr_CES_6150_282x4096
	task	identify
	image	refThAr_CES_6150_282x4096 - Ap 1
	aperture	1
	aplow	94.87
	aphigh	192.36
	units	Angstroms
	features	10
	         78.84 78.8446045  6129.5458   7.0 1 1 
	        920.04 920.038513   6137.926   7.0 1 1 
	        993.42 993.419556  6138.6465   7.0 1 1 
	       1680.83  1680.8313  6145.4411   7.0 1 1 
	       2215.01 2215.01147   6150.683   7.0 1 1 
	       2561.71 2561.71069  6154.0682   7.0 1 1 
	       2717.05 2717.05444   6155.581   7.0 1 1 
	       3312.39 3312.38696  6161.3534   7.0 1 1 
	       3396.94 3396.93701    6162.17   7.0 1 1 
	       3636.53 3636.52783  6164.4796   7.0 1 1 

# Tue 19:33:10 09-Mar-2004
begin	identify refThAr_CES_6150_282x4096 - Ap 1
	id	refThAr_CES_6150_282x4096
	task	identify
	image	refThAr_CES_6150_282x4096 - Ap 1
	aperture	1
	aplow	94.87
	aphigh	192.36
	units	Angstroms
	features	17
	         78.84 6129.54602  6129.5458   7.0 1 1 
	        506.40 6133.81411  6133.8143   7.0 1 1 
	        920.04 6137.92566   6137.926   7.0 1 1 
	       1611.34 6144.75773  6144.7581   7.0 1 1 
	       1680.83  6145.4418  6145.4411   7.0 1 1 
	       2215.01 6150.68285   6150.683   7.0 1 1 
	       2349.07 6151.99339  6151.9929   7.0 1 1 
	       2561.71 6154.06813  6154.0682   7.0 1 1 
	       2607.68 6154.51607  6154.5162   7.0 1 1 
	       2681.95 6155.23915  6155.2385   7.0 1 1 
	       2717.05 6155.58071   6155.581   7.0 1 1 
	       2872.07 6157.08752  6157.0878   7.0 1 1 
	       3312.39 6161.35323  6161.3534   7.0 1 1 
	       3396.94 6162.16988    6162.17   7.0 1 1 
	       3479.78 6162.96924  6162.9699   7.0 1 1 
	       3636.53 6164.47974  6164.4796   7.0 1 1 
	       3703.45 6165.12377  6165.1232   7.0 1 1 
	function legendre
	order 4
	sample *
	naverage 1
	niterate 3
	low_reject 3.
	high_reject 3.
	grow 0.
	coefficients	8
		2.
		4.
		78.8445816040039
		3703.45166015625
		6147.450908181565
		17.79020423921037
		-0.1160133493765723
		-0.001327541375843876

